15 20 245 0.8166666666666667
4 6 24 1.0
41 48 1302 0.6615853658536586
38 49 1301 0.6987110633727175
29 31 599 0.6662958843159066
30 32 635 0.6614583333333334
26 29 523 0.693633952254642
33 37 815 0.6674856674856674
27 29 530 0.6768837803320562
24 30 530 0.736111111111111
19 22 313 0.7488038277511961
38 36 807 0.5899122807017544
32 39 870 0.6971153846153846
10 12 105 0.875
6 9 53 0.9814814814814815
49 59 1901 0.6575579384296091
34 38 857 0.663312693498452
50 74 2665 0.7202702702702702
28 34 676 0.7100840336134454
36 52 1376 0.735042735042735
43 47 1280 0.6333498268184067
28 32 620 0.6919642857142857
48 22 341 0.3229166666666667
13 19 211 0.854251012145749
8 9 66 0.9166666666666666
37 10 95 0.25675675675675674
48 34 731 0.44791666666666663
21 31 515 0.7910906298003073
42 52 1481 0.678113553113553
18 18 233 0.7191358024691358
34 29 551 0.5588235294117647
19 6 45 0.3947368421052631
38 29 551 0.5
39 34 731 0.5512820512820513
15 27 350 0.8641975308641975
4 7 28 1.0
74 87 4023 0.624883504193849
35 40 935 0.6678571428571429
47 58 1823 0.6687454145267793
36 13 143 0.3055555555555556
51 15 180 0.23529411764705882
32 30 582 0.60625
36 46 1160 0.7004830917874396
23 25 404 0.7026086956521739
13 9 81 0.6923076923076923
4 5 20 1.0
14 14 151 0.7704081632653061
32 46 1094 0.7432065217391305
41 24 396 0.40243902439024387
27 15 180 0.4444444444444445
27 30 557 0.6876543209876543
31 38 827 0.7020373514431238
43 59 1796 0.7079227433977139
40 50 1370 0.685
60 44 1166 0.44166666666666665
27 33 638 0.7160493827160493
34 28 518 0.5441176470588235
16 17 206 0.7573529411764706
19 24 351 0.7697368421052632
33 42 980 0.7070707070707071
30 39 845 0.7222222222222222
35 38 865 0.650375939849624
13 15 159 0.8153846153846154
52 43 1118 0.5
59 85 3530 0.7038883349950149
28 38 788 0.7406015037593985
40 54 1530 0.7083333333333334
58 75 2919 0.6710344827586208
42 56 1649 0.7011054421768707
53 65 2269 0.6586357039187227
38 44 1111 0.6644736842105263
21 38 662 0.8295739348370927
40 64 1930 0.75390625
41 50 1384 0.6751219512195122
55 64 2245 0.6377840909090909
27 29 530 0.6768837803320562
100 100 5440 0.544
10 10 85 0.85
23 25 404 0.7026086956521739
6 9 53 0.9814814814814815
32 29 550 0.5926724137931034
20 27 420 0.7777777777777778
21 28 452 0.7687074829931974
20 26 400 0.7692307692307693
25 37 715 0.772972972972973
17 12 126 0.6176470588235294
60 100 4460 0.7433333333333333
34 39 891 0.6719457013574661
21 35 599 0.8149659863945579
24 28 482 0.7172619047619048
29 37 773 0.7204100652376514
52 60 1992 0.6384615384615384
46 55 1669 0.6596837944664031
33 41 947 0.6999260901699925
18 26 377 0.8055555555555555
50 61 2015 0.660655737704918
24 27 458 0.70679012345679
22 29 485 0.7601880877742947
28 32 620 0.6919642857142857
43 53 1538 0.6748573935936815
15 15 170 0.7555555555555556
52 79 2980 0.7254138266796495
23 21 312 0.6459627329192547
33 35 749 0.6484848484848484
42 54 1565 0.6900352733686067
42 55 1607 0.6956709956709957
30 37 785 0.7072072072072072
32 35 742 0.6625
33 43 1013 0.7138830162085976
34 53 1367 0.7586015538290788
53 38 893 0.4433962264150943
30 40 875 0.7291666666666667
56 69 2538 0.6568322981366459
6 6 35 0.9722222222222222
95 53 1643 0.32631578947368417
33 50 1244 0.7539393939393939
53 72 2640 0.6918238993710691
52 68 2408 0.6809954751131222
24 34 626 0.767156862745098
76 100 5044 0.6636842105263158
56 75 2874 0.6842857142857143
53 77 2905 0.7118353344768439
47 53 1588 0.6374949819349659
28 43 928 0.770764119601329
22 25 397 0.7218181818181819
41 65 1999 0.750093808630394
40 74 2330 0.7871621621621622
23 36 657 0.7934782608695652
27 34 665 0.724400871459695
11 17 166 0.8877005347593583
58 79 3151 0.6876909646442602
28 29 536 0.6600985221674877
19 26 389 0.7874493927125505
72 89 4130 0.6445068664169789
35 41 970 0.6759581881533101
48 59 1886 0.6659604519774011
30 46 1055 0.7644927536231884
77 82 3686 0.5837820715869496
40 59 1730 0.7330508474576272
61 47 1316 0.45901639344262296
10 15 135 0.9
28 42 900 0.7653061224489797
24 28 482 0.7172619047619048
26 38 757 0.7661943319838057
38 43 1073 0.6566707466340269
21 34 578 0.8095238095238095
20 28 440 0.7857142857142857
47 54 1635 0.6442080378250592
24 24 386 0.6701388888888888
45 50 1430 0.6355555555555555
24 33 602 0.76010101010101
26 37 731 0.75987525987526
15 17 200 0.7843137254901961
18 23 323 0.7801932367149758
8 8 58 0.90625
44 47 1288 0.6228239845261122
38 49 1301 0.6987110633727175
34 45 1095 0.7156862745098038
36 42 1016 0.671957671957672
29 29 541 0.643281807372176
19 20 275 0.7236842105263157
17 17 211 0.7301038062283737
59 73 2822 0.6552124448572092
39 43 1082 0.6451997614788313
27 23 368 0.5925925925925926
35 48 1215 0.7232142857142857
43 56 1667 0.6922757475083057
14 20 235 0.8392857142857142
51 47 1316 0.5490196078431373
30 28 515 0.6130952380952381
16 25 334 0.835
98 22 341 0.15816326530612246
54 74 2771 0.6934434434434434
37 33 693 0.5675675675675675
10 16 145 0.90625
46 57 1761 0.6716247139588101
61 15 180 0.19672131147540986
50 61 2015 0.660655737704918
19 23 332 0.7597254004576659
45 64 2060 0.7152777777777778
27 33 638 0.7160493827160493
50 61 2015 0.660655737704918
43 44 1151 0.6083509513742071
5 5 25 1.0
42 59 1775 0.7163034705407586
24 26 434 0.6955128205128205
16 22 286 0.8125
51 24 396 0.3235294117647059
49 60 1950 0.6632653061224489
16 17 206 0.7573529411764706
42 51 1439 0.6718020541549953
20 24 360 0.75
42 50 1397 0.6652380952380952
42 50 1397 0.6652380952380952
100 100 5440 0.544
36 40 944 0.6555555555555556
32 19 266 0.4375
43 47 1280 0.6333498268184067
17 21 279 0.7815126050420167
40 52 1450 0.6971153846153846
14 14 151 0.7704081632653061
66 70 2729 0.5906926406926407
13 16 172 0.8269230769230769
13 12 120 0.7692307692307692
32 35 742 0.6625
29 44 976 0.7648902821316614
24 27 458 0.70679012345679
9 7 53 0.8412698412698413
17 22 296 0.7914438502673796
6 10 59 0.9833333333333334
30 38 815 0.7149122807017544
21 24 368 0.7301587301587302
18 24 341 0.7893518518518517
27 23 368 0.5925925925925926
10 10 85 0.85
25 34 640 0.7529411764705882
38 50 1339 0.7047368421052631
30 37 785 0.7072072072072072
25 28 490 0.7000000000000001
43 72 2355 0.7606589147286822
10 11 95 0.8636363636363636
43 60 1839 0.7127906976744186
7 7 46 0.9387755102040816
20 20 280 0.7
48 56 1742 0.6480654761904762
32 37 806 0.6807432432432432
44 54 1596 0.6717171717171717
22 27 441 0.7424242424242424
21 20 284 0.6761904761904762
19 25 370 0.7789473684210526
22 25 397 0.7218181818181819
25 33 615 0.7454545454545455
35 29 551 0.5428571428571428
9 8 62 0.8611111111111112
16 14 158 0.7053571428571429
21 27 431 0.7601410934744268
19 21 294 0.7368421052631579
19 17 218 0.674922600619195
44 55 1640 0.6776859504132231
40 12 126 0.2625
17 23 313 0.8005115089514065
35 39 900 0.6593406593406593
27 41 854 0.7714543812104788
30 43 965 0.748062015503876
18 23 323 0.7801932367149758
8 9 66 0.9166666666666666
48 44 1166 0.5520833333333334
32 17 221 0.40625
79 19 266 0.17721518987341772
64 75 3030 0.63125
9 15 125 0.9259259259259259
39 50 1355 0.6948717948717948
46 61 1945 0.6931575196008553
42 49 1355 0.6584062196307093
55 65 2300 0.6433566433566433
25 23 365 0.6347826086956522
103 100 5449 0.5290291262135922
70 100 4855 0.6935714285714286
30 27 485 0.5987654320987654
5 5 25 1.0
50 25 425 0.34
3 3 9 1.0
15 20 245 0.8166666666666667
15 8 68 0.5666666666666667
48 67 2270 0.7058457711442786
11 17 166 0.8877005347593583
42 66 2069 0.7463924963924964
18 24 341 0.7893518518518517
10 14 125 0.8928571428571429
12 13 128 0.8205128205128205
46 67 2221 0.7206359506813756
22 25 397 0.7218181818181819
20 26 400 0.7692307692307693
13 18 198 0.8461538461538461
27 37 746 0.7467467467467468
16 26 350 0.8413461538461539
30 38 815 0.7149122807017544
20 27 420 0.7777777777777778
17 27 381 0.8300653594771241
25 27 465 0.688888888888889
43 53 1538 0.6748573935936815
12 17 176 0.8627450980392156
42 73 2363 0.7707110241356816
66 81 3455 0.6462775907220352
18 19 251 0.7339181286549707
28 35 704 0.7183673469387755
14 20 235 0.8392857142857142
14 23 277 0.8602484472049688
19 8 68 0.4473684210526316
31 49 1168 0.7689269256089533
43 53 1538 0.6748573935936815
31 38 827 0.7020373514431238
15 26 335 0.8589743589743589
24 27 458 0.70679012345679
45 20 290 0.32222222222222224
51 68 2387 0.6882929642445214
14 8 68 0.6071428571428571
64 71 2774 0.610475352112676
45 71 2375 0.7433489827856025
22 28 463 0.7516233766233766
26 35 679 0.7461538461538462
35 46 1145 0.7111801242236025
31 36 765 0.6854838709677419
51 67 2336 0.6836406204272754
35 42 1005 0.6836734693877551
26 37 731 0.75987525987526
39 52 1433 0.7066074950690335
42 41 1019 0.591753774680604
50 61 2015 0.660655737704918
13 18 198 0.8461538461538461
7 5 32 0.9142857142857143
34 43 1027 0.7024623803009576
22 29 485 0.7601880877742947
30 39 845 0.7222222222222222
29 34 686 0.6957403651115619
21 29 473 0.7766830870279147
22 22 331 0.6838842975206612
9 15 125 0.9259259259259259
48 49 1406 0.5977891156462585
30 34 695 0.6813725490196079
42 55 1607 0.6956709956709957
16 23 302 0.8206521739130435
29 35 715 0.7044334975369458
18 22 305 0.7702020202020201
7 12 81 0.9642857142857143
40 49 1330 0.6785714285714286
10 9 75 0.8333333333333334
73 57 1881 0.4520547945205479
73 88 4078 0.6348069738480697
53 23 368 0.3018867924528302
63 94 4211 0.7110773387369131
44 63 1992 0.7186147186147186
32 38 838 0.6891447368421053
15 25 320 0.8533333333333333
28 29 536 0.6600985221674877
8 11 82 0.9318181818181818
39 43 1082 0.6451997614788313
86 100 5279 0.6138372093023255
31 42 951 0.7304147465437788
101 49 1421 0.2871287128712871
39 54 1511 0.7174738841405508
106 100 5450 0.5141509433962264
57 78 3068 0.6900584795321638
25 30 540 0.7200000000000001
42 67 2111 0.7501776830135038
25 43 865 0.8046511627906977
19 23 332 0.7597254004576659
50 54 1665 0.6166666666666666
18 22 305 0.7702020202020201
41 48 1302 0.6615853658536586
27 34 665 0.724400871459695
36 48 1232 0.7129629629629629
16 15 174 0.725
32 20 290 0.453125
34 46 1129 0.7218670076726342
11 10 89 0.8090909090909092
30 40 875 0.7291666666666667
54 25 425 0.3148148148148148
31 35 734 0.6764976958525345
26 31 575 0.7133995037220844
14 23 277 0.8602484472049688
28 24 396 0.5892857142857143
26 42 861 0.7884615384615384
19 27 408 0.7953216374269005
31 44 1013 0.7426686217008798
24 35 650 0.7738095238095237
12 10 92 0.7666666666666667
32 40 902 0.7046875
43 57 1710 0.6976744186046512
30 36 755 0.6990740740740741
14 22 263 0.8538961038961038
16 16 190 0.7421875
37 29 551 0.5135135135135135
9 11 89 0.898989898989899
78 100 5099 0.6537179487179487
74 75 3135 0.5648648648648649
40 49 1330 0.6785714285714286
23 26 427 0.7140468227424749
19 25 370 0.7789473684210526
41 51 1425 0.6814921090387375
11 18 177 0.8939393939393939
57 77 3011 0.6860332649806334
14 20 235 0.8392857142857142
22 34 595 0.7954545454545455
55 82 3235 0.7172949002217295
96 47 1316 0.2916666666666667
63 46 1265 0.4365079365079365
12 14 140 0.8333333333333333
48 62 2030 0.6821236559139785
24 26 434 0.6955128205128205
40 57 1650 0.7236842105263158
21 21 305 0.691609977324263
13 15 159 0.8153846153846154
55 46 1265 0.5
77 42 1071 0.33116883116883117
24 24 386 0.6701388888888888
35 50 1285 0.7342857142857143
77 100 5072 0.6587012987012987
31 37 796 0.6939843068875327
37 59 1655 0.7581310123683005
10 12 105 0.875
54 66 2339 0.6562850729517397
27 23 368 0.5925925925925926
36 27 486 0.5
33 48 1178 0.7436868686868686
24 28 482 0.7172619047619048
37 65 1877 0.7804573804573804
13 18 198 0.8461538461538461
41 38 892 0.5725288831835688
43 58 1753 0.7028869286287089
11 10 89 0.8090909090909092
51 60 1979 0.6467320261437909
36 17 221 0.36111111111111116
23 25 404 0.7026086956521739
16 21 270 0.8035714285714286
32 34 710 0.6525735294117647
49 49 1411 0.5876718034152436
22 28 463 0.7516233766233766
38 54 1491 0.7266081871345029
33 40 914 0.6924242424242424
27 29 530 0.6768837803320562
43 40 979 0.5691860465116279
36 54 1448 0.7448559670781892
17 8 68 0.5
45 68 2240 0.7320261437908497
59 85 3530 0.7038883349950149
13 10 94 0.7230769230769231
10 10 85 0.85
46 62 1991 0.6981065918653576
10 16 145 0.90625
31 37 796 0.6939843068875327
49 71 2489 0.7154354699626329
13 14 146 0.8021978021978021
9 8 62 0.8611111111111112
96 59 2006 0.35416666666666663
62 84 3555 0.6826036866359446
29 34 686 0.6957403651115619
57 90 3752 0.7313840155945418
28 34 676 0.7100840336134454
28 41 872 0.759581881533101
31 26 455 0.5645161290322581
15 14 155 0.7380952380952381
62 43 1118 0.4193548387096774
51 79 2948 0.7316952097294614
21 21 305 0.691609977324263
13 17 185 0.83710407239819
32 46 1094 0.7432065217391305
33 43 1013 0.7138830162085976
31 37 796 0.6939843068875327
18 23 323 0.7801932367149758
21 31 515 0.7910906298003073
19 35 560 0.8421052631578947
16 22 286 0.8125
27 28 503 0.6653439153439153
17 27 381 0.8300653594771241
54 67 2393 0.6614151464897734
25 26 440 0.676923076923077
14 18 207 0.8214285714285715
22 25 397 0.7218181818181819
84 100 5240 0.6238095238095238
44 37 851 0.5227272727272727
61 70 2674 0.6262295081967213
13 10 94 0.7230769230769231
51 45 1215 0.5294117647058824
43 50 1409 0.6553488372093024
21 27 431 0.7601410934744268
27 28 503 0.6653439153439153
35 43 1040 0.6910299003322259
77 95 4687 0.6407382091592618
54 71 2609 0.680490349504434
33 15 180 0.3636363636363636
17 24 330 0.8088235294117646
37 34 730 0.5802861685214626
6 8 47 0.9791666666666666
62 96 4299 0.7222782258064516
39 57 1628 0.7323436797121008
27 40 827 0.7657407407407407
48 30 585 0.40625
15 22 275 0.8333333333333333
17 21 279 0.7815126050420167
64 39 936 0.375
61 89 3833 0.7060232086940504
65 100 4670 0.7184615384615384
18 21 287 0.7592592592592593
31 41 920 0.7238394964594806
42 49 1355 0.6584062196307093
30 43 965 0.748062015503876
26 33 627 0.7307692307692308
55 80 3125 0.7102272727272727
23 31 542 0.7601683029453016
23 31 542 0.7601683029453016
63 74 2951 0.632990132990133
30 43 965 0.748062015503876
19 30 465 0.8157894736842105
41 62 1876 0.7380015735641228
20 23 340 0.7391304347826086
23 36 657 0.7934782608695652
14 21 249 0.846938775510204
42 49 1355 0.6584062196307093
20 34 560 0.8235294117647058
12 18 188 0.8703703703703703
11 18 177 0.8939393939393939
18 13 143 0.6111111111111112
66 84 3653 0.6589105339105339
41 58 1712 0.7199327165685451
44 56 1684 0.6834415584415584
24 44 866 0.8200757575757577
61 73 2857 0.641589939366719
52 85 3292 0.7447963800904978
31 37 796 0.6939843068875327
34 46 1129 0.7218670076726342
32 44 1030 0.7315340909090909
21 42 746 0.8458049886621316
22 8 68 0.38636363636363635
50 60 1965 0.6549999999999999
38 55 1529 0.731578947368421
56 87 3546 0.7278325123152709
94 92 4643 0.5368871415356152
93 100 5384 0.5789247311827956
27 37 746 0.7467467467467468
19 12 126 0.5526315789473685
12 19 200 0.8771929824561404
34 50 1265 0.7441176470588234
54 65 2285 0.650997150997151
51 73 2642 0.7096427612140747
20 20 280 0.7
22 26 419 0.7325174825174826
42 64 1985 0.7384672619047619
12 13 128 0.8205128205128205
25 31 565 0.7290322580645162
26 38 757 0.7661943319838057
10 11 95 0.8636363636363636
16 19 238 0.7828947368421053
55 28 518 0.33636363636363636
28 40 844 0.7535714285714286
14 20 235 0.8392857142857142
12 13 128 0.8205128205128205
16 20 254 0.79375
24 27 458 0.70679012345679
11 15 144 0.8727272727272728
33 34 716 0.6381461675579322
23 30 519 0.7521739130434782
8 10 74 0.925
27 44 935 0.787037037037037
21 33 557 0.8037518037518038
26 41 835 0.7833020637898687
23 32 565 0.7676630434782609
24 35 650 0.7738095238095237
20 31 500 0.8064516129032258
21 28 452 0.7687074829931974
16 20 254 0.79375
67 57 1881 0.49253731343283585
68 24 396 0.2426470588235294
15 17 200 0.7843137254901961
25 24 390 0.65
17 20 262 0.7705882352941177
30 33 665 0.6717171717171717
21 20 284 0.6761904761904762
24 38 722 0.7916666666666666
22 22 331 0.6838842975206612
19 23 332 0.7597254004576659
6 6 35 0.9722222222222222
75 61 2135 0.4666666666666666
35 11 110 0.2857142857142857
42 45 1187 0.6280423280423281
24 37 698 0.786036036036036
35 46 1145 0.7111801242236025
52 35 770 0.4230769230769231
45 59 1835 0.6911487758945386
53 67 2375 0.6688256829062236
35 41 970 0.6759581881533101
15 19 230 0.8070175438596492
29 44 976 0.7648902821316614
40 44 1130 0.6420454545454546
44 22 341 0.3522727272727273
37 45 1137 0.6828828828828829
34 39 891 0.6719457013574661
32 37 806 0.6807432432432432
17 26 364 0.8235294117647058
13 17 185 0.83710407239819
19 33 522 0.8325358851674641
20 22 320 0.7272727272727273
24 29 506 0.7270114942528735
66 88 3917 0.6744146005509642
30 40 875 0.7291666666666667
19 22 313 0.7488038277511961
28 29 536 0.6600985221674877
37 40 952 0.6432432432432432
52 65 2252 0.6662721893491124
13 16 172 0.8269230769230769
28 18 243 0.48214285714285715
27 36 719 0.7397119341563786
13 15 159 0.8153846153846154
61 81 3345 0.6769884638737098
15 18 215 0.7962962962962963
26 30 549 0.7038461538461539
16 19 238 0.7828947368421053
31 34 703 0.6669829222011385
89 37 851 0.25842696629213485
41 50 1384 0.6751219512195122
24 26 434 0.6955128205128205
41 50 1384 0.6751219512195122
47 67 2246 0.713242299142585
15 14 155 0.7380952380952381
32 43 998 0.7252906976744186
38 36 807 0.5899122807017544
19 18 237 0.6929824561403508
34 45 1095 0.7156862745098038
51 65 2234 0.6739064856711916
28 35 704 0.7183673469387755
16 17 206 0.7573529411764706
17 16 194 0.7132352941176471
22 42 771 0.8344155844155845
22 31 529 0.7756598240469209
34 51 1299 0.7491349480968857
58 84 3441 0.70628078817734
