15 10 85 0.5666666666666667
4 7 28 1.0
41 47 1224 0.6351842241826674
38 43 1039 0.6358629130966952
29 34 661 0.6703853955375253
30 36 729 0.675
26 31 553 0.6861042183622829
33 39 852 0.662004662004662
27 35 669 0.707936507936508
24 25 390 0.65
19 21 279 0.6992481203007519
38 28 490 0.46052631578947373
32 24 372 0.484375
10 15 129 0.86
6 10 57 0.95
49 54 1611 0.608843537414966
34 30 555 0.5441176470588236
50 70 2419 0.6911428571428572
28 42 876 0.7448979591836734
36 55 1452 0.7333333333333334
43 53 1499 0.6577446248354543
28 12 114 0.33928571428571425
48 57 1746 0.6381578947368421
13 20 215 0.826923076923077
8 11 78 0.8863636363636364
37 11 99 0.24324324324324326
48 35 735 0.4375
21 25 372 0.7085714285714286
42 52 1443 0.6607142857142857
18 22 291 0.7348484848484849
34 40 895 0.6580882352941176
19 19 241 0.667590027700831
38 30 555 0.48684210526315785
39 38 852 0.5748987854251012
15 27 339 0.8370370370370371
4 10 40 1.0
74 100 4915 0.6641891891891892
35 21 294 0.4
47 58 1780 0.652971386647102
36 19 247 0.3611111111111111
51 40 940 0.46078431372549017
32 19 247 0.40625
36 46 1128 0.6811594202898551
23 18 225 0.5434782608695652
13 21 228 0.8351648351648352
4 9 36 1.0
14 16 169 0.7544642857142857
32 44 1002 0.7116477272727273
41 46 1183 0.627253446447508
27 32 588 0.6805555555555556
27 38 750 0.7309941520467836
31 41 893 0.7025963808025176
43 55 1585 0.6701902748414377
40 25 400 0.4
60 40 940 0.39166666666666666
27 32 588 0.6805555555555556
34 46 1099 0.7026854219948848
16 18 210 0.7291666666666666
19 23 317 0.725400457665904
33 37 786 0.6437346437346437
30 38 789 0.6921052631578948
35 42 974 0.6625850340136055
13 14 137 0.7527472527472527
52 45 1170 0.5
59 70 2590 0.6271186440677966
28 39 792 0.7252747252747253
40 59 1694 0.7177966101694916
58 74 2807 0.6540074557315936
42 56 1611 0.6849489795918366
53 76 2803 0.695878848063555
38 48 1229 0.6737938596491229
21 31 498 0.7649769585253456
40 55 1534 0.6972727272727273
41 47 1224 0.6351842241826674
55 67 2359 0.6401628222523745
27 30 534 0.6592592592592593
100 100 5344 0.5344
10 12 99 0.8250000000000001
23 24 362 0.6557971014492754
6 10 57 0.95
32 40 874 0.6828125
20 22 304 0.6909090909090909
21 26 393 0.7197802197802198
20 26 384 0.7384615384615384
25 32 569 0.71125
17 8 60 0.4411764705882353
60 93 3984 0.7139784946236559
34 42 963 0.6743697478991597
21 24 351 0.6964285714285715
24 31 534 0.717741935483871
29 36 719 0.6886973180076628
52 65 2204 0.6520710059171598
46 70 2317 0.7195652173913043
33 51 1248 0.7415329768270945
18 25 345 0.7666666666666667
50 21 294 0.27999999999999997
24 27 438 0.6759259259259259
22 36 621 0.7840909090909091
28 39 792 0.7252747252747253
43 54 1542 0.6640826873385014
15 17 189 0.7411764705882353
52 63 2100 0.6410256410256411
23 19 247 0.5652173913043479
33 32 621 0.5880681818181818
42 27 459 0.40476190476190477
42 36 774 0.5119047619047619
30 19 247 0.4333333333333333
32 41 906 0.6905487804878049
33 14 147 0.3181818181818182
34 39 861 0.6493212669683258
53 31 589 0.3584905660377358
30 40 849 0.7075
56 62 2094 0.6031105990783411
6 6 33 0.9166666666666666
95 47 1269 0.28421052631578947
33 45 1050 0.7070707070707071
53 19 247 0.2452830188679245
52 71 2516 0.6814734561213435
24 38 702 0.7697368421052632
76 100 4972 0.6542105263157895
56 76 2878 0.6762218045112782
53 78 2909 0.7036768263183357
47 59 1827 0.6588532275513884
28 38 764 0.7180451127819548
22 31 511 0.749266862170088
41 61 1798 0.7189124350259896
40 68 2054 0.7551470588235294
23 36 638 0.7705314009661836
27 32 588 0.6805555555555556
11 16 148 0.8409090909090909
58 44 1122 0.4396551724137931
28 37 736 0.7104247104247104
19 26 374 0.757085020242915
72 88 3990 0.6297348484848485
35 46 1114 0.6919254658385093
48 64 2082 0.677734375
30 42 909 0.7214285714285714
77 34 697 0.26623376623376627
40 58 1654 0.7129310344827586
61 47 1269 0.4426229508196721
10 13 109 0.8384615384615385
28 35 680 0.6938775510204082
24 30 510 0.7083333333333334
26 36 683 0.7297008547008548
38 51 1343 0.6929824561403509
21 37 624 0.8030888030888031
20 26 384 0.7384615384615384
47 56 1686 0.6405775075987842
24 30 510 0.7083333333333334
45 52 1479 0.632051282051282
24 36 654 0.7569444444444444
26 31 553 0.6861042183622829
15 18 204 0.7555555555555555
18 26 363 0.7756410256410257
8 9 62 0.8611111111111112
44 56 1644 0.6672077922077922
38 27 459 0.4473684210526316
34 43 997 0.6819425444596443
36 41 948 0.6422764227642276
29 14 147 0.3620689655172414
19 23 317 0.725400457665904
17 8 60 0.4411764705882353
59 79 3121 0.6695987985410856
39 47 1203 0.6563011456628478
27 25 399 0.5911111111111111
35 44 1044 0.6779220779220779
43 59 1757 0.6925502562081198
14 24 281 0.8363095238095238
51 54 1626 0.5904139433551199
30 31 579 0.6225806451612903
16 22 274 0.7784090909090909
98 100 5335 0.5443877551020408
54 70 2505 0.6626984126984127
37 39 882 0.6112266112266113
10 16 139 0.86875
46 59 1811 0.6672807663964628
61 28 490 0.28688524590163933
50 24 372 0.31
19 23 317 0.725400457665904
45 63 1974 0.6962962962962963
27 30 534 0.6592592592592593
50 42 1029 0.48999999999999994
43 44 1112 0.587737843551797
5 40 199 0.9949999999999999
42 50 1359 0.6471428571428571
24 27 438 0.6759259259259259
16 22 274 0.7784090909090909
51 25 400 0.3137254901960784
49 65 2150 0.6750392464678179
16 18 210 0.7291666666666666
42 36 774 0.5119047619047619
20 28 424 0.7571428571428571
42 28 490 0.41666666666666663
42 47 1233 0.6246200607902735
100 39 897 0.23
36 36 768 0.5925925925925926
32 20 270 0.421875
43 49 1327 0.6298054105363076
17 23 300 0.7672634271099745
40 53 1454 0.6858490566037736
14 13 127 0.6978021978021978
66 37 814 0.33333333333333337
13 16 163 0.7836538461538461
13 15 150 0.7692307692307693
32 41 906 0.6905487804878049
29 45 980 0.7509578544061303
24 26 414 0.6634615384615384
9 9 66 0.8148148148148148
17 24 317 0.7769607843137255
6 9 51 0.9444444444444444
30 32 609 0.634375
21 21 288 0.6530612244897959
18 26 363 0.7756410256410257
27 34 642 0.6993464052287582
10 19 169 0.8894736842105262
25 29 494 0.6813793103448277
38 56 1533 0.7203947368421053
30 38 789 0.6921052631578948
25 29 494 0.6813793103448277
43 62 1886 0.7074268567141786
10 12 99 0.8250000000000001
43 26 429 0.38372093023255816
7 8 50 0.8928571428571429
20 25 364 0.728
48 52 1506 0.6033653846153846
32 38 810 0.6661184210526315
44 62 1908 0.6994134897360704
22 25 379 0.6890909090909091
21 18 225 0.5952380952380952
19 20 260 0.6842105263157895
22 25 379 0.6890909090909091
25 32 569 0.71125
35 48 1184 0.7047619047619048
9 15 120 0.888888888888889
16 15 162 0.675
21 30 477 0.7571428571428572
19 23 317 0.725400457665904
19 17 203 0.628482972136223
44 37 814 0.5
40 40 934 0.58375
17 21 266 0.7450980392156863
35 40 904 0.6457142857142857
27 45 939 0.7728395061728395
30 43 939 0.727906976744186
18 20 255 0.7083333333333333
8 8 54 0.84375
48 44 1122 0.53125
32 37 778 0.6570945945945946
79 100 5050 0.639240506329114
64 78 3162 0.6334134615384616
9 13 102 0.8717948717948718
39 51 1359 0.6832579185520362
46 47 1259 0.5823311748381129
42 43 1065 0.5897009966777409
55 72 2634 0.6651515151515152
25 30 519 0.6920000000000001
103 100 5350 0.5194174757281553
70 99 4719 0.6809523809523809
30 30 549 0.61
5 34 169 0.9941176470588234
50 43 1075 0.5
3 3 9 1.0
15 17 189 0.7411764705882353
15 10 85 0.5666666666666667
48 63 2034 0.6726190476190477
11 17 159 0.8502673796791445
42 60 1779 0.7059523809523809
18 21 273 0.7222222222222222
10 11 89 0.8090909090909091
12 13 120 0.7692307692307693
46 70 2317 0.7195652173913043
22 24 357 0.6761363636363636
20 27 404 0.7481481481481481
13 19 202 0.8178137651821862
27 32 588 0.6805555555555556
16 26 338 0.8125
30 38 789 0.6921052631578948
20 27 404 0.7481481481481481
17 27 368 0.8017429193899782
25 26 419 0.6446153846153847
43 56 1628 0.6760797342192691
12 20 204 0.85
42 54 1527 0.6732804232804233
66 82 3459 0.6391352549889135
18 25 345 0.7666666666666667
28 44 932 0.7564935064935064
14 19 211 0.793233082706767
14 21 239 0.8129251700680273
19 11 99 0.47368421052631576
31 45 1017 0.7290322580645161
43 54 1542 0.6640826873385014
31 22 319 0.467741935483871
15 32 414 0.8625
24 33 582 0.7348484848484849
45 39 897 0.5111111111111111
51 74 2646 0.7011128775834659
14 6 39 0.46428571428571425
64 34 697 0.3203125
45 67 2154 0.7144278606965174
22 43 775 0.8192389006342494
26 39 761 0.7504930966469429
35 50 1254 0.7165714285714286
31 33 645 0.6304985337243402
51 14 147 0.20588235294117646
35 6 39 0.18571428571428572
26 37 709 0.737006237006237
39 49 1281 0.6703296703296704
42 37 814 0.5238095238095237
50 73 2569 0.7038356164383562
13 20 215 0.826923076923077
7 8 50 0.8928571428571429
34 45 1065 0.696078431372549
22 33 555 0.7644628099173554
30 37 759 0.6837837837837838
29 33 632 0.6603970741901776
21 28 435 0.7397959183673469
22 23 335 0.6620553359683794
9 15 120 0.888888888888889
48 42 1029 0.5104166666666666
30 31 579 0.6225806451612903
42 59 1737 0.7009685230024213
16 23 290 0.7880434782608695
29 44 951 0.7452978056426333
18 19 237 0.6929824561403508
7 12 78 0.9285714285714285
40 51 1374 0.6735294117647059
10 17 149 0.8764705882352941
73 90 4155 0.632420091324201
73 82 3571 0.5965586368192449
53 34 697 0.3867924528301887
63 22 319 0.23015873015873015
44 46 1204 0.5948616600790514
32 37 778 0.6570945945945946
15 20 234 0.78
28 27 456 0.6031746031746031
8 9 62 0.8611111111111112
39 47 1203 0.6563011456628478
86 100 5197 0.6043023255813954
31 36 738 0.6612903225806451
101 100 5347 0.5294059405940594
39 50 1320 0.676923076923077
106 100 5350 0.5047169811320754
57 91 3756 0.724117987275882
25 34 619 0.7282352941176471
42 60 1779 0.7059523809523809
25 31 544 0.7019354838709678
19 17 203 0.628482972136223
50 34 697 0.41
18 21 273 0.7222222222222222
41 34 697 0.5
27 38 750 0.7309941520467836
36 54 1416 0.7283950617283951
16 15 162 0.675
32 34 682 0.6268382352941176
34 41 929 0.6664275466284075
11 9 71 0.7171717171717171
30 46 1029 0.7456521739130434
54 26 429 0.3055555555555556
31 43 955 0.7164291072768192
26 26 423 0.6257396449704142
14 21 239 0.8129251700680273
28 38 764 0.7180451127819548
26 42 839 0.7683150183150182
19 28 412 0.7744360902255639
31 47 1079 0.7405628002745367
24 33 582 0.7348484848484849
12 10 84 0.7
32 40 874 0.6828125
43 54 1542 0.6640826873385014
30 39 819 0.7000000000000001
14 17 183 0.76890756302521
16 11 99 0.5625
37 28 490 0.47297297297297297
9 15 120 0.888888888888889
78 100 5025 0.6442307692307692
74 99 4841 0.6607971607971608
40 51 1374 0.6735294117647059
23 35 615 0.7639751552795031
19 25 355 0.7473684210526317
41 52 1429 0.6702626641651032
11 24 236 0.8939393939393939
57 72 2673 0.6513157894736842
14 18 197 0.7817460317460317
22 21 291 0.6298701298701298
55 81 3129 0.7023569023569024
96 100 5322 0.554375
63 50 1425 0.4523809523809524
12 13 120 0.7692307692307693
48 61 1938 0.6618852459016393
24 35 630 0.75
40 53 1454 0.6858490566037736
21 24 351 0.6964285714285715
13 12 111 0.7115384615384616
55 50 1425 0.5181818181818182
77 72 2844 0.512987012987013
24 24 366 0.6354166666666666
35 46 1114 0.6919254658385093
77 100 4999 0.6492207792207791
31 37 769 0.6704446381865736
37 55 1474 0.7243243243243244
10 18 159 0.8833333333333333
54 29 522 0.3333333333333333
27 28 480 0.634920634920635
36 49 1236 0.7006802721088435
33 47 1116 0.7195357833655707
24 39 726 0.7756410256410257
37 51 1326 0.7027027027027027
13 20 215 0.826923076923077
41 53 1470 0.6764841233317993
43 54 1542 0.6640826873385014
11 10 82 0.7454545454545454
51 18 225 0.2450980392156863
36 10 85 0.2361111111111111
23 28 454 0.7049689440993789
16 21 258 0.7678571428571429
32 46 1066 0.7241847826086957
49 51 1464 0.5858343337334934
22 30 489 0.7409090909090909
38 58 1609 0.7300362976406534
33 25 400 0.48484848484848486
27 36 696 0.7160493827160495
43 54 1542 0.6640826873385014
36 51 1308 0.7124183006535948
17 11 99 0.5294117647058824
45 66 2109 0.7101010101010101
59 73 2767 0.6424425354074762
13 13 124 0.7337278106508875
10 11 89 0.8090909090909091
46 64 2041 0.6932744565217391
10 15 129 0.86
31 40 862 0.6951612903225806
49 67 2248 0.6847395674687785
13 18 189 0.8076923076923077
9 14 111 0.880952380952381
96 32 624 0.203125
62 93 4055 0.7032604925424905
29 32 603 0.6497844827586207
57 92 3813 0.727116704805492
28 34 652 0.6848739495798319
28 12 114 0.33928571428571425
31 36 738 0.6612903225806451
15 17 189 0.7411764705882353
62 35 735 0.33870967741935487
51 72 2544 0.6928104575163399
21 25 372 0.7085714285714286
13 14 137 0.7527472527472527
32 44 1002 0.7116477272727273
33 37 786 0.6437346437346437
31 42 924 0.7096774193548386
18 26 363 0.7756410256410257
21 35 582 0.7918367346938776
19 32 488 0.8026315789473685
16 14 146 0.6517857142857143
27 33 615 0.6902356902356903
17 24 317 0.7769607843137255
54 45 1170 0.4814814814814815
25 30 519 0.6920000000000001
14 18 197 0.7817460317460317
22 29 467 0.731974921630094
84 100 5160 0.6142857142857143
44 42 1028 0.5562770562770563
61 89 3776 0.6955240375759808
13 20 215 0.826923076923077
51 61 1983 0.6374156219864995
43 40 940 0.5465116279069767
21 27 414 0.7301587301587302
27 40 804 0.7444444444444445
35 40 904 0.6457142857142857
77 99 4922 0.6456775547684639
54 29 522 0.3333333333333333
33 15 165 0.3333333333333333
17 27 368 0.8017429193899782
37 58 1585 0.7385834109972041
6 9 51 0.9444444444444444
62 86 3621 0.6791072768192048
39 57 1593 0.7165991902834008
27 45 939 0.7728395061728395
48 62 1986 0.6673387096774194
15 19 219 0.7684210526315789
17 25 334 0.7858823529411765
64 92 4058 0.6891983695652174
61 34 697 0.3360655737704918
65 93 4154 0.6871794871794872
18 32 471 0.8177083333333334
31 39 831 0.6873449131513647
42 50 1359 0.6471428571428571
30 48 1089 0.75625
26 52 1099 0.812869822485207
55 67 2359 0.6401628222523745
23 36 638 0.7705314009661836
23 31 523 0.7335203366058907
63 67 2451 0.5806680881307748
30 48 1089 0.75625
19 34 526 0.8142414860681115
41 72 2249 0.7618563685636857
20 46 784 0.8521739130434783
23 37 661 0.7767332549941246
14 22 253 0.8214285714285715
42 54 1527 0.6732804232804233
20 34 544 0.7999999999999999
12 21 216 0.8571428571428571
11 20 192 0.8727272727272727
18 15 165 0.611111111111111
66 89 3921 0.6675178753830439
41 66 2003 0.7402069475240207
44 58 1732 0.6786833855799373
24 41 774 0.7865853658536586
61 74 2861 0.6338059370846256
52 83 3140 0.7275254865616312
31 20 270 0.4354838709677419
34 48 1167 0.7150735294117646
32 43 970 0.7049418604651163
21 36 603 0.7976190476190477
22 18 225 0.5681818181818181
50 34 697 0.41
38 53 1419 0.7045680238331679
56 69 2486 0.6433747412008282
94 34 697 0.21808510638297873
93 17 204 0.12903225806451613
27 39 777 0.7378917378917379
19 14 147 0.5526315789473684
12 13 120 0.7692307692307693
34 38 827 0.640092879256966
54 68 2397 0.6527777777777777
51 83 3105 0.7335223245924876
20 25 364 0.728
22 28 445 0.7224025974025974
42 63 1905 0.719954648526077
12 20 204 0.85
25 33 594 0.7200000000000001
26 33 605 0.7051282051282052
10 14 119 0.85
16 41 578 0.8810975609756098
55 40 940 0.42727272727272725
28 38 764 0.7180451127819548
14 19 211 0.793233082706767
12 9 72 0.6666666666666666
16 23 290 0.7880434782608695
24 31 534 0.717741935483871
11 8 60 0.6818181818181818
33 42 951 0.6861471861471861
23 29 477 0.7151424287856072
8 5 30 0.75
27 39 777 0.7378917378917379
21 35 582 0.7918367346938776
26 44 891 0.7788461538461537
23 37 661 0.7767332549941246
24 32 558 0.7265625
20 35 564 0.8057142857142857
21 40 687 0.8178571428571428
16 18 210 0.7291666666666666
67 95 4349 0.6832678711704635
68 16 184 0.16911764705882354
15 16 174 0.725
25 28 469 0.67
17 20 249 0.7323529411764705
30 14 147 0.35000000000000003
21 15 165 0.5238095238095238
24 40 750 0.78125
22 25 379 0.6890909090909091
19 22 298 0.7129186602870813
6 8 45 0.9375
75 59 1947 0.44
35 39 869 0.6366300366300367
42 34 697 0.4880952380952381
24 29 486 0.6982758620689655
35 50 1254 0.7165714285714286
52 62 2048 0.6352357320099256
45 62 1929 0.6913978494623656
53 65 2220 0.6444121915820028
35 36 764 0.6063492063492064
15 16 174 0.725
29 29 516 0.6135552913198573
40 43 1054 0.6127906976744186
44 28 490 0.39772727272727276
37 47 1178 0.6774008050603796
34 47 1133 0.7090112640801001
32 41 906 0.6905487804878049
17 24 317 0.7769607843137255
13 20 215 0.826923076923077
19 44 716 0.8564593301435406
20 21 284 0.6761904761904761
24 33 582 0.7348484848484849
66 58 1885 0.49242424242424243
30 40 849 0.7075
19 23 317 0.725400457665904
28 36 708 0.7023809523809523
37 36 771 0.5788288288288288
52 67 2308 0.6624569460390356
13 16 163 0.7836538461538461
28 37 736 0.7104247104247104
27 37 723 0.7237237237237237
13 16 163 0.7836538461538461
61 74 2861 0.6338059370846256
15 21 249 0.7904761904761906
26 30 527 0.6756410256410257
16 18 210 0.7291666666666666
31 38 800 0.6791171477079796
89 50 1425 0.3202247191011236
41 53 1470 0.6764841233317993
24 25 390 0.65
41 54 1511 0.6824751580849141
47 65 2109 0.6903436988543372
15 21 249 0.7904761904761906
32 43 970 0.7049418604651163
38 46 1153 0.6596109839816934
19 17 203 0.628482972136223
34 38 827 0.640092879256966
51 65 2187 0.6597285067873303
28 31 568 0.6543778801843317
16 18 210 0.7291666666666666
17 17 198 0.6851211072664359
22 40 709 0.8056818181818182
22 37 643 0.7899262899262899
34 47 1133 0.7090112640801001
58 83 3329 0.6915247195679268
