15 14 189 0.9
4 7 28 1.0
41 31 744 0.5853658536585366
38 32 781 0.6422697368421053
29 25 515 0.7103448275862069
30 23 459 0.6652173913043479
26 22 419 0.7325174825174826
33 33 789 0.7245179063360881
27 25 504 0.7466666666666667
24 15 240 0.6666666666666666
19 18 287 0.8391812865497076
38 27 594 0.5789473684210527
32 28 620 0.6919642857142857
10 13 129 0.9923076923076923
6 4 24 1.0
49 63 2267 0.7343699384515711
34 27 593 0.6459694989106753
50 52 1739 0.6688461538461539
28 37 846 0.8166023166023166
36 41 1098 0.7439024390243902
43 43 1254 0.6782044348296377
28 22 426 0.6915584415584415
48 53 1764 0.6933962264150944
13 13 159 0.9408284023668638
8 6 48 1.0
37 31 741 0.6460331299040977
48 50 1620 0.675
21 34 636 0.8907563025210083
42 44 1287 0.6964285714285714
18 22 351 0.8863636363636364
34 34 831 0.7188581314878892
19 19 306 0.8476454293628809
38 22 429 0.513157894736842
39 15 240 0.4102564102564103
15 14 189 0.9
4 8 32 1.0
74 78 3627 0.6283783783783784
35 40 1049 0.7492857142857143
47 54 1797 0.7080378250591016
36 32 774 0.671875
51 42 1239 0.5784313725490196
32 29 652 0.7025862068965517
36 36 918 0.7083333333333334
23 19 332 0.7597254004576659
13 17 211 0.9547511312217194
4 7 28 1.0
14 19 251 0.9436090225563909
32 34 812 0.7463235294117647
41 45 1317 0.7138211382113822
27 26 531 0.7564102564102565
27 30 639 0.788888888888889
31 35 832 0.7668202764976959
43 44 1297 0.6855179704016913
40 27 594 0.5499999999999999
60 37 999 0.44999999999999996
27 31 666 0.7956989247311829
34 31 729 0.6916508538899431
16 13 180 0.8653846153846154
19 20 325 0.8552631578947368
33 37 921 0.7542997542997544
30 32 729 0.759375
35 38 979 0.7360902255639098
13 20 250 0.9615384615384615
52 54 1862 0.663105413105413
59 85 3740 0.7457627118644068
28 34 762 0.8004201680672269
40 52 1584 0.7615384615384616
58 71 2893 0.702525497814473
42 60 1959 0.7773809523809524
53 52 1766 0.6407837445573296
38 49 1427 0.7663802363050484
21 20 342 0.8142857142857143
40 48 1424 0.7416666666666667
41 50 1522 0.742439024390244
55 55 1944 0.6426446280991736
27 30 639 0.788888888888889
100 97 5514 0.5684536082474226
10 11 109 0.990909090909091
23 22 401 0.7924901185770751
6 8 48 1.0
32 30 684 0.7125
20 18 294 0.8166666666666667
21 27 489 0.8624338624338624
20 23 394 0.8565217391304347
25 27 539 0.7985185185185185
17 14 202 0.8487394957983193
60 40 1140 0.475
34 33 797 0.7103386809269162
21 27 489 0.8624338624338624
24 26 504 0.8076923076923077
29 26 544 0.7214854111405835
52 58 2070 0.6863395225464191
46 56 1873 0.7270962732919255
33 30 690 0.696969696969697
18 22 351 0.8863636363636364
50 53 1789 0.6750943396226415
24 27 528 0.8148148148148148
22 29 547 0.8573667711598746
28 27 566 0.7486772486772487
43 55 1770 0.748414376321353
15 15 204 0.9066666666666666
52 69 2642 0.7363433667781494
23 14 217 0.6739130434782609
33 31 723 0.7067448680351907
42 46 1371 0.7096273291925467
42 32 784 0.5833333333333334
30 39 939 0.8025641025641026
32 23 460 0.625
33 30 690 0.696969696969697
34 45 1205 0.7875816993464052
53 24 492 0.3867924528301887
30 32 729 0.759375
56 56 2008 0.6403061224489796
6 5 30 1.0
95 98 5569 0.5981740064446831
33 41 1053 0.7782705099778271
53 69 2667 0.7292863002461034
52 66 2486 0.7243589743589743
24 36 744 0.8611111111111112
76 98 5170 0.6941460794844253
56 69 2736 0.7080745341614907
53 75 2985 0.7509433962264151
47 61 2126 0.7415416811998604
28 34 762 0.8004201680672269
22 30 569 0.8621212121212121
41 65 2137 0.80187617260788
40 66 2144 0.8121212121212121
23 35 700 0.8695652173913043
27 30 639 0.788888888888889
11 14 151 0.9805194805194805
58 68 2719 0.6894016227180527
28 30 650 0.7738095238095238
19 27 458 0.8927875243664717
72 74 3312 0.6216216216216216
35 37 944 0.728957528957529
48 45 1380 0.6388888888888888
30 39 939 0.8025641025641026
77 51 1734 0.4415584415584416
40 52 1584 0.7615384615384616
61 36 954 0.4344262295081967
10 9 89 0.9888888888888889
28 40 930 0.8303571428571429
24 24 456 0.7916666666666666
26 29 601 0.7970822281167109
38 45 1275 0.7456140350877193
21 21 363 0.8231292517006802
20 21 354 0.8428571428571429
47 42 1233 0.6246200607902735
24 29 576 0.8275862068965517
45 41 1179 0.6390243902439025
24 31 624 0.8387096774193549
26 29 601 0.7970822281167109
15 13 174 0.8923076923076922
18 21 333 0.8809523809523809
8 7 56 1.0
44 44 1306 0.6745867768595042
38 44 1237 0.7398325358851675
34 42 1103 0.7724089635854341
36 32 774 0.671875
29 22 428 0.6708463949843261
19 23 382 0.8741418764302059
17 16 236 0.8676470588235294
59 65 2560 0.6675358539765319
39 38 1017 0.6862348178137652
27 27 558 0.7654320987654322
35 47 1294 0.7866261398176291
43 53 1684 0.7389205792014041
14 13 167 0.9175824175824177
51 54 1851 0.6721132897603487
30 32 729 0.759375
16 20 292 0.9125
98 17 289 0.17346938775510204
54 62 2313 0.6908602150537635
37 39 1037 0.7186417186417187
10 17 169 0.9941176470588234
46 46 1413 0.6677693761814745
61 57 2099 0.6036813344837504
50 50 1639 0.6556000000000001
19 22 363 0.8684210526315789
45 63 2169 0.7650793650793651
27 32 693 0.8020833333333334
50 59 2089 0.708135593220339
43 47 1426 0.7055912914398812
5 4 20 1.0
42 52 1623 0.7431318681318682
24 27 528 0.8148148148148148
16 19 276 0.9078947368421053
51 51 1698 0.6528258362168398
49 65 2365 0.7425431711145997
16 17 244 0.8970588235294118
42 50 1539 0.7328571428571429
20 27 474 0.8777777777777778
42 40 1119 0.6660714285714285
42 36 951 0.628968253968254
100 82 4059 0.49500000000000005
36 35 882 0.7
32 29 652 0.7025862068965517
43 38 1039 0.6358629130966952
17 19 287 0.8885448916408669
40 42 1184 0.7047619047619048
14 10 125 0.8928571428571429
66 35 910 0.3939393939393939
13 12 146 0.9358974358974358
13 12 146 0.9358974358974358
32 24 492 0.640625
29 42 1008 0.8275862068965518
24 26 504 0.8076923076923077
9 7 63 1.0
17 20 304 0.8941176470588236
6 7 42 1.0
30 31 699 0.7516129032258064
21 20 342 0.8142857142857143
18 25 405 0.9
27 37 828 0.8288288288288289
10 7 69 0.9857142857142858
25 28 564 0.8057142857142857
38 40 1085 0.7138157894736843
30 38 909 0.7973684210526316
25 24 464 0.7733333333333333
43 52 1641 0.7338998211091234
10 12 119 0.9916666666666667
43 55 1770 0.748414376321353
7 7 49 1.0
20 19 314 0.8263157894736842
48 50 1620 0.675
32 30 684 0.7125
44 57 1878 0.7488038277511961
22 20 349 0.7931818181818182
21 15 237 0.7523809523809525
19 20 325 0.8552631578947368
22 21 371 0.803030303030303
25 31 639 0.824516129032258
35 27 594 0.6285714285714286
9 8 72 1.0
16 18 260 0.9027777777777778
21 31 573 0.880184331797235
19 18 287 0.8391812865497076
19 16 249 0.819078947368421
44 28 630 0.5113636363636364
40 37 984 0.664864864864865
17 23 355 0.907928388746803
35 34 839 0.7050420168067227
27 35 774 0.8190476190476191
30 39 939 0.8025641025641026
18 23 369 0.8913043478260869
8 7 56 1.0
48 47 1476 0.6542553191489362
32 36 876 0.7604166666666666
79 79 3756 0.6018266303477007
64 69 2876 0.6512681159420289
9 12 108 1.0
39 43 1212 0.7227191413237924
46 48 1505 0.6816123188405797
42 43 1245 0.6893687707641196
55 68 2659 0.7109625668449198
25 26 514 0.7907692307692307
103 92 5014 0.529126213592233
70 74 3289 0.6349420849420849
30 29 639 0.7344827586206897
5 4 20 1.0
50 38 1045 0.5499999999999999
3 3 9 1.0
15 17 234 0.9176470588235294
15 18 249 0.9222222222222223
48 37 999 0.5625
11 12 129 0.9772727272727272
42 59 1917 0.7736077481840195
18 20 315 0.875
10 15 149 0.9933333333333334
12 15 174 0.9666666666666667
46 62 2149 0.7535063113604489
22 25 459 0.8345454545454545
20 25 434 0.868
13 18 224 0.9572649572649572
27 27 558 0.7654320987654322
16 24 356 0.9270833333333334
30 34 789 0.7735294117647059
20 27 474 0.8777777777777778
17 24 372 0.9117647058823529
25 27 539 0.7985185185185185
43 32 784 0.5697674418604651
12 5 54 0.9
42 37 993 0.6389961389961389
66 62 2439 0.5960410557184751
18 22 351 0.8863636363636364
28 37 846 0.8166023166023166
14 15 195 0.9285714285714286
14 21 279 0.9489795918367346
19 15 230 0.8070175438596491
31 48 1235 0.8299731182795699
43 48 1469 0.7117248062015503
31 35 832 0.7668202764976959
15 24 339 0.9416666666666668
24 26 504 0.8076923076923077
45 49 1539 0.6979591836734694
51 56 1953 0.6838235294117647
14 7 83 0.8469387755102041
64 77 3388 0.6875
45 63 2169 0.7650793650793651
22 22 393 0.8119834710743802
26 30 627 0.8038461538461539
35 35 874 0.713469387755102
31 33 770 0.7526881720430108
51 30 705 0.4607843137254902
35 45 1224 0.777142857142857
26 35 757 0.8318681318681319
39 48 1407 0.7516025641025642
42 52 1623 0.7431318681318682
50 59 2089 0.708135593220339
13 20 250 0.9615384615384615
7 5 35 1.0
34 37 933 0.7416534181240063
22 32 613 0.8707386363636364
30 38 909 0.7973684210526316
29 29 631 0.7502972651605231
21 24 426 0.8452380952380952
22 19 327 0.7822966507177034
9 16 144 1.0
48 52 1716 0.6875
30 29 639 0.7344827586206897
42 46 1371 0.7096273291925467
16 17 244 0.8970588235294118
29 37 863 0.804287045666356
18 20 315 0.875
7 8 56 1.0
40 48 1424 0.7416666666666667
10 10 99 0.99
73 48 1560 0.4452054794520548
73 84 4052 0.6607958251793868
53 25 525 0.3962264150943396
63 17 289 0.2698412698412698
44 20 370 0.4204545454545454
32 33 780 0.7386363636363636
15 17 234 0.9176470588235294
28 20 370 0.6607142857142857
8 9 72 1.0
39 39 1056 0.6942800788954635
86 66 2739 0.4825581395348837
31 38 925 0.7852292020373515
101 80 3880 0.4801980198019802
39 46 1329 0.7408026755852843
106 94 5217 0.5235849056603774
57 77 3213 0.7320574162679426
25 27 539 0.7985185185185185
42 58 1875 0.769704433497537
25 38 814 0.856842105263158
19 20 325 0.8552631578947368
50 34 867 0.51
18 21 333 0.8809523809523809
41 36 948 0.6422764227642276
27 25 504 0.7466666666666667
36 49 1386 0.7857142857142857
16 13 180 0.8653846153846154
32 32 748 0.73046875
34 40 1035 0.7610294117647058
11 8 85 0.9659090909090909
30 44 1089 0.825
54 34 867 0.47222222222222227
31 34 801 0.7599620493358634
26 21 393 0.7197802197802198
14 21 279 0.9489795918367346
28 35 790 0.8061224489795918
26 40 887 0.8528846153846154
19 21 344 0.8621553884711779
31 46 1173 0.8225806451612903
24 36 744 0.8611111111111112
12 7 78 0.9285714285714286
32 31 716 0.7217741935483871
43 45 1340 0.6925064599483204
30 30 669 0.7433333333333334
14 14 181 0.923469387755102
16 17 244 0.8970588235294118
37 30 704 0.6342342342342343
9 11 99 1.0
78 89 4527 0.6521175453759723
74 47 1504 0.4324324324324324
40 55 1704 0.7745454545454545
23 23 424 0.8015122873345936
19 21 344 0.8621553884711779
41 61 1973 0.7888844462215114
11 20 217 0.9863636363636363
57 52 1788 0.6032388663967612
14 19 251 0.9436090225563909
22 24 437 0.8276515151515151
55 77 3154 0.7447461629279811
96 97 5484 0.5889175257731959
63 89 4122 0.7351524879614767
12 9 102 0.9444444444444444
48 72 2676 0.7743055555555556
24 24 456 0.7916666666666666
40 54 1664 0.7703703703703704
21 23 405 0.8385093167701863
13 15 185 0.9487179487179487
55 49 1614 0.5988868274582559
77 68 2890 0.551948051948052
24 14 217 0.6458333333333333
35 53 1504 0.8107816711590295
77 84 4122 0.6372912801484231
31 40 987 0.7959677419354839
37 44 1222 0.7506142506142506
10 8 79 0.9875
54 63 2367 0.6957671957671958
27 28 585 0.7738095238095238
36 40 1062 0.7375
33 38 954 0.7607655502392344
24 18 312 0.7222222222222222
37 38 1000 0.7112375533428166
13 5 55 0.8461538461538461
41 38 1030 0.6611039794608472
43 42 1211 0.6705426356589147
11 9 96 0.9696969696969696
51 58 2055 0.6947261663286004
36 36 918 0.7083333333333334
23 28 539 0.8369565217391305
16 19 276 0.9078947368421053
32 23 460 0.625
49 55 1875 0.6957328385899814
22 20 349 0.7931818181818182
38 51 1503 0.7755417956656347
33 30 690 0.696969696969697
27 24 477 0.7361111111111112
43 50 1555 0.7232558139534884
36 47 1314 0.776595744680851
17 11 151 0.8074866310160428
45 54 1764 0.725925925925926
59 64 2501 0.6623411016949152
13 8 94 0.9038461538461539
10 10 99 0.99
46 60 2057 0.7452898550724638
10 14 139 0.9928571428571429
31 43 1080 0.8102025506376593
49 71 2659 0.7643000862316757
13 10 120 0.923076923076923
9 9 81 1.0
96 84 4242 0.5260416666666666
62 68 2785 0.6605787476280836
29 39 921 0.8143236074270557
57 77 3213 0.7320574162679426
28 26 538 0.739010989010989
28 28 594 0.7576530612244898
31 36 863 0.7732974910394266
15 13 174 0.8923076923076922
62 63 2475 0.6336405529953918
51 41 1189 0.5686274509803921
21 23 405 0.8385093167701863
13 12 146 0.9358974358974358
32 41 1036 0.7896341463414634
33 32 756 0.7159090909090909
31 33 770 0.7526881720430108
18 21 333 0.8809523809523809
21 20 342 0.8142857142857143
19 28 477 0.8966165413533834
16 13 180 0.8653846153846154
27 24 477 0.7361111111111112
17 19 287 0.8885448916408669
54 56 1989 0.6577380952380952
25 22 414 0.7527272727272727
14 14 181 0.923469387755102
22 24 437 0.8276515151515151
84 74 3367 0.5416666666666667
44 50 1570 0.7136363636363636
61 66 2648 0.6577247888723299
13 21 263 0.9633699633699633
51 29 667 0.45098039215686275
43 51 1598 0.7286821705426356
21 25 447 0.8514285714285714
27 32 693 0.8020833333333334
35 29 664 0.6541871921182266
77 72 3198 0.5768398268398269
54 60 2205 0.6805555555555556
33 34 822 0.732620320855615
17 26 406 0.9185520361990951
37 40 1074 0.7256756756756757
6 8 48 1.0
62 68 2785 0.6605787476280836
39 54 1641 0.7792022792022792
27 42 963 0.8492063492063492
48 40 1140 0.59375
15 20 279 0.93
17 25 389 0.9152941176470588
64 90 4220 0.7326388888888888
61 39 1092 0.45901639344262296
65 95 4579 0.7415384615384616
18 20 315 0.875
31 38 925 0.7852292020373515
42 54 1707 0.7526455026455027
30 45 1119 0.8288888888888888
26 29 601 0.7970822281167109
55 25 525 0.3818181818181818
23 31 608 0.85273492286115
23 30 585 0.8478260869565217
63 62 2421 0.619815668202765
30 41 999 0.8121951219512195
19 29 496 0.9001814882032668
41 86 2998 0.8502552467385139
20 42 774 0.9214285714285715
23 46 953 0.9007561436672967
14 19 251 0.9436090225563909
42 60 1959 0.7773809523809524
20 28 494 0.8821428571428571
12 19 222 0.9736842105263158
11 23 250 0.9881422924901185
18 10 135 0.75
66 79 3561 0.6829689298043728
41 67 2219 0.8077903167091373
44 41 1174 0.6507760532150777
24 26 504 0.8076923076923077
61 70 2892 0.6772833723653395
52 79 3162 0.7697176241480039
31 38 925 0.7852292020373515
34 35 865 0.726890756302521
32 33 780 0.7386363636363636
21 31 573 0.880184331797235
22 21 371 0.803030303030303
50 45 1389 0.6173333333333334
38 49 1427 0.7663802363050484
56 73 2960 0.7240704500978473
94 85 4335 0.5425531914893617
93 90 4800 0.5734767025089605
27 36 801 0.8240740740740741
19 18 287 0.8391812865497076
12 8 90 0.9375
34 32 763 0.7012867647058824
54 36 954 0.49074074074074076
51 52 1749 0.659502262443439
20 16 254 0.79375
22 19 327 0.7822966507177034
42 38 1035 0.6484962406015038
12 11 126 0.9545454545454546
25 22 414 0.7527272727272727
26 23 445 0.7441471571906355
10 9 89 0.9888888888888889
16 25 372 0.93
55 36 954 0.48181818181818176
28 41 958 0.8344947735191638
14 27 363 0.9603174603174602
12 9 102 0.9444444444444444
16 18 260 0.9027777777777778
24 28 552 0.8214285714285714
11 13 140 0.979020979020979
33 37 921 0.7542997542997544
23 29 562 0.8425787106446777
8 8 64 1.0
27 40 909 0.8416666666666666
21 27 489 0.8624338624338624
26 38 835 0.8451417004048583
23 26 493 0.8244147157190636
24 30 600 0.8333333333333334
20 25 434 0.868
21 29 531 0.8719211822660098
16 13 180 0.8653846153846154
67 40 1140 0.4253731343283582
68 83 3874 0.686392629340893
15 16 219 0.9125
25 28 564 0.8057142857142857
17 19 287 0.8885448916408669
30 32 729 0.759375
21 18 300 0.7936507936507937
24 25 480 0.8
22 21 371 0.803030303030303
19 48 857 0.9396929824561404
6 8 48 1.0
75 39 1092 0.37333333333333335
35 25 525 0.6
42 42 1203 0.6819727891156463
24 19 336 0.7368421052631579
35 28 629 0.6418367346938776
52 59 2122 0.6916558018252933
45 54 1764 0.725925925925926
53 66 2508 0.7169811320754718
35 28 629 0.6418367346938776
15 15 204 0.9066666666666666
29 28 602 0.7413793103448275
40 40 1104 0.6900000000000001
44 45 1350 0.6818181818181819
37 35 889 0.6864864864864865
34 36 899 0.7344771241830066
32 27 588 0.6805555555555556
17 16 236 0.8676470588235294
13 16 198 0.9519230769230769
19 26 439 0.888663967611336
20 19 314 0.8263157894736842
24 26 504 0.8076923076923077
66 65 2637 0.6146853146853146
30 38 909 0.7973684210526316
19 20 325 0.8552631578947368
28 20 370 0.6607142857142857
37 35 889 0.6864864864864865
52 59 2122 0.6916558018252933
13 16 198 0.9519230769230769
28 31 678 0.7811059907834101
27 30 639 0.788888888888889
13 13 159 0.9408284023668638
61 69 2831 0.6726063197909242
15 17 234 0.9176470588235294
26 26 523 0.7736686390532544
16 10 132 0.825
31 38 925 0.7852292020373515
89 53 1855 0.3932584269662921
41 37 989 0.6519446275543836
24 26 504 0.8076923076923077
41 53 1645 0.757017947537966
47 66 2361 0.7611218568665377
15 14 189 0.9
32 40 1004 0.784375
38 34 857 0.663312693498452
19 16 249 0.819078947368421
34 31 729 0.6916508538899431
51 47 1494 0.623279098873592
28 20 370 0.6607142857142857
16 15 212 0.8833333333333333
17 14 202 0.8487394957983193
22 22 393 0.8119834710743802
22 26 481 0.8409090909090909
34 40 1035 0.7610294117647058
58 75 3125 0.7183908045977012
