15 31 420 0.9032258064516129
4 6 24 1.0
41 51 1461 0.6987087517934003
38 43 1106 0.6768665850673194
29 20 310 0.5344827586206897
30 37 810 0.7297297297297297
26 27 492 0.7008547008547009
33 36 810 0.6818181818181819
27 29 552 0.7049808429118773
24 24 405 0.703125
19 26 403 0.8157894736842105
38 24 420 0.4605263157894737
32 43 1025 0.7449127906976745
10 16 150 0.9375
6 9 54 1.0
49 68 2386 0.7160864345738295
34 26 481 0.5441176470588235
50 68 2410 0.7088235294117647
28 40 867 0.7741071428571429
36 53 1443 0.7562893081761006
43 59 1834 0.7229010642491132
28 32 643 0.7176339285714286
48 58 1881 0.6756465517241379
13 15 167 0.8564102564102565
8 10 77 0.9625
37 33 725 0.5937755937755937
48 56 1785 0.6640625
21 21 321 0.7278911564625851
42 48 1350 0.6696428571428572
18 25 372 0.8266666666666667
34 33 716 0.6381461675579323
19 27 422 0.8226120857699805
38 31 651 0.5526315789473685
39 46 1233 0.6872909698996655
15 18 225 0.8333333333333334
4 7 28 1.0
74 91 4388 0.6516186516186516
35 46 1175 0.7298136645962733
47 59 1912 0.6895059502344031
36 36 831 0.6412037037037037
51 16 216 0.2647058823529412
32 39 897 0.71875
36 39 939 0.6688034188034188
23 27 468 0.7536231884057971
13 23 271 0.9063545150501673
4 6 24 1.0
14 15 174 0.8285714285714286
32 40 929 0.72578125
41 30 615 0.5
27 30 579 0.7148148148148148
27 35 714 0.7555555555555555
31 38 853 0.7241086587436333
43 53 1576 0.6915313734093901
40 47 1285 0.6835106382978723
60 42 1113 0.4416666666666667
27 30 579 0.7148148148148148
34 25 450 0.5294117647058824
16 18 233 0.8090277777777778
19 23 346 0.7917620137299771
33 29 579 0.6050156739811913
30 36 780 0.7222222222222222
35 42 1035 0.7040816326530612
13 17 193 0.8733031674208145
52 44 1210 0.5288461538461539
59 81 3348 0.7005649717514124
28 37 783 0.7557915057915058
40 43 1125 0.6540697674418605
58 57 1928 0.5831820931639443
42 60 1854 0.7357142857142858
53 65 2317 0.6725689404934688
38 51 1410 0.7275541795665635
21 27 447 0.7883597883597884
40 55 1605 0.7295454545454545
41 51 1461 0.6987087517934003
55 39 975 0.45454545454545453
27 30 579 0.7148148148148148
100 100 5535 0.5535
10 8 70 0.875
23 28 491 0.7624223602484472
6 9 54 1.0
32 42 993 0.7388392857142857
20 27 435 0.8055555555555556
21 26 426 0.7802197802197802
20 26 415 0.7980769230769231
25 33 635 0.7696969696969697
17 11 121 0.6470588235294117
60 50 1525 0.5083333333333333
34 39 920 0.693815987933635
21 32 552 0.8214285714285714
24 30 549 0.7625
29 30 594 0.6827586206896552
52 65 2299 0.6801775147928993
46 68 2308 0.7378516624040921
33 34 744 0.6631016042780749
18 22 318 0.8030303030303031
50 68 2410 0.7088235294117647
24 27 477 0.7361111111111112
22 29 502 0.786833855799373
28 33 671 0.7261904761904763
43 55 1662 0.7027484143763214
15 14 165 0.7857142857142857
52 67 2403 0.6897244546498278
23 23 376 0.7107750472589792
33 39 909 0.7062937062937064
42 48 1350 0.6696428571428572
42 58 1770 0.7266009852216749
30 39 870 0.7435897435897436
32 37 833 0.7035472972972973
33 31 645 0.6304985337243402
34 43 1056 0.7222982216142271
53 16 216 0.25471698113207547
30 37 810 0.7297297297297297
56 72 2757 0.6837797619047619
6 7 42 1.0
95 26 481 0.19473684210526315
33 43 1041 0.733615221987315
53 69 2529 0.6915504511894996
52 68 2455 0.6942873303167421
24 38 741 0.8125
76 99 5039 0.6697235513024987
56 72 2757 0.6837797619047619
53 79 3059 0.7305946978743731
47 59 1912 0.6895059502344031
28 40 867 0.7741071428571429
22 33 590 0.8126721763085399
41 63 1953 0.7560975609756098
40 62 1885 0.7600806451612904
23 36 675 0.8152173913043479
27 32 633 0.7326388888888888
11 11 106 0.8760330578512397
58 70 2682 0.6605911330049261
28 38 811 0.762218045112782
19 25 384 0.8084210526315789
72 90 4269 0.6587962962962963
35 51 1350 0.7563025210084033
48 63 2121 0.7013888888888888
30 43 990 0.7674418604651163
77 70 2835 0.525974025974026
40 53 1525 0.7193396226415094
61 57 1937 0.5570894449237849
10 13 120 0.9230769230769231
28 39 839 0.7683150183150184
24 26 453 0.7259615384615384
26 33 648 0.7552447552447552
38 53 1486 0.7378351539225423
21 35 615 0.836734693877551
20 30 495 0.825
47 33 726 0.46808510638297873
24 30 549 0.7625
45 54 1650 0.6790123456790123
24 33 621 0.7840909090909091
26 36 726 0.7756410256410257
15 17 210 0.8235294117647058
18 27 408 0.8395061728395062
8 8 61 0.953125
44 54 1635 0.688131313131313
38 43 1106 0.6768665850673194
34 44 1090 0.7286096256684492
36 40 975 0.6770833333333333
29 32 652 0.7025862068965517
19 21 308 0.7719298245614035
17 15 189 0.7411764705882352
59 74 2935 0.6722400366468163
39 41 1038 0.649155722326454
27 35 714 0.7555555555555555
35 48 1245 0.7410714285714285
43 54 1619 0.6972437553832903
14 11 118 0.7662337662337663
51 36 846 0.4607843137254902
30 37 810 0.7297297297297297
16 19 249 0.819078947368421
98 49 1470 0.30612244897959184
54 69 2550 0.6843800322061192
37 36 836 0.6276276276276276
10 16 150 0.9375
46 52 1572 0.6571906354515049
61 15 195 0.21311475409836067
50 52 1610 0.6192307692307693
19 23 346 0.7917620137299771
45 65 2145 0.7333333333333333
27 30 579 0.7148148148148148
50 65 2260 0.6953846153846154
43 27 513 0.4418604651162791
5 5 25 1.0
42 58 1770 0.7266009852216749
24 28 501 0.7455357142857143
16 24 329 0.8567708333333334
51 24 420 0.34313725490196073
49 61 2043 0.6835061893609903
16 14 169 0.7544642857142857
42 51 1476 0.689075630252101
20 28 455 0.8125
42 61 1896 0.7400468384074942
42 45 1224 0.6476190476190476
100 86 4171 0.485
36 48 1263 0.7309027777777778
32 38 865 0.7113486842105263
43 24 420 0.4069767441860465
17 19 257 0.7956656346749226
40 44 1165 0.6619318181818182
14 11 118 0.7662337662337663
66 42 1113 0.4015151515151515
13 16 180 0.8653846153846154
13 12 128 0.8205128205128206
32 35 769 0.6866071428571429
29 47 1087 0.7975055025678651
24 27 477 0.7361111111111112
9 7 57 0.9047619047619048
17 22 308 0.8235294117647058
6 9 54 1.0
30 35 750 0.7142857142857143
21 28 468 0.7959183673469388
18 25 372 0.8266666666666667
27 35 714 0.7555555555555555
10 9 80 0.8888888888888888
25 33 635 0.7696969696969697
38 41 1030 0.6611039794608472
30 39 870 0.7435897435897436
25 24 410 0.6833333333333332
43 59 1834 0.7229010642491132
10 13 120 0.9230769230769231
43 51 1490 0.6794345645234838
7 10 69 0.9857142857142858
20 21 315 0.75
48 57 1833 0.6699561403508771
32 35 769 0.6866071428571429
44 59 1855 0.7145608628659476
22 24 392 0.7424242424242423
21 19 279 0.6992481203007519
19 22 327 0.7822966507177033
22 25 414 0.7527272727272727
25 29 535 0.7379310344827585
35 38 895 0.6729323308270677
9 7 57 0.9047619047619048
16 20 265 0.828125
21 25 405 0.7714285714285714
19 33 536 0.8548644338118022
19 24 365 0.8004385964912281
44 35 805 0.5227272727272728
40 47 1285 0.6835106382978723
17 18 240 0.7843137254901961
35 45 1140 0.7238095238095238
27 40 849 0.7861111111111111
30 45 1050 0.7777777777777778
18 21 300 0.7936507936507937
8 6 45 0.9375
48 35 805 0.47916666666666663
32 35 769 0.6866071428571429
79 73 3066 0.5316455696202531
64 12 138 0.1796875
9 15 129 0.9555555555555556
39 51 1428 0.717948717948718
46 47 1342 0.6207215541165587
42 52 1518 0.6950549450549451
55 73 2790 0.6948941469489415
25 30 560 0.7466666666666666
103 100 5547 0.5385436893203884
70 85 3870 0.6504201680672269
30 41 930 0.7560975609756098
5 5 25 1.0
50 45 1260 0.5599999999999999
3 3 9 1.0
15 18 225 0.8333333333333334
15 16 195 0.8125
48 49 1449 0.6160714285714286
11 19 194 0.9282296650717704
42 62 1938 0.7442396313364056
18 22 318 0.8030303030303031
10 15 140 0.9333333333333333
12 16 171 0.890625
46 64 2124 0.7214673913043478
22 24 392 0.7424242424242423
20 25 395 0.79
13 19 219 0.8866396761133604
27 34 687 0.7483660130718954
16 22 297 0.84375
30 35 750 0.7142857142857143
20 27 435 0.8055555555555556
17 26 376 0.8506787330316742
25 25 435 0.696
43 50 1447 0.6730232558139535
12 11 111 0.8409090909090909
42 47 1308 0.662613981762918
66 86 3846 0.6775898520084567
18 27 408 0.8395061728395062
28 42 923 0.7848639455782314
14 22 272 0.8831168831168831
14 22 272 0.8831168831168831
19 16 213 0.7006578947368421
31 46 1101 0.7720897615708274
43 51 1490 0.6794345645234838
31 44 1039 0.7617302052785924
15 24 315 0.875
24 27 477 0.7361111111111112
45 52 1560 0.6666666666666666
51 75 2790 0.7294117647058823
14 8 76 0.6785714285714286
64 55 1815 0.515625
45 57 1785 0.6959064327485379
22 36 656 0.8282828282828283
26 40 830 0.7980769230769231
35 41 1000 0.6968641114982579
31 37 822 0.7166521360069747
51 64 2229 0.6829044117647058
35 46 1175 0.7298136645962733
26 37 752 0.7817047817047817
39 54 1545 0.7336182336182335
42 38 930 0.5827067669172932
50 70 2510 0.7171428571428572
13 18 206 0.8803418803418803
7 11 76 0.987012987012987
34 44 1090 0.7286096256684492
22 35 634 0.8233766233766233
30 37 810 0.7297297297297297
29 35 739 0.7280788177339902
21 32 552 0.8214285714285714
22 21 326 0.7056277056277056
9 15 129 0.9555555555555556
48 65 2217 0.7105769230769231
30 32 660 0.6875
42 51 1476 0.689075630252101
16 21 281 0.8363095238095238
29 31 623 0.692992213570634
18 22 318 0.8030303030303031
7 12 83 0.9880952380952381
40 46 1245 0.6766304347826086
10 10 90 0.9
73 40 1020 0.3493150684931507
73 88 4146 0.6453922789539228
53 80 3112 0.7339622641509435
63 76 3135 0.6547619047619048
44 56 1723 0.6992694805194805
32 41 961 0.7324695121951219
15 20 255 0.85
28 31 615 0.7085253456221199
8 9 69 0.9583333333333334
39 54 1545 0.7336182336182335
86 100 5360 0.6232558139534884
31 44 1039 0.7617302052785924
101 90 4545 0.5
39 50 1389 0.7123076923076923
106 100 5550 0.5235849056603774
57 79 3177 0.7055296469020653
25 34 660 0.776470588235294
42 55 1644 0.7116883116883117
25 44 910 0.8272727272727273
19 21 308 0.7719298245614035
50 39 975 0.5
18 21 300 0.7936507936507937
41 39 969 0.6060037523452158
27 29 552 0.7049808429118773
36 51 1371 0.7467320261437909
16 17 217 0.7977941176470589
32 34 737 0.6773897058823529
34 44 1090 0.7286096256684492
11 9 84 0.8484848484848485
30 41 930 0.7560975609756098
54 39 975 0.462962962962963
31 38 853 0.7241086587436333
26 27 492 0.7008547008547009
14 24 300 0.8928571428571428
28 39 839 0.7683150183150184
26 41 856 0.8030018761726078
19 26 403 0.8157894736842105
31 48 1163 0.7815860215053764
24 35 669 0.7964285714285714
12 8 75 0.78125
32 40 929 0.72578125
43 51 1490 0.6794345645234838
30 29 570 0.6551724137931034
14 23 286 0.888198757763975
16 19 249 0.819078947368421
37 32 688 0.581081081081081
9 13 111 0.9487179487179488
78 96 4860 0.6490384615384616
74 98 4906 0.6765030336458907
40 57 1685 0.7390350877192983
23 30 537 0.7782608695652175
19 24 365 0.8004385964912281
41 54 1584 0.7154471544715447
11 17 172 0.9197860962566845
57 65 2379 0.6421052631578947
14 20 244 0.8714285714285713
22 26 436 0.7622377622377622
55 86 3505 0.741014799154334
96 100 5505 0.5734375
63 72 2883 0.6355820105820106
12 7 63 0.75
48 64 2169 0.7060546875
24 29 525 0.7543103448275862
40 52 1485 0.7139423076923077
21 31 531 0.815668202764977
13 13 141 0.834319526627219
55 76 2955 0.7069377990430622
77 84 3912 0.6048237476808905
24 29 525 0.7543103448275862
35 53 1420 0.765498652291105
77 100 5144 0.668051948051948
31 47 1132 0.7769389155799588
37 52 1428 0.7422037422037422
10 15 140 0.9333333333333333
54 48 1416 0.5462962962962963
27 29 552 0.7049808429118773
36 52 1407 0.7516025641025641
33 40 942 0.7136363636363636
24 29 525 0.7543103448275862
37 48 1280 0.7207207207207208
13 23 271 0.9063545150501673
41 46 1256 0.6659597030752916
43 56 1705 0.7080564784053156
11 10 95 0.8636363636363636
51 60 2025 0.6617647058823529
36 16 216 0.375
23 28 491 0.7624223602484472
16 24 329 0.8567708333333334
32 28 545 0.6082589285714286
49 50 1504 0.6138775510204081
22 24 392 0.7424242424242423
38 55 1562 0.7473684210526317
33 24 420 0.5303030303030303
27 36 741 0.7623456790123456
43 56 1705 0.7080564784053156
36 56 1551 0.7693452380952381
17 12 138 0.676470588235294
45 74 2550 0.7657657657657657
59 72 2817 0.663135593220339
13 9 89 0.7606837606837606
10 11 100 0.9090909090909091
46 77 2722 0.7684923771880293
10 17 160 0.9411764705882353
31 37 822 0.7166521360069747
49 28 546 0.3979591836734694
13 14 154 0.8461538461538461
9 12 102 0.9444444444444445
96 47 1363 0.3020833333333333
62 89 3922 0.7107647698441464
29 40 884 0.7620689655172413
57 83 3405 0.719720989220038
28 28 531 0.6772959183673469
28 30 587 0.6988095238095239
31 38 853 0.7241086587436333
15 14 165 0.7857142857142857
62 74 2992 0.6521360069747166
51 63 2178 0.6778711484593837
21 23 363 0.7515527950310559
13 15 167 0.8564102564102565
32 45 1089 0.75625
33 39 909 0.7062937062937064
31 38 853 0.7241086587436333
18 28 426 0.8452380952380952
21 28 468 0.7959183673469388
19 34 555 0.8591331269349844
16 19 249 0.819078947368421
27 35 714 0.7555555555555555
17 9 90 0.5882352941176471
54 78 3036 0.7207977207977208
25 29 535 0.7379310344827585
14 14 160 0.8163265306122449
22 23 370 0.7312252964426876
84 100 5319 0.6332142857142857
44 38 931 0.5568181818181819
61 66 2486 0.6174863387978142
13 16 180 0.8653846153846154
51 63 2178 0.6778711484593837
43 49 1404 0.6663502610346465
21 28 468 0.7959183673469388
27 43 930 0.8010335917312661
35 44 1105 0.7175324675324676
77 90 4374 0.6311688311688312
54 71 2658 0.6932707355242567
33 35 777 0.6727272727272727
17 22 308 0.8235294117647058
37 42 1058 0.6808236808236808
6 10 60 1.0
62 91 4046 0.7171215880893301
39 65 1974 0.778698224852071
27 35 714 0.7555555555555555
48 38 931 0.5104166666666666
15 22 285 0.8636363636363636
17 24 342 0.8382352941176471
64 89 3985 0.6996137640449438
61 88 3828 0.7131147540983607
65 97 4535 0.7192704203013481
18 24 354 0.8194444444444445
31 47 1132 0.7769389155799588
42 53 1560 0.7008086253369272
30 42 960 0.7619047619047619
26 41 856 0.8030018761726078
55 57 1910 0.6092503987240829
23 34 629 0.8043478260869565
23 28 491 0.7624223602484472
63 45 1260 0.4444444444444444
30 48 1140 0.7916666666666666
19 32 517 0.850328947368421
41 69 2199 0.777306468716861
20 24 375 0.78125
23 35 652 0.8099378881987578
14 23 286 0.888198757763975
42 48 1350 0.6696428571428572
20 31 515 0.8306451612903226
12 21 231 0.9166666666666666
11 19 194 0.9282296650717704
18 20 282 0.7833333333333333
66 100 4770 0.7227272727272727
41 60 1830 0.7439024390243902
44 61 1943 0.723919523099851
24 31 573 0.7701612903225806
61 73 2913 0.6541657309678869
52 84 3287 0.752518315018315
31 29 574 0.6384872080088988
34 46 1158 0.7404092071611253
32 41 961 0.7324695121951219
21 38 678 0.849624060150376
22 17 238 0.6363636363636364
50 62 2110 0.6806451612903226
38 37 878 0.6244665718349929
56 70 2645 0.6747448979591836
94 100 5484 0.583404255319149
93 81 3726 0.4946236559139785
27 35 714 0.7555555555555555
19 19 270 0.7479224376731303
12 11 111 0.8409090909090909
34 63 1736 0.8104575163398693
54 74 2820 0.7057057057057057
51 76 2841 0.7329721362229101
20 21 315 0.75
22 26 436 0.7622377622377622
42 49 1392 0.6763848396501458
12 13 135 0.8653846153846154
25 27 485 0.7185185185185184
26 38 778 0.7874493927125507
10 11 100 0.9090909090909091
16 6 51 0.53125
55 39 975 0.45454545454545453
28 38 811 0.762218045112782
14 19 230 0.8646616541353382
12 13 135 0.8653846153846154
16 27 377 0.8726851851851852
24 24 405 0.703125
11 25 260 0.9454545454545454
33 35 777 0.6727272727272727
23 31 560 0.785413744740533
8 11 85 0.9659090909090909
27 39 822 0.7806267806267806
21 28 468 0.7959183673469388
26 36 726 0.7756410256410257
23 32 583 0.7921195652173914
24 31 573 0.7701612903225806
20 33 555 0.8409090909090909
21 32 552 0.8214285714285714
16 17 217 0.7977941176470589
67 44 1210 0.41044776119402987
68 96 4575 0.7008272058823529
15 16 195 0.8125
25 29 535 0.7379310344827585
17 20 274 0.8058823529411765
30 31 630 0.6774193548387096
21 20 300 0.7142857142857143
24 29 525 0.7543103448275862
22 25 414 0.7527272727272727
19 29 460 0.8348457350272231
6 6 36 1.0
75 59 2065 0.4666666666666667
35 40 965 0.6892857142857143
42 44 1182 0.6396103896103896
24 21 333 0.6607142857142857
35 49 1280 0.7463556851311953
52 48 1415 0.5669070512820512
45 60 1920 0.711111111111111
53 73 2741 0.708451796329801
35 39 930 0.6813186813186813
15 18 225 0.8333333333333334
29 32 652 0.7025862068965517
40 41 1045 0.6371951219512195
44 27 513 0.43181818181818177
37 28 546 0.527027027027027
34 46 1158 0.7404092071611253
32 28 545 0.6082589285714286
17 25 359 0.8447058823529412
13 19 219 0.8866396761133604
19 29 460 0.8348457350272231
20 23 355 0.7717391304347826
24 35 669 0.7964285714285714
66 78 3318 0.6445221445221445
30 43 990 0.7674418604651163
19 22 327 0.7822966507177033
28 21 336 0.5714285714285714
37 41 1021 0.6730388925510876
52 67 2403 0.6897244546498278
13 20 232 0.8923076923076924
28 34 699 0.7342436974789917
27 30 579 0.7148148148148148
13 15 167 0.8564102564102565
61 68 2608 0.6287367405978785
15 18 225 0.8333333333333334
26 29 544 0.7214854111405835
16 16 201 0.78515625
31 44 1039 0.7617302052785924
89 35 805 0.2584269662921348
41 53 1543 0.7100782328578003
24 24 405 0.703125
41 48 1338 0.6798780487804877
47 71 2476 0.7419838178004196
15 17 210 0.8235294117647058
32 46 1121 0.7615489130434783
38 48 1296 0.7105263157894738
19 21 308 0.7719298245614035
34 35 784 0.6588235294117647
51 24 420 0.34313725490196073
28 26 475 0.6524725274725275
16 17 217 0.7977941176470589
17 19 257 0.7956656346749226
22 37 678 0.8329238329238329
22 35 634 0.8233766233766233
34 53 1396 0.7746947835738069
58 83 3436 0.7137515579559618
