15 27 369 0.9111111111111112
4 6 24 1.0
41 39 1004 0.6278924327704816
38 28 574 0.5394736842105263
29 17 255 0.5172413793103448
30 32 684 0.7125
26 22 382 0.6678321678321678
33 17 255 0.4545454545454546
27 21 357 0.6296296296296295
24 21 351 0.6964285714285714
19 19 283 0.7839335180055402
38 33 758 0.6044657097288676
32 36 827 0.7178819444444444
10 12 114 0.9500000000000001
6 8 48 1.0
49 51 1596 0.6386554621848739
34 29 608 0.6166328600405679
50 52 1654 0.6361538461538461
28 39 861 0.7884615384615384
36 50 1365 0.7583333333333333
43 46 1312 0.6632962588473206
28 32 665 0.7421875
48 33 759 0.4791666666666667
13 14 161 0.8846153846153847
8 7 55 0.9821428571428571
37 38 941 0.6692745376955903
48 47 1395 0.6183510638297872
21 24 399 0.7916666666666666
42 42 1134 0.6428571428571429
18 26 402 0.8589743589743589
34 32 710 0.6525735294117647
19 17 245 0.7585139318885449
38 37 910 0.647226173541963
39 37 915 0.6340956340956341
15 15 189 0.84
4 7 28 1.0
74 58 2059 0.4797297297297297
35 32 714 0.6375
47 50 1530 0.651063829787234
36 33 753 0.6338383838383839
51 47 1407 0.5869837296620777
32 28 571 0.6372767857142857
36 36 861 0.6643518518518519
23 20 324 0.7043478260869566
13 14 161 0.8846153846153847
4 6 24 1.0
14 11 126 0.8181818181818182
32 32 699 0.6826171875
41 41 1086 0.646044021415824
27 26 492 0.7008547008547008
27 34 708 0.7712418300653594
31 36 816 0.7311827956989247
43 51 1527 0.6963064295485636
40 42 1119 0.6660714285714286
60 37 925 0.41666666666666663
27 26 492 0.7008547008547008
34 20 330 0.48529411764705876
16 14 179 0.7991071428571429
19 20 302 0.7947368421052632
33 34 771 0.6871657754010695
30 34 744 0.7294117647058824
35 35 819 0.6685714285714285
13 15 174 0.8923076923076924
52 49 1513 0.5937990580847724
59 67 2575 0.6514039969643308
28 33 693 0.75
40 47 1319 0.7015957446808511
58 74 2966 0.6910531220876048
42 53 1596 0.7169811320754716
53 59 2046 0.6543012472017908
38 51 1442 0.7440660474716202
21 32 567 0.84375
40 46 1279 0.6951086956521739
41 51 1496 0.7154471544715446
55 56 1904 0.6181818181818182
27 31 627 0.7491039426523297
100 42 1155 0.275
10 11 104 0.9454545454545454
23 30 554 0.8028985507246377
6 8 48 1.0
32 31 667 0.6723790322580645
20 19 289 0.7605263157894736
21 27 462 0.8148148148148148
20 27 449 0.8314814814814815
25 27 504 0.7466666666666667
17 17 234 0.809688581314879
60 64 2409 0.62734375
34 30 642 0.6294117647058823
21 25 420 0.8
24 27 495 0.7638888888888888
29 24 443 0.6364942528735632
52 61 2137 0.6737074401008827
46 33 759 0.5
33 31 672 0.656891495601173
18 21 312 0.8253968253968254
50 57 1904 0.6680701754385965
24 29 543 0.7801724137931034
22 29 518 0.8119122257053292
28 32 665 0.7421875
43 62 2000 0.7501875468867216
15 14 174 0.8285714285714285
52 54 1773 0.6314102564102564
23 23 393 0.7429111531190926
33 35 804 0.6961038961038961
42 49 1428 0.6938775510204082
42 39 1008 0.6153846153846154
30 34 744 0.7294117647058824
32 36 827 0.7178819444444444
33 23 414 0.5454545454545454
34 41 1016 0.7288378766140603
53 52 1675 0.6077648766328012
30 37 834 0.7513513513513513
56 66 2471 0.6685606060606061
6 5 30 1.0
95 96 5204 0.5706140350877192
33 44 1101 0.7582644628099174
53 70 2629 0.7086253369272237
52 59 2033 0.6626466753585398
24 36 711 0.8229166666666666
76 100 5185 0.6822368421052631
56 68 2583 0.6783088235294118
53 77 3000 0.7351139426611125
47 57 1859 0.6939156401642403
28 34 721 0.7573529411764706
22 26 452 0.7902097902097902
41 68 2193 0.7865853658536585
40 67 2119 0.7906716417910448
23 41 807 0.8557794273594911
27 38 816 0.7953216374269005
11 13 133 0.9300699300699301
58 36 882 0.4224137931034483
28 33 693 0.75
19 21 321 0.8045112781954887
72 67 2679 0.5553482587064676
35 44 1134 0.7363636363636363
48 45 1299 0.6013888888888889
30 39 894 0.7641025641025642
77 49 1519 0.40259740259740256
40 55 1639 0.745
61 66 2541 0.6311475409836066
10 8 74 0.925
28 34 721 0.7573529411764706
24 25 447 0.745
26 35 720 0.7912087912087913
38 46 1252 0.7162471395881006
21 28 483 0.8214285714285714
20 24 389 0.8104166666666667
47 55 1765 0.6827852998065764
24 26 471 0.7548076923076923
45 48 1419 0.6569444444444444
24 31 591 0.7943548387096774
26 30 590 0.7564102564102565
15 15 189 0.84
18 17 240 0.7843137254901961
8 7 55 0.9821428571428571
44 45 1277 0.6449494949494949
38 42 1100 0.6892230576441103
34 46 1186 0.7583120204603581
36 22 385 0.4861111111111111
29 23 414 0.6206896551724138
19 22 340 0.8133971291866029
17 16 217 0.7977941176470589
59 78 3224 0.7005649717514124
39 39 993 0.6528599605522682
27 27 519 0.7119341563786008
35 45 1169 0.7422222222222222
43 48 1398 0.6773255813953488
14 12 140 0.8333333333333334
51 65 2325 0.7013574660633484
30 35 774 0.7371428571428572
16 20 275 0.859375
98 42 1155 0.2806122448979592
54 71 2706 0.7057902973395932
37 39 978 0.6777546777546777
10 15 144 0.9600000000000001
46 49 1474 0.6539485359361136
61 14 189 0.22131147540983606
50 51 1604 0.6290196078431373
19 22 340 0.8133971291866029
45 53 1644 0.6893081761006289
27 30 600 0.7407407407407407
50 52 1654 0.6361538461538461
43 45 1269 0.6558139534883721
5 4 20 1.0
42 54 1638 0.7222222222222222
24 29 543 0.7801724137931034
16 28 403 0.8995535714285714
51 55 1815 0.6470588235294117
49 59 1988 0.6876513317191283
16 12 147 0.765625
42 34 799 0.5595238095238095
20 22 349 0.7931818181818181
42 47 1344 0.6808510638297872
42 35 840 0.5714285714285714
100 78 3549 0.455
36 38 933 0.6820175438596492
32 31 667 0.6723790322580645
43 17 255 0.3488372093023256
17 19 268 0.8297213622291022
40 44 1199 0.68125
14 12 140 0.8333333333333334
66 84 3774 0.6807359307359307
13 13 148 0.8757396449704142
13 12 135 0.8653846153846154
32 24 444 0.578125
29 42 965 0.7922824302134647
24 27 495 0.7638888888888888
9 7 60 0.9523809523809524
17 16 217 0.7977941176470589
6 8 48 1.0
30 36 804 0.7444444444444445
21 25 420 0.8
18 24 366 0.8472222222222222
27 37 789 0.7897897897897898
10 16 154 0.9625
25 30 579 0.772
38 37 910 0.647226173541963
30 39 894 0.7641025641025642
25 28 529 0.7557142857142857
43 46 1312 0.6632962588473206
10 12 114 0.9500000000000001
43 52 1570 0.7021466905187835
7 7 49 1.0
20 24 389 0.8104166666666667
48 53 1683 0.6615566037735849
32 34 763 0.7012867647058824
44 53 1629 0.6985420240137221
22 20 320 0.7272727272727273
21 17 252 0.7058823529411765
19 18 264 0.7719298245614036
22 19 298 0.7129186602870813
25 30 579 0.772
35 34 784 0.6588235294117647
9 7 60 0.9523809523809524
16 15 195 0.8125
21 28 483 0.8214285714285714
19 19 283 0.7839335180055402
19 23 359 0.8215102974828375
44 34 799 0.5340909090909092
40 46 1279 0.6951086956521739
17 18 251 0.8202614379084968
35 28 574 0.5857142857142856
27 35 735 0.7777777777777778
30 31 654 0.7032258064516129
18 21 312 0.8253968253968254
8 7 55 0.9821428571428571
48 38 969 0.53125
32 31 667 0.6723790322580645
79 76 3376 0.5622918054630247
64 50 1575 0.4921875
9 12 105 0.9722222222222222
39 44 1188 0.6923076923076923
46 43 1198 0.6056622851365016
42 46 1302 0.6739130434782609
55 54 1794 0.604040404040404
25 30 579 0.772
103 89 4539 0.49514563106796117
70 84 3864 0.6571428571428571
30 26 504 0.6461538461538462
5 4 20 1.0
50 42 1155 0.55
3 3 9 1.0
15 14 174 0.8285714285714285
15 8 84 0.7
48 55 1779 0.6738636363636363
11 14 144 0.9350649350649352
42 59 1848 0.7457627118644068
18 19 276 0.8070175438596492
10 15 144 0.9600000000000001
12 15 165 0.9166666666666666
46 64 2164 0.7350543478260869
22 25 430 0.7818181818181819
20 24 389 0.8104166666666667
13 17 200 0.9049773755656109
27 28 546 0.7222222222222222
16 23 323 0.8777173913043478
30 35 774 0.7371428571428572
20 26 429 0.825
17 24 353 0.8651960784313726
25 29 554 0.7641379310344828
43 29 609 0.48837209302325585
12 13 141 0.9038461538461539
42 44 1218 0.6590909090909091
66 72 2982 0.6275252525252525
18 19 276 0.8070175438596492
28 23 413 0.6413043478260869
14 16 196 0.875
14 21 266 0.9047619047619048
19 19 283 0.7839335180055402
31 51 1281 0.810246679316888
43 45 1269 0.6558139534883721
31 30 630 0.6774193548387097
15 25 339 0.904
24 28 519 0.7723214285714286
45 47 1374 0.649645390070922
51 60 2070 0.676470588235294
14 7 70 0.7142857142857143
64 39 1014 0.40625
45 65 2184 0.7466666666666666
22 23 386 0.7628458498023716
26 33 668 0.7785547785547786
35 40 994 0.71
31 33 723 0.7067448680351907
51 45 1305 0.5686274509803921
35 49 1309 0.7632653061224489
26 36 746 0.7970085470085471
39 50 1422 0.7292307692307692
42 59 1848 0.7457627118644068
50 62 2154 0.6948387096774193
13 20 239 0.9192307692307692
7 8 56 1.0
34 38 914 0.7074303405572756
22 17 254 0.6791443850267379
30 37 834 0.7513513513513513
29 33 704 0.735632183908046
21 30 525 0.8333333333333334
22 17 254 0.6791443850267379
9 14 123 0.9761904761904762
48 58 1923 0.6907327586206896
30 34 744 0.7294117647058824
42 47 1344 0.6808510638297872
16 17 227 0.8345588235294118
29 62 1545 0.8592880978865406
18 21 312 0.8253968253968254
7 12 84 1.0
40 47 1319 0.7015957446808511
10 7 64 0.9142857142857144
73 81 3702 0.626078132927448
73 73 3118 0.585100394070182
53 37 925 0.47169811320754723
63 62 2310 0.5913978494623655
44 41 1101 0.6103104212860311
32 32 699 0.6826171875
15 15 189 0.84
28 24 441 0.65625
8 10 79 0.9875
39 44 1188 0.6923076923076923
86 97 5182 0.6211939582833853
31 38 878 0.7453310696095077
101 73 3139 0.42574257425742573
39 48 1344 0.717948717948718
106 99 5544 0.5283018867924528
57 83 3456 0.7305009511731134
25 24 429 0.715
42 55 1680 0.7272727272727273
25 28 529 0.7557142857142857
19 24 378 0.8289473684210527
50 68 2454 0.7217647058823529
18 22 330 0.8333333333333333
41 46 1291 0.6845174973488866
27 29 573 0.7318007662835249
36 55 1545 0.7803030303030303
16 15 195 0.8125
32 29 603 0.6497844827586207
34 39 948 0.7149321266968326
11 6 56 0.8484848484848485
30 42 984 0.7809523809523808
54 30 645 0.39814814814814814
31 33 723 0.7067448680351907
26 24 434 0.6955128205128206
14 21 266 0.9047619047619048
28 35 749 0.7642857142857142
26 40 850 0.8173076923076923
19 21 321 0.8045112781954887
31 42 1002 0.7695852534562212
24 36 711 0.8229166666666666
12 6 57 0.7916666666666666
32 34 763 0.7012867647058824
43 48 1398 0.6773255813953488
30 29 594 0.6827586206896552
14 11 126 0.8181818181818182
16 17 227 0.8345588235294118
37 43 1126 0.7077309868007542
9 9 78 0.9629629629629629
78 63 2394 0.48717948717948717
74 90 4382 0.657957957957958
40 46 1279 0.6951086956521739
23 23 393 0.7429111531190926
19 19 283 0.7839335180055402
41 56 1701 0.7408536585365854
11 18 188 0.9494949494949494
57 53 1746 0.5779543197616683
14 16 196 0.875
22 22 364 0.7520661157024794
55 77 3059 0.7223140495867768
96 95 5115 0.5608552631578947
63 39 1014 0.4126984126984127
12 15 165 0.9166666666666666
48 72 2595 0.7508680555555556
24 27 495 0.7638888888888888
40 68 2159 0.7937500000000001
21 24 399 0.7916666666666666
13 19 226 0.9149797570850202
55 69 2619 0.6901185770750988
77 94 4753 0.6566731141199226
24 24 423 0.734375
35 54 1484 0.7851851851851852
77 89 4368 0.6373850868232891
31 28 568 0.6543778801843319
37 41 1052 0.6934739617666447
10 13 124 0.9538461538461539
54 67 2490 0.6882255389718077
27 32 654 0.7569444444444444
36 35 825 0.6547619047619048
33 45 1134 0.7636363636363637
24 26 471 0.7548076923076923
37 36 867 0.6509009009009009
13 14 161 0.8846153846153847
41 46 1291 0.6845174973488866
43 47 1355 0.6704601682335478
11 9 89 0.8989898989898991
51 58 1968 0.665314401622718
36 38 933 0.6820175438596492
23 28 508 0.7888198757763975
16 21 291 0.8660714285714286
32 30 635 0.6614583333333334
49 53 1694 0.6522911051212937
22 25 430 0.7818181818181819
38 52 1480 0.7489878542510121
33 30 639 0.6454545454545454
27 30 600 0.7407407407407407
43 48 1398 0.6773255813953488
36 50 1365 0.7583333333333333
17 11 132 0.7058823529411765
45 48 1419 0.6569444444444444
59 67 2575 0.6514039969643308
13 11 122 0.8531468531468532
10 11 104 0.9454545454545454
46 67 2302 0.7469175859831279
10 15 144 0.9600000000000001
31 36 816 0.7311827956989247
49 65 2282 0.7164835164835165
13 12 135 0.8653846153846154
9 13 114 0.9743589743589743
96 31 682 0.22916666666666669
62 75 3110 0.6688172043010753
29 33 704 0.735632183908046
57 75 3000 0.7017543859649122
28 29 581 0.7155172413793104
28 37 805 0.777027027027027
31 38 878 0.7453310696095077
15 13 159 0.8153846153846154
62 79 3358 0.685585953450388
51 59 2019 0.6709870388833499
21 23 378 0.782608695652174
13 11 122 0.8531468531468532
32 40 955 0.74609375
33 34 771 0.6871657754010695
31 29 599 0.6662958843159066
18 24 366 0.8472222222222222
21 23 378 0.782608695652174
19 32 530 0.8717105263157895
16 15 195 0.8125
27 23 411 0.6618357487922705
17 17 234 0.809688581314879
54 60 2112 0.6518518518518519
25 24 429 0.715
14 13 154 0.8461538461538461
22 24 408 0.7727272727272728
84 89 4473 0.598314606741573
44 46 1321 0.6526679841897234
61 51 1632 0.5245901639344263
13 16 187 0.8990384615384616
51 41 1107 0.5294117647058824
43 45 1269 0.6558139534883721
21 18 273 0.7222222222222222
27 25 465 0.6888888888888889
35 35 819 0.6685714285714285
77 88 4291 0.6332644628099173
54 59 2058 0.6459510357815443
33 41 1002 0.7405764966740577
17 21 302 0.84593837535014
37 42 1089 0.7007722007722007
6 9 54 1.0
62 54 1809 0.5403225806451613
39 54 1578 0.7492877492877492
27 33 681 0.7643097643097643
48 50 1539 0.64125
15 27 369 0.9111111111111112
17 21 302 0.84593837535014
64 83 3659 0.6888177710843374
61 100 4615 0.7565573770491804
65 88 4009 0.7008741258741259
18 28 438 0.869047619047619
31 39 909 0.7518610421836228
42 45 1260 0.6666666666666666
30 42 984 0.7809523809523808
26 29 564 0.7480106100795756
55 23 414 0.32727272727272727
23 33 623 0.8208168642951251
23 32 600 0.8152173913043478
63 69 2751 0.6328502415458936
30 50 1224 0.816
19 25 397 0.8357894736842105
41 70 2275 0.7926829268292682
20 25 409 0.818
23 48 968 0.8768115942028986
14 21 266 0.9047619047619048
42 54 1638 0.7222222222222222
20 33 569 0.8621212121212121
12 22 249 0.9431818181818182
11 23 243 0.9604743083003953
18 13 168 0.717948717948718
66 72 2982 0.6275252525252525
41 51 1496 0.7154471544715446
44 49 1453 0.6739332096474954
24 34 663 0.8125
61 70 2785 0.6522248243559718
52 78 3021 0.7448224852071006
31 36 816 0.7311827956989247
34 43 1084 0.7414500683994528
32 33 731 0.6922348484848485
21 40 735 0.875
22 22 364 0.7520661157024794
50 59 2004 0.679322033898305
38 38 948 0.6565096952908587
56 72 2807 0.6961805555555556
94 97 5290 0.580171090151349
93 45 1305 0.3118279569892473
27 34 708 0.7712418300653594
19 23 359 0.8215102974828375
12 9 93 0.8611111111111112
34 35 812 0.6823529411764706
54 70 2652 0.7015873015873016
51 55 1815 0.6470588235294117
20 17 249 0.7323529411764705
22 17 254 0.6791443850267379
42 47 1344 0.6808510638297872
12 12 129 0.8958333333333334
25 21 354 0.6742857142857143
26 24 434 0.6955128205128206
10 12 114 0.9500000000000001
16 13 163 0.7836538461538461
55 66 2454 0.6760330578512397
28 45 1029 0.8166666666666667
14 18 224 0.8888888888888888
12 8 81 0.84375
16 22 307 0.8721590909090909
24 30 567 0.7875
11 10 100 0.9090909090909092
33 36 837 0.7045454545454546
23 33 623 0.8208168642951251
8 10 79 0.9875
27 36 762 0.7839506172839505
21 26 441 0.8076923076923077
26 33 668 0.7785547785547786
23 26 462 0.7725752508361203
24 25 447 0.745
20 28 469 0.8375
21 26 441 0.8076923076923077
16 11 131 0.7443181818181818
67 58 2059 0.5298507462686567
68 79 3481 0.6479895755770663
15 16 204 0.85
25 21 354 0.6742857142857143
17 20 285 0.8382352941176471
30 30 624 0.6933333333333334
21 16 231 0.6875
24 23 399 0.7228260869565217
22 20 320 0.7272727272727273
19 27 435 0.847953216374269
6 6 36 1.0
75 55 1870 0.4533333333333333
35 32 714 0.6375
42 44 1218 0.6590909090909091
24 26 471 0.7548076923076923
35 32 714 0.6375
52 50 1565 0.6019230769230769
45 44 1239 0.6257575757575758
53 60 2099 0.660062893081761
35 30 644 0.6133333333333333
15 12 144 0.7999999999999999
29 29 588 0.699167657550535
40 47 1319 0.7015957446808511
44 56 1761 0.7146915584415584
37 27 540 0.5405405405405406
34 35 812 0.6823529411764706
32 26 507 0.609375
17 17 234 0.809688581314879
13 11 122 0.8531468531468532
19 34 568 0.8792569659442725
20 17 249 0.7323529411764705
24 40 807 0.840625
66 30 645 0.3257575757575758
30 38 864 0.7578947368421053
19 22 340 0.8133971291866029
28 18 279 0.5535714285714285
37 33 756 0.6191646191646192
52 54 1773 0.6314102564102564
13 18 213 0.9102564102564101
28 29 581 0.7155172413793104
27 28 546 0.7222222222222222
13 13 148 0.8757396449704142
61 76 3151 0.6796807592752373
15 17 219 0.8588235294117647
26 35 720 0.7912087912087913
16 14 179 0.7991071428571429
31 36 816 0.7311827956989247
89 47 1410 0.33707865168539325
41 39 1004 0.6278924327704816
24 25 447 0.745
41 51 1496 0.7154471544715446
47 62 2094 0.7185998627316403
15 18 234 0.8666666666666667
32 36 827 0.7178819444444444
38 38 948 0.6565096952908587
19 16 226 0.743421052631579
34 33 744 0.6631016042780749
51 46 1356 0.5780051150895141
28 22 385 0.625
16 15 195 0.8125
17 19 268 0.8297213622291022
22 13 169 0.5909090909090909
22 33 606 0.8347107438016529
34 31 676 0.6413662239089184
58 76 3082 0.6991833030852995
