15 32 389 0.8104166666666667
4 7 25 0.8928571428571429
41 47 1147 0.5952257394914375
38 26 377 0.381578947368421
29 36 666 0.6379310344827586
30 27 405 0.5
26 32 532 0.6394230769230769
33 36 692 0.5824915824915825
27 34 593 0.6459694989106753
24 27 395 0.6095679012345678
19 26 341 0.6902834008097165
38 22 275 0.3289473684210526
32 14 119 0.265625
10 20 164 0.82
6 10 50 0.8333333333333334
49 58 1714 0.6030964109781843
34 41 866 0.6212338593974175
50 65 2074 0.6381538461538461
28 45 909 0.7214285714285714
36 54 1349 0.6939300411522633
43 63 1848 0.6821705426356589
28 13 104 0.2857142857142857
48 41 902 0.45833333333333337
13 20 194 0.7461538461538462
8 15 99 0.825
37 11 77 0.1891891891891892
48 39 819 0.4375
21 22 272 0.5887445887445888
42 44 1028 0.5562770562770563
18 20 224 0.6222222222222222
34 43 934 0.6388508891928865
19 23 284 0.6498855835240275
38 28 434 0.40789473684210525
39 39 818 0.5378040762656148
15 31 374 0.8043010752688172
4 8 29 0.90625
74 83 3514 0.5721263432106806
35 43 944 0.6272425249169435
47 38 779 0.4361702127659574
36 23 299 0.3611111111111111
51 15 135 0.1764705882352941
32 24 324 0.421875
36 47 1097 0.6483451536643026
23 20 230 0.5
13 20 194 0.7461538461538462
4 9 33 0.9166666666666666
14 10 65 0.4642857142857143
32 15 135 0.28125
41 27 405 0.3658536585365854
27 34 593 0.6459694989106753
27 33 566 0.6352413019079686
31 27 405 0.4838709677419355
43 56 1547 0.6424418604651162
40 53 1379 0.6504716981132076
60 47 1175 0.41666666666666663
27 37 674 0.6746746746746747
34 13 104 0.23529411764705882
16 22 247 0.7017045454545454
19 20 227 0.5973684210526315
33 21 252 0.36363636363636365
30 40 794 0.6616666666666666
35 32 560 0.5
13 15 129 0.6615384615384615
52 75 2625 0.6730769230769231
59 64 2123 0.5622351694915254
28 39 741 0.6785714285714286
40 54 1419 0.6569444444444444
58 77 2870 0.6426332288401254
42 56 1532 0.6513605442176871
53 70 2384 0.6425876010781671
38 69 1956 0.7459954233409611
21 73 1343 0.8760600130463144
40 52 1339 0.64375
41 63 1803 0.6980255516840883
55 44 1034 0.4272727272727273
27 39 728 0.691358024691358
100 93 4464 0.48
10 11 74 0.6727272727272727
23 35 574 0.7130434782608696
6 10 50 0.8333333333333334
32 42 879 0.6540178571428571
20 31 449 0.7241935483870967
21 27 377 0.6649029982363316
20 27 369 0.6833333333333333
25 35 599 0.6845714285714286
17 12 90 0.4411764705882353
60 100 4289 0.7148333333333333
34 31 527 0.5
21 26 356 0.652014652014652
24 29 443 0.6364942528735632
29 35 637 0.6275862068965518
52 67 2209 0.6340413318025259
46 77 2552 0.7204968944099379
33 15 135 0.2727272727272727
18 28 368 0.7301587301587301
50 77 2674 0.6945454545454545
24 28 419 0.6235119047619048
22 28 406 0.6590909090909091
28 38 713 0.6701127819548872
43 46 1117 0.564711830131446
15 19 194 0.6807017543859649
52 66 2157 0.6284965034965035
23 28 413 0.6413043478260869
33 45 989 0.665993265993266
42 23 299 0.3095238095238095
42 27 405 0.35714285714285715
30 1 2 0.06666666666666667
32 40 815 0.63671875
33 47 1055 0.6802063185041908
34 47 1070 0.6695869837296621
53 30 495 0.3113207547169811
30 38 734 0.643859649122807
56 27 405 0.26785714285714285
6 9 44 0.8148148148148148
95 100 5129 0.5398947368421052
33 50 1154 0.6993939393939393
53 73 2543 0.6572757818557767
52 66 2157 0.6284965034965035
24 37 635 0.7150900900900901
76 100 4825 0.6348684210526315
56 73 2603 0.6367416829745597
53 73 2543 0.6572757818557767
47 65 2020 0.6612111292962357
28 41 797 0.6942508710801394
22 39 648 0.7552447552447552
41 55 1475 0.6541019955654103
40 67 1939 0.7235074626865672
23 40 689 0.7489130434782608
27 33 566 0.6352413019079686
11 14 109 0.7077922077922078
58 79 2986 0.6516804888694894
28 40 769 0.6866071428571429
19 31 436 0.7402376910016978
72 79 3203 0.5631153305203939
35 39 804 0.589010989010989
48 50 1319 0.5495833333333333
30 43 884 0.6852713178294573
77 100 4850 0.6298701298701299
40 58 1579 0.680603448275862
61 52 1430 0.45081967213114754
10 12 84 0.7000000000000001
28 41 797 0.6942508710801394
24 25 347 0.5783333333333334
26 31 506 0.6277915632754342
38 49 1196 0.6423200859291085
21 26 356 0.652014652014652
20 26 349 0.6711538461538461
47 63 1926 0.6504559270516718
24 28 419 0.6235119047619048
45 56 1574 0.6246031746031745
24 31 491 0.6599462365591398
26 38 688 0.6963562753036436
15 17 164 0.6431372549019608
18 23 278 0.6714975845410628
8 8 43 0.671875
44 51 1341 0.5975935828877005
38 29 464 0.4210526315789474
34 42 900 0.6302521008403361
36 49 1169 0.6626984126984127
29 21 252 0.4137931034482759
19 27 360 0.7017543859649122
17 6 27 0.2647058823529412
59 73 2654 0.6162061759925702
39 46 1091 0.6081382385730212
27 23 299 0.4814814814814815
35 47 1084 0.6589665653495441
43 57 1590 0.6487148102815177
14 18 174 0.6904761904761905
51 16 152 0.18627450980392157
30 15 135 0.3
16 19 199 0.6546052631578947
98 100 5144 0.5248979591836735
54 52 1430 0.5092592592592593
37 1 2 0.05405405405405406
10 17 134 0.788235294117647
46 60 1770 0.641304347826087
61 14 119 0.13934426229508196
50 28 434 0.31
19 23 284 0.6498855835240275
45 61 1799 0.6553734061930783
27 26 377 0.5370370370370371
50 55 1574 0.5723636363636364
43 0 0 0
5 5 19 0.76
42 53 1406 0.6316262353998203
24 28 419 0.6235119047619048
16 25 295 0.7375
51 28 434 0.30392156862745096
49 62 1910 0.6287030941408821
16 13 104 0.5
42 40 860 0.5119047619047619
20 27 369 0.6833333333333333
42 25 350 0.33333333333333337
42 34 629 0.44047619047619047
100 8 44 0.055
36 40 845 0.5868055555555556
32 24 324 0.421875
43 26 377 0.3372093023255814
17 22 254 0.679144385026738
40 55 1459 0.6631818181818182
14 17 160 0.6722689075630253
66 77 3002 0.5907123179850452
13 16 142 0.6826923076923077
13 14 116 0.6373626373626374
32 40 815 0.63671875
29 45 927 0.7103448275862069
24 29 443 0.6364942528735632
9 13 89 0.7606837606837608
17 25 305 0.7176470588235294
6 10 50 0.8333333333333334
30 26 377 0.48333333333333334
21 26 356 0.652014652014652
18 30 404 0.7481481481481481
27 33 566 0.6352413019079686
10 22 184 0.8363636363636363
25 42 774 0.7371428571428572
38 44 1006 0.6016746411483254
30 39 764 0.652991452991453
25 31 499 0.6438709677419355
43 63 1848 0.6821705426356589
10 10 64 0.64
43 63 1848 0.6821705426356589
7 49 328 0.956268221574344
20 25 329 0.6579999999999999
48 53 1463 0.5750786163522013
32 46 1007 0.6841032608695652
44 12 90 0.17045454545454544
22 30 450 0.6818181818181818
21 15 135 0.4285714285714286
19 27 360 0.7017543859649122
22 28 406 0.6590909090909091
25 34 574 0.6752941176470588
35 43 944 0.6272425249169435
9 20 152 0.8444444444444444
16 14 119 0.53125
21 25 335 0.638095238095238
19 23 284 0.6498855835240275
19 20 227 0.5973684210526315
44 18 189 0.23863636363636365
40 15 135 0.225
17 10 65 0.3823529411764706
35 12 90 0.2142857142857143
27 44 863 0.7264309764309764
30 48 1034 0.7180555555555556
18 23 278 0.6714975845410628
8 9 51 0.7083333333333334
48 62 1895 0.636760752688172
32 21 252 0.375
79 47 1175 0.3164556962025316
64 86 3551 0.6451671511627907
9 13 89 0.7606837606837608
39 54 1403 0.6661918328584995
46 48 1218 0.5516304347826088
42 46 1112 0.5755693581780538
55 68 2309 0.6173796791443851
25 17 170 0.39999999999999997
103 23 299 0.1262135922330097
70 78 3114 0.5703296703296703
30 30 494 0.5488888888888889
5 5 19 0.76
50 29 464 0.31999999999999995
3 3 8 0.8888888888888888
15 17 164 0.6431372549019608
15 6 27 0.3
48 67 2135 0.66386815920398
11 20 175 0.7954545454545454
42 56 1532 0.6513605442176871
18 24 296 0.6851851851851851
10 13 94 0.7230769230769231
12 13 101 0.6474358974358974
46 62 1862 0.652875175315568
22 25 340 0.6181818181818182
20 28 389 0.6946428571428571
13 18 168 0.717948717948718
27 35 620 0.656084656084656
16 24 279 0.7265625
30 32 554 0.5770833333333333
20 26 349 0.6711538461538461
17 26 322 0.7285067873303167
25 20 230 0.45999999999999996
43 55 1504 0.6359408033826638
12 17 149 0.7303921568627451
42 64 1868 0.6949404761904762
66 81 3266 0.6109240553684998
18 23 278 0.6714975845410628
28 41 797 0.6942508710801394
14 7 35 0.35714285714285715
14 19 188 0.706766917293233
19 59 968 0.863514719000892
31 18 189 0.3387096774193548
43 54 1461 0.6291989664082687
31 38 743 0.6307300509337861
15 26 299 0.7666666666666667
24 39 683 0.7297008547008547
45 49 1259 0.5709750566893425
51 70 2345 0.6568627450980392
14 8 44 0.39285714285714285
64 100 4447 0.69484375
45 58 1664 0.6375478927203064
22 30 450 0.6818181818181818
26 32 532 0.6394230769230769
35 47 1084 0.6589665653495441
31 31 526 0.5473465140478668
51 67 2192 0.6414983904009365
35 52 1259 0.6917582417582417
26 38 688 0.6963562753036436
39 51 1286 0.6465560583207641
42 54 1448 0.6384479717813051
50 72 2424 0.6733333333333333
13 20 194 0.7461538461538462
7 14 83 0.8469387755102041
34 52 1240 0.7013574660633484
22 27 384 0.6464646464646464
30 40 794 0.6616666666666666
29 29 463 0.5505350772889417
21 34 524 0.7338935574229692
22 43 736 0.7780126849894291
9 16 116 0.8055555555555556
48 67 2135 0.66386815920398
30 35 644 0.6133333333333333
42 38 779 0.4880952380952381
16 19 199 0.6546052631578947
29 47 985 0.7226705796038151
18 22 260 0.6565656565656566
7 7 34 0.6938775510204082
40 45 1059 0.5883333333333334
10 32 284 0.8875
73 14 119 0.11643835616438357
73 39 819 0.28767123287671237
53 0 0 0
63 99 4346 0.6968093634760302
44 53 1429 0.612778730703259
32 48 1071 0.697265625
15 22 239 0.7242424242424242
28 16 152 0.3392857142857143
8 11 67 0.7613636363636364
39 58 1559 0.6892130857648099
86 37 740 0.2325581395348837
31 36 681 0.6102150537634409
101 27 405 0.1485148514851485
39 48 1169 0.624465811965812
106 100 5150 0.4858490566037736
57 74 2678 0.6348980559506875
25 37 649 0.7016216216216217
42 53 1406 0.6316262353998203
25 39 699 0.716923076923077
19 30 417 0.731578947368421
50 66 2124 0.6436363636363636
18 100 1664 0.9244444444444444
41 27 405 0.3658536585365854
27 34 593 0.6459694989106753
36 50 1205 0.6694444444444444
16 18 183 0.6354166666666666
32 14 119 0.265625
34 46 1036 0.6624040920716112
11 19 164 0.784688995215311
30 37 704 0.6342342342342342
54 27 405 0.2777777777777778
31 46 991 0.6949509116409537
26 32 532 0.6394230769230769
14 23 244 0.7577639751552795
28 27 405 0.5357142857142857
26 35 610 0.6703296703296703
19 29 398 0.7223230490018149
31 40 805 0.6491935483870968
24 37 635 0.7150900900900901
12 10 65 0.5416666666666667
32 50 1135 0.709375
43 36 702 0.4534883720930233
30 29 464 0.5333333333333333
14 24 258 0.7678571428571428
16 0 0 0
37 37 739 0.5398100803506208
9 14 98 0.7777777777777778
78 100 4874 0.6248717948717949
74 54 1539 0.38513513513513514
40 50 1259 0.6295000000000001
23 10 65 0.28260869565217395
19 22 265 0.6339712918660287
41 37 740 0.4878048780487804
11 30 285 0.8636363636363636
57 70 2450 0.6140350877192983
14 15 132 0.6285714285714286
22 24 318 0.6022727272727273
55 83 3134 0.6865279299014239
96 100 5135 0.5348958333333333
63 76 2897 0.6050543024227234
12 19 173 0.7587719298245613
48 70 2279 0.6782738095238094
24 30 467 0.648611111111111
40 35 665 0.475
21 35 545 0.7414965986394558
13 20 194 0.7461538461538462
55 76 2749 0.6576555023923445
77 32 560 0.22727272727272727
24 22 275 0.5208333333333334
35 49 1154 0.6728862973760932
77 100 4850 0.6298701298701299
31 37 712 0.6207497820401047
37 52 1294 0.6725571725571726
10 17 134 0.788235294117647
54 79 2888 0.6769807782466011
27 27 404 0.5541838134430728
36 48 1133 0.6556712962962963
33 43 923 0.6504580690627202
24 30 467 0.648611111111111
37 46 1072 0.6298472385428907
13 16 142 0.6826923076923077
41 30 495 0.40243902439024387
43 56 1547 0.6424418604651162
11 15 120 0.7272727272727272
51 11 77 0.1372549019607843
36 1 2 0.05555555555555555
23 27 390 0.6280193236714976
16 23 263 0.7146739130434783
32 34 623 0.5726102941176471
49 16 152 0.19387755102040816
22 22 274 0.5661157024793388
38 95 2944 0.8155124653739612
33 19 209 0.3333333333333333
27 0 0 0
43 54 1461 0.6291989664082687
36 44 989 0.6243686868686869
17 13 104 0.47058823529411764
45 69 2159 0.695330112721417
59 90 3657 0.6887005649717514
13 11 77 0.5384615384615384
10 11 74 0.6727272727272727
46 66 2046 0.6739130434782609
10 13 94 0.7230769230769231
31 46 991 0.6949509116409537
49 60 1812 0.6163265306122448
13 15 129 0.6615384615384615
9 17 125 0.8169934640522876
96 100 5135 0.5348958333333333
62 86 3502 0.6567891972993248
29 41 811 0.6820857863751051
57 87 3419 0.6894535188546078
28 29 461 0.5677339901477833
28 44 881 0.7150974025974026
31 36 681 0.6102150537634409
15 17 164 0.6431372549019608
62 51 1377 0.43548387096774194
51 78 2753 0.6920563097033685
21 24 314 0.623015873015873
13 17 155 0.7013574660633485
32 44 943 0.6697443181818182
33 28 434 0.4696969696969697
31 39 774 0.6401985111662531
18 25 314 0.6977777777777777
21 28 398 0.6768707482993197
19 32 455 0.7483552631578947
16 15 135 0.5625
27 45 890 0.7325102880658436
17 29 373 0.7565922920892495
54 17 170 0.1851851851851852
25 31 499 0.6438709677419355
14 18 174 0.6904761904761905
22 31 472 0.6920821114369501
84 100 4997 0.5948809523809524
44 22 275 0.2840909090909091
61 30 495 0.27049180327868855
13 20 194 0.7461538461538462
51 58 1733 0.5858688302907369
43 51 1332 0.6073871409028728
21 35 545 0.7414965986394558
27 14 119 0.3148148148148148
35 47 1084 0.6589665653495441
77 100 4850 0.6298701298701299
54 68 2294 0.6247276688453159
33 17 170 0.30303030303030304
17 22 254 0.679144385026738
37 46 1072 0.6298472385428907
6 8 38 0.7916666666666666
62 64 2138 0.5388104838709677
39 55 1442 0.6722610722610722
27 33 566 0.6352413019079686
48 65 2039 0.653525641025641
15 27 314 0.7753086419753087
17 23 271 0.6930946291560103
64 77 2975 0.6036931818181818
61 89 3659 0.673973107386259
65 100 4484 0.6898461538461538
18 21 242 0.6402116402116402
31 42 867 0.6658986175115208
42 59 1658 0.6690879741727199
30 50 1094 0.7293333333333334
26 25 350 0.5384615384615384
55 16 152 0.17272727272727273
23 39 666 0.7424749163879598
23 29 436 0.6536731634182908
63 26 377 0.23015873015873017
30 41 824 0.6699186991869919
19 28 379 0.7124060150375939
41 10 65 0.15853658536585366
20 30 429 0.715
23 40 689 0.7489130434782608
14 21 216 0.7346938775510204
42 40 860 0.5119047619047619
20 32 469 0.7328125
12 19 173 0.7587719298245613
11 14 109 0.7077922077922078
18 18 188 0.5802469135802469
66 97 4322 0.6751015307716338
41 55 1475 0.6541019955654103
44 59 1693 0.6521571648690293
24 31 491 0.6599462365591398
61 1 2 0.03278688524590164
52 81 2937 0.6972934472934473
31 45 960 0.6881720430107527
34 41 866 0.6212338593974175
32 46 1007 0.6841032608695652
21 29 419 0.6880131362889984
22 31 472 0.6920821114369501
50 86 3124 0.7265116279069767
38 48 1158 0.6348684210526315
56 15 135 0.1607142857142857
94 95 4652 0.5209406494960807
93 35 665 0.2043010752688172
27 42 809 0.7134038800705467
19 20 227 0.5973684210526315
12 16 137 0.7135416666666666
34 15 135 0.2647058823529412
54 73 2564 0.6504312531709792
51 65 2090 0.6304675716440422
20 18 189 0.5249999999999999
22 26 362 0.6328671328671328
42 53 1406 0.6316262353998203
12 17 149 0.7303921568627451
25 35 599 0.6845714285714286
26 36 636 0.6794871794871794
10 16 124 0.775
16 27 327 0.7569444444444444
55 91 3574 0.7140859140859142
28 43 853 0.7084717607973422
14 18 174 0.6904761904761905
12 11 77 0.5833333333333334
16 20 215 0.671875
24 30 467 0.648611111111111
11 8 44 0.5
33 49 1121 0.6932591218305504
23 31 482 0.6760168302945301
8 1 2 0.25
27 35 620 0.656084656084656
21 29 419 0.6880131362889984
26 39 714 0.7041420118343195
23 10 65 0.28260869565217395
24 28 419 0.6235119047619048
20 27 369 0.6833333333333333
21 25 335 0.638095238095238
16 20 215 0.671875
67 18 189 0.15671641791044777
68 90 3909 0.6387254901960784
15 17 164 0.6431372549019608
25 25 349 0.5584
17 18 186 0.607843137254902
30 31 524 0.5634408602150537
21 21 251 0.5691609977324263
24 32 515 0.6705729166666666
22 8 44 0.25
19 14 119 0.4473684210526316
6 9 44 0.8148148148148148
75 51 1377 0.36
35 17 170 0.2857142857142857
42 37 740 0.4761904761904762
24 15 135 0.375
35 21 252 0.34285714285714286
52 20 230 0.22115384615384617
45 63 1889 0.6663139329805996
53 63 2013 0.6028751123090745
35 43 944 0.6272425249169435
15 17 164 0.6431372549019608
29 38 724 0.6569872958257713
40 51 1299 0.636764705882353
44 30 495 0.375
37 29 464 0.4324324324324324
34 44 968 0.6470588235294117
32 37 719 0.6072635135135135
17 19 203 0.628482972136223
13 36 402 0.858974358974359
19 33 474 0.7559808612440191
20 31 449 0.7241935483870967
24 35 587 0.6988095238095238
66 81 3266 0.6109240553684998
30 36 674 0.624074074074074
19 24 303 0.6644736842105263
28 35 629 0.6418367346938776
37 39 813 0.5634095634095634
52 63 2001 0.6108058608058609
13 20 194 0.7461538461538462
28 20 230 0.4107142857142857
27 41 782 0.7064137308039746
13 16 142 0.6826923076923077
61 86 3476 0.6626000762485703
15 19 194 0.6807017543859649
26 31 506 0.6277915632754342
16 17 167 0.6139705882352942
31 39 774 0.6401985111662531
89 45 1080 0.2696629213483146
41 29 464 0.39024390243902435
24 33 539 0.6805555555555555
41 45 1065 0.5772357723577236
47 59 1738 0.6267580238009376
15 39 494 0.8444444444444443
32 37 719 0.6072635135135135
38 37 740 0.5263157894736842
19 23 284 0.6498855835240275
34 26 377 0.4264705882352941
51 69 2294 0.6518897414038078
28 36 657 0.6517857142857143
16 20 215 0.671875
17 20 220 0.6470588235294118
22 36 582 0.7348484848484849
22 35 560 0.7272727272727272
34 53 1274 0.7069922308546059
58 85 3334 0.6762677484787019
