15 34 474 0.9294117647058824
4 6 24 1.0
41 23 414 0.43902439024390244
38 40 1024 0.6736842105263158
29 29 588 0.699167657550535
30 35 774 0.7371428571428572
26 26 486 0.7189349112426036
33 29 606 0.6332288401253918
27 30 600 0.7407407407407407
24 26 471 0.7548076923076923
19 23 359 0.8215102974828375
38 25 475 0.5
32 21 357 0.53125
10 16 154 0.9625
6 10 60 1.0
49 56 1841 0.6709183673469388
34 40 982 0.7220588235294118
50 67 2404 0.7176119402985074
28 37 805 0.777027027027027
36 49 1329 0.7534013605442177
43 57 1785 0.7282741738066095
28 22 385 0.625
48 42 1155 0.5729166666666666
13 14 161 0.8846153846153847
8 18 143 0.9930555555555556
37 42 1089 0.7007722007722007
48 53 1683 0.6615566037735849
21 22 357 0.7727272727272727
42 54 1638 0.7222222222222222
18 24 366 0.8472222222222222
34 34 778 0.6730103806228374
19 22 340 0.8133971291866029
38 24 444 0.4868421052631579
39 42 1110 0.6776556776556776
15 20 264 0.8800000000000001
4 7 28 1.0
74 76 3346 0.594950213371266
35 48 1274 0.7583333333333333
47 52 1624 0.6644844517184942
36 40 1005 0.6979166666666667
51 63 2223 0.6918767507002801
32 17 255 0.46875
36 37 897 0.6734234234234234
23 23 393 0.7429111531190926
13 14 161 0.8846153846153847
4 6 24 1.0
14 20 252 0.9
32 33 731 0.6922348484848485
41 18 279 0.3780487804878049
27 29 573 0.7318007662835249
27 27 519 0.7119341563786008
31 44 1064 0.7800586510263929
43 47 1355 0.6704601682335478
40 48 1359 0.7078125000000001
60 73 2949 0.6732876712328767
27 28 546 0.7222222222222222
34 38 914 0.7074303405572756
16 22 307 0.8721590909090909
19 23 359 0.8215102974828375
33 38 903 0.7200956937799043
30 31 654 0.7032258064516129
35 39 959 0.7025641025641025
13 16 187 0.8990384615384616
52 45 1305 0.5576923076923077
59 73 2929 0.6800557232412352
28 42 945 0.8035714285714286
40 57 1719 0.7539473684210527
58 77 3140 0.703090013434841
42 59 1848 0.7457627118644068
53 68 2523 0.7000554938956715
38 46 1252 0.7162471395881006
21 29 504 0.8275862068965517
40 46 1279 0.6951086956521739
41 53 1578 0.7261849976990336
55 67 2509 0.6808683853459973
27 29 573 0.7318007662835249
100 98 5429 0.5539795918367347
10 11 104 0.9454545454545454
23 32 600 0.8152173913043478
6 9 54 1.0
32 47 1179 0.7839095744680851
20 30 509 0.8483333333333333
21 26 441 0.8076923076923077
20 24 389 0.8104166666666667
25 31 604 0.7793548387096775
17 12 149 0.7303921568627452
60 80 3369 0.701875
34 41 1016 0.7288378766140603
21 32 567 0.84375
24 29 543 0.7801724137931034
29 29 588 0.699167657550535
52 63 2241 0.6840659340659341
46 62 2072 0.7265077138849929
33 39 936 0.7272727272727273
18 19 276 0.8070175438596492
50 60 2054 0.6846666666666666
24 29 543 0.7801724137931034
22 37 694 0.8525798525798526
28 30 609 0.725
43 47 1355 0.6704601682335478
15 20 264 0.8800000000000001
52 61 2137 0.6737074401008827
23 23 393 0.7429111531190926
33 39 936 0.7272727272727273
42 45 1260 0.6666666666666666
42 43 1176 0.6511627906976745
30 30 624 0.6933333333333334
32 38 891 0.7327302631578947
33 39 936 0.7272727272727273
34 42 1050 0.7352941176470589
53 29 609 0.39622641509433965
30 36 804 0.7444444444444445
56 66 2471 0.6685606060606061
6 5 30 1.0
95 100 5584 0.5877894736842105
33 43 1068 0.7526427061310783
53 60 2099 0.660062893081761
52 66 2397 0.6984265734265734
24 37 735 0.8277027027027027
76 100 5185 0.6822368421052631
56 69 2639 0.6829710144927537
53 73 2788 0.7205996381493927
47 54 1718 0.6769109535066982
28 43 973 0.8081395348837209
22 33 606 0.8347107438016529
41 57 1742 0.7454000855798031
40 61 1879 0.7700819672131147
23 43 853 0.8624873609706775
27 34 708 0.7712418300653594
11 11 111 0.9173553719008265
58 67 2560 0.6587750900669069
28 35 749 0.7642857142857142
19 28 454 0.8533834586466166
72 83 3831 0.6410642570281124
35 40 994 0.71
48 66 2307 0.728219696969697
30 43 1014 0.786046511627907
77 72 3059 0.5517676767676768
40 56 1679 0.7495535714285715
61 83 3578 0.7066956349990124
10 12 114 0.9500000000000001
28 41 917 0.7987804878048781
24 26 471 0.7548076923076923
26 38 798 0.8076923076923077
38 49 1366 0.7336197636949516
21 31 546 0.8387096774193549
20 25 409 0.818
47 51 1577 0.6579057154776804
24 33 639 0.8068181818181818
45 50 1509 0.6706666666666666
24 34 663 0.8125
26 38 798 0.8076923076923077
15 20 264 0.8800000000000001
18 27 420 0.8641975308641975
8 8 63 0.984375
44 50 1497 0.6804545454545454
38 46 1252 0.7162471395881006
34 46 1186 0.7583120204603581
36 23 414 0.5
29 28 559 0.688423645320197
19 22 340 0.8133971291866029
17 16 217 0.7977941176470589
59 73 2929 0.6800557232412352
39 43 1149 0.6851520572450804
27 29 573 0.7318007662835249
35 52 1414 0.7769230769230769
43 52 1570 0.7021466905187835
14 15 182 0.8666666666666667
51 55 1815 0.6470588235294117
30 29 594 0.6827586206896552
16 20 275 0.859375
98 100 5614 0.5728571428571428
54 62 2220 0.6630824372759857
37 37 904 0.660336011687363
10 16 154 0.9625
46 35 840 0.5217391304347826
61 65 2480 0.6254728877679697
50 61 2104 0.6898360655737704
19 20 302 0.7947368421052632
45 59 1914 0.7209039548022599
27 28 546 0.7222222222222222
50 69 2504 0.7257971014492753
43 45 1269 0.6558139534883721
5 5 25 1.0
42 58 1806 0.7413793103448276
24 30 567 0.7875
16 24 339 0.8828125
51 56 1866 0.6533613445378151
49 64 2233 0.7120535714285714
16 14 179 0.7991071428571429
42 61 1932 0.7540983606557377
20 30 509 0.8483333333333333
42 49 1428 0.6938775510204082
42 41 1092 0.6341463414634146
100 100 5629 0.5629
36 41 1041 0.7052845528455285
32 35 795 0.7098214285714286
43 48 1398 0.6773255813953488
17 22 319 0.8529411764705883
40 53 1559 0.7353773584905661
14 13 154 0.8461538461538461
66 42 1155 0.4166666666666667
13 16 187 0.8990384615384616
13 12 135 0.8653846153846154
32 32 699 0.6826171875
29 44 1023 0.8017241379310345
24 27 495 0.7638888888888888
9 8 69 0.9583333333333334
17 19 268 0.8297213622291022
6 7 42 1.0
30 37 834 0.7513513513513513
21 22 357 0.7727272727272727
18 27 420 0.8641975308641975
27 30 600 0.7407407407407407
10 10 94 0.9400000000000001
25 40 829 0.829
38 41 1062 0.6816431322207959
30 36 804 0.7444444444444445
25 28 529 0.7557142857142857
43 56 1742 0.7234219269102989
10 12 114 0.9500000000000001
43 56 1742 0.7234219269102989
7 8 56 1.0
20 23 369 0.8021739130434782
48 49 1491 0.6339285714285714
32 35 795 0.7098214285714286
44 66 2201 0.7579201101928374
22 23 386 0.7628458498023716
21 21 336 0.7619047619047619
19 24 378 0.8289473684210527
22 21 342 0.7402597402597403
25 31 604 0.7793548387096775
35 50 1344 0.768
9 12 105 0.9722222222222222
16 15 195 0.8125
21 34 609 0.8529411764705882
19 21 321 0.8045112781954887
19 24 378 0.8289473684210527
44 49 1453 0.6739332096474954
40 46 1279 0.6951086956521739
17 21 302 0.84593837535014
35 39 959 0.7025641025641025
27 41 897 0.8102981029810298
30 38 864 0.7578947368421053
18 22 330 0.8333333333333333
8 12 95 0.9895833333333334
48 53 1683 0.6615566037735849
32 43 1051 0.7638081395348837
79 80 3692 0.5841772151898734
64 17 255 0.234375
9 15 132 0.9777777777777777
39 55 1617 0.7538461538461538
46 56 1796 0.6972049689440993
42 42 1134 0.6428571428571429
55 73 2839 0.7070983810709838
25 29 554 0.7641379310344828
103 100 5644 0.5479611650485436
70 69 2814 0.582608695652174
30 45 1074 0.7955555555555555
5 5 25 1.0
50 42 1155 0.55
3 3 9 1.0
15 18 234 0.8666666666666667
15 11 129 0.7818181818181817
48 26 507 0.40625
11 17 177 0.9465240641711229
42 59 1848 0.7457627118644068
18 23 348 0.8405797101449275
10 15 144 0.9600000000000001
12 15 165 0.9166666666666666
46 64 2164 0.7350543478260869
22 23 386 0.7628458498023716
20 26 429 0.825
13 21 252 0.923076923076923
27 31 627 0.7491039426523297
16 21 291 0.8660714285714286
30 37 834 0.7513513513513513
20 27 449 0.8314814814814815
17 27 404 0.8801742919389979
25 29 554 0.7641379310344828
43 31 682 0.5116279069767442
12 13 141 0.9038461538461539
42 56 1722 0.7321428571428571
66 88 4038 0.6952479338842975
18 21 312 0.8253968253968254
28 37 805 0.777027027027027
14 21 266 0.9047619047619048
14 22 280 0.9090909090909091
19 30 492 0.8631578947368421
31 57 1467 0.830220713073005
43 56 1742 0.7234219269102989
31 30 630 0.6774193548387097
15 30 414 0.92
24 33 639 0.8068181818181818
45 50 1509 0.6706666666666666
51 60 2070 0.676470588235294
14 11 126 0.8181818181818182
64 53 1749 0.515625
45 61 2004 0.7300546448087432
22 34 628 0.839572192513369
26 37 772 0.8024948024948025
35 46 1204 0.7478260869565218
31 33 723 0.7067448680351907
51 63 2223 0.6918767507002801
35 37 889 0.6864864864864865
26 35 720 0.7912087912087913
39 48 1344 0.717948717948718
42 58 1806 0.7413793103448276
50 65 2304 0.7089230769230769
13 16 187 0.8990384615384616
7 7 49 1.0
34 47 1220 0.7634543178973717
22 20 320 0.7272727272727273
30 38 864 0.7578947368421053
29 31 646 0.7185761957730812
21 28 483 0.8214285714285714
22 24 408 0.7727272727272728
9 16 141 0.9791666666666666
48 40 1060 0.5520833333333333
30 38 864 0.7578947368421053
42 46 1302 0.6739130434782609
16 20 275 0.859375
29 37 820 0.7642124883504193
18 20 294 0.8166666666666667
7 12 84 1.0
40 45 1239 0.6883333333333334
10 9 84 0.9333333333333333
73 90 4359 0.6634703196347032
73 60 2190 0.5
53 46 1357 0.5566037735849056
63 87 3885 0.7088122605363985
44 31 682 0.5
32 43 1051 0.7638081395348837
15 18 234 0.8666666666666667
28 38 833 0.7828947368421053
8 9 71 0.9861111111111112
39 45 1227 0.6991452991452991
86 83 3978 0.5572989632950406
31 38 878 0.7453310696095077
101 10 115 0.11386138613861385
39 48 1344 0.717948717948718
106 100 5650 0.5330188679245284
57 72 2829 0.6893274853801169
25 35 704 0.8045714285714286
42 54 1638 0.7222222222222222
25 40 829 0.829
19 24 378 0.8289473684210527
50 42 1155 0.55
18 22 330 0.8333333333333333
41 30 645 0.524390243902439
27 34 708 0.7712418300653594
36 55 1545 0.7803030303030303
16 19 259 0.8519736842105263
32 32 699 0.6826171875
34 43 1084 0.7414500683994528
11 8 78 0.8863636363636364
30 40 924 0.77
54 28 574 0.37962962962962965
31 37 847 0.7384481255448998
26 23 408 0.6822742474916388
14 26 336 0.9230769230769231
28 33 693 0.75
26 43 928 0.8300536672629696
19 23 359 0.8215102974828375
31 47 1157 0.7940974605353466
24 35 687 0.8178571428571428
12 10 105 0.875
32 39 923 0.7395833333333334
43 57 1785 0.7282741738066095
30 34 744 0.7294117647058824
14 10 112 0.8
16 14 179 0.7991071428571429
37 44 1163 0.7143734643734644
9 10 87 0.9666666666666666
78 30 645 0.27564102564102566
74 94 4678 0.6725129384703853
40 43 1159 0.6738372093023256
23 32 600 0.8152173913043478
19 25 397 0.8357894736842105
41 52 1537 0.7209193245778611
11 17 177 0.9465240641711229
57 71 2772 0.6849518161601186
14 14 168 0.8571428571428571
22 22 364 0.7520661157024794
55 77 3059 0.7223140495867768
96 100 5595 0.5828125
63 66 2562 0.6161616161616161
12 18 201 0.9305555555555556
48 68 2403 0.7362132352941176
24 34 663 0.8125
40 75 2439 0.8130000000000001
21 24 399 0.7916666666666666
13 11 122 0.8531468531468532
55 33 759 0.4181818181818182
77 91 4522 0.6453546453546454
24 20 327 0.68125
35 49 1309 0.7632653061224489
77 100 5215 0.6772727272727274
31 36 816 0.7311827956989247
37 46 1237 0.7267920094007051
10 14 134 0.9571428571428572
54 75 2922 0.7214814814814815
27 25 465 0.6888888888888889
36 55 1545 0.7803030303030303
33 45 1134 0.7636363636363637
24 25 447 0.745
37 45 1200 0.7207207207207208
13 17 200 0.9049773755656109
41 49 1414 0.7038327526132404
43 37 925 0.5813953488372093
11 9 89 0.8989898989898991
51 64 2274 0.6966911764705882
36 13 169 0.3611111111111111
23 30 554 0.8028985507246377
16 24 339 0.8828125
32 36 827 0.7178819444444444
49 45 1302 0.5904761904761905
22 20 320 0.7272727272727273
38 53 1518 0.7537239324726911
33 35 804 0.6961038961038961
27 28 546 0.7222222222222222
43 32 720 0.5232558139534884
36 55 1545 0.7803030303030303
17 11 132 0.7058823529411765
45 67 2274 0.754228855721393
59 67 2575 0.6514039969643308
13 9 96 0.8205128205128206
10 11 104 0.9454545454545454
46 57 1842 0.7025171624713958
10 17 164 0.9647058823529411
31 51 1281 0.810246679316888
49 82 3115 0.7752613240418118
13 14 161 0.8846153846153847
9 12 105 0.9722222222222222
96 43 1204 0.29166666666666663
62 39 1014 0.41935483870967744
29 32 675 0.7273706896551724
57 85 3570 0.7368421052631579
28 29 581 0.7155172413793104
28 37 805 0.777027027027027
31 45 1095 0.7849462365591398
15 13 159 0.8153846153846154
62 79 3358 0.685585953450388
51 65 2325 0.7013574660633484
21 24 399 0.7916666666666666
13 14 161 0.8846153846153847
32 45 1115 0.7743055555555556
33 39 936 0.7272727272727273
31 41 971 0.7639653815892998
18 25 384 0.8533333333333333
21 27 462 0.8148148148148148
19 34 568 0.8792569659442725
16 12 147 0.765625
27 24 438 0.6759259259259259
17 18 251 0.8202614379084968
54 67 2490 0.6882255389718077
25 31 604 0.7793548387096775
14 13 154 0.8461538461538461
22 28 496 0.8051948051948052
84 100 5397 0.6425
44 58 1849 0.7245297805642633
61 77 3212 0.6838407494145199
13 17 200 0.9049773755656109
51 53 1713 0.6337402885682575
43 48 1398 0.6773255813953488
21 19 294 0.7368421052631579
27 32 654 0.7569444444444444
35 41 1029 0.7170731707317073
77 64 2464 0.5
54 80 3192 0.7388888888888889
33 43 1068 0.7526427061310783
17 24 353 0.8651960784313726
37 39 978 0.6777546777546777
6 8 48 1.0
62 80 3420 0.6895161290322581
39 51 1461 0.7345399698340874
27 41 897 0.8102981029810298
48 55 1779 0.6738636363636363
15 24 324 0.9
17 24 353 0.8651960784313726
64 75 3147 0.655625
61 80 3395 0.6956967213114754
65 95 4464 0.722914979757085
18 24 366 0.8472222222222222
31 47 1157 0.7940974605353466
42 57 1764 0.7368421052631579
30 45 1074 0.7955555555555555
26 34 694 0.7850678733031674
55 70 2674 0.6945454545454546
23 31 577 0.8092566619915849
23 31 577 0.8092566619915849
63 66 2562 0.6161616161616161
30 42 984 0.7809523809523808
19 24 378 0.8289473684210527
41 75 2480 0.8065040650406504
20 28 469 0.8375
23 47 945 0.874190564292322
14 23 294 0.9130434782608695
42 49 1428 0.6938775510204082
20 35 609 0.87
12 21 237 0.9404761904761905
11 19 199 0.9521531100478469
18 12 150 0.6944444444444445
66 97 4632 0.7235238987816308
41 62 1947 0.7659323367427222
44 59 1893 0.7291987673343606
24 38 759 0.8322368421052632
61 33 759 0.3770491803278688
52 88 3541 0.77381993006993
31 48 1188 0.7983870967741935
34 44 1118 0.7473262032085561
32 50 1275 0.796875
21 38 693 0.868421052631579
22 36 672 0.8484848484848485
50 63 2204 0.6996825396825397
38 52 1480 0.7489878542510121
56 77 3087 0.7159090909090909
94 91 4726 0.552490063128361
93 42 1155 0.2956989247311828
27 33 681 0.7643097643097643
19 22 340 0.8133971291866029
12 13 141 0.9038461538461539
34 97 2920 0.8853850818677986
54 80 3192 0.7388888888888889
51 76 2886 0.7445820433436532
20 23 369 0.8021739130434782
22 28 496 0.8051948051948052
42 58 1806 0.7413793103448276
12 17 189 0.9264705882352942
25 28 529 0.7557142857142857
26 41 876 0.8217636022514072
10 13 124 0.9538461538461539
16 20 275 0.859375
55 64 2344 0.6659090909090909
28 43 973 0.8081395348837209
14 24 308 0.9166666666666666
12 9 93 0.8611111111111112
16 18 243 0.84375
24 33 639 0.8068181818181818
11 15 155 0.9393939393939394
33 47 1200 0.7736943907156674
23 38 738 0.8443935926773456
8 9 71 0.9861111111111112
27 37 789 0.7897897897897898
21 29 504 0.8275862068965517
26 38 798 0.8076923076923077
23 35 669 0.831055900621118
24 32 615 0.80078125
20 31 529 0.8532258064516128
21 33 588 0.8484848484848485
16 11 131 0.7443181818181818
67 43 1204 0.417910447761194
68 91 4297 0.6944085326438267
15 17 219 0.8588235294117647
25 29 554 0.7641379310344828
17 19 268 0.8297213622291022
30 26 504 0.6461538461538462
21 20 315 0.75
24 35 687 0.8178571428571428
22 28 496 0.8051948051948052
19 26 416 0.8421052631578948
6 6 36 1.0
75 66 2607 0.5266666666666666
35 40 994 0.71
42 58 1806 0.7413793103448276
24 29 543 0.7801724137931034
35 44 1134 0.7363636363636363
52 40 1060 0.5096153846153846
45 43 1194 0.6170542635658915
53 61 2152 0.665635632539437
35 39 959 0.7025641025641025
15 15 189 0.84
29 26 501 0.6644562334217506
40 47 1319 0.7015957446808511
44 56 1761 0.7146915584415584
37 25 475 0.5135135135135136
34 40 982 0.7220588235294118
32 37 859 0.7255067567567568
17 21 302 0.84593837535014
13 19 226 0.9149797570850202
19 30 492 0.8631578947368421
20 25 409 0.818
24 28 519 0.7723214285714286
66 46 1357 0.446969696969697
30 31 654 0.7032258064516129
19 19 283 0.7839335180055402
28 28 553 0.7053571428571429
37 44 1163 0.7143734643734644
52 67 2449 0.7029276693455798
13 22 265 0.9265734265734266
28 34 721 0.7573529411764706
27 26 492 0.7008547008547008
13 19 226 0.9149797570850202
61 86 3761 0.716927182615326
15 18 234 0.8666666666666667
26 33 668 0.7785547785547786
16 13 163 0.7836538461538461
31 53 1343 0.8174071819841753
89 33 759 0.25842696629213485
41 52 1537 0.7209193245778611
24 28 519 0.7723214285714286
41 51 1496 0.7154471544715446
47 65 2235 0.7315875613747954
15 22 294 0.890909090909091
32 29 603 0.6497844827586207
38 41 1062 0.6816431322207959
19 26 416 0.8421052631578948
34 36 846 0.6911764705882353
51 60 2070 0.676470588235294
28 32 665 0.7421875
16 18 243 0.84375
17 20 285 0.8382352941176471
22 12 150 0.5681818181818182
22 31 562 0.8240469208211144
34 50 1322 0.7776470588235295
58 83 3488 0.7245533859576236
