15 15 159 0.7066666666666667
4 6 24 1.0
41 32 624 0.47560975609756095
38 32 624 0.5131578947368421
29 20 270 0.46551724137931033
30 21 294 0.4666666666666667
26 28 475 0.6524725274725275
33 22 319 0.4393939393939394
27 31 561 0.6702508960573477
24 21 294 0.5833333333333334
19 19 241 0.667590027700831
38 25 400 0.4210526315789474
32 25 400 0.5
10 13 109 0.8384615384615385
6 9 51 0.9444444444444444
49 70 2395 0.6982507288629738
34 31 589 0.5588235294117647
50 56 1719 0.6139285714285715
28 43 904 0.7508305647840531
36 51 1308 0.7124183006535948
43 39 897 0.5348837209302325
28 26 428 0.5879120879120879
48 19 247 0.2708333333333333
13 20 215 0.826923076923077
8 5 30 0.75
37 11 99 0.24324324324324326
48 60 1890 0.65625
21 24 351 0.6964285714285715
42 45 1149 0.607936507936508
18 26 363 0.7756410256410257
34 36 759 0.6200980392156863
19 24 336 0.736842105263158
38 44 1077 0.6441387559808612
39 38 852 0.5748987854251012
15 20 234 0.78
4 10 40 1.0
74 76 3139 0.5581436699857752
35 33 659 0.5705627705627706
47 57 1733 0.6468831653602091
36 6 39 0.18055555555555555
51 29 522 0.3529411764705882
32 30 554 0.5770833333333333
36 42 984 0.6507936507936508
23 17 204 0.5217391304347826
13 15 150 0.7692307692307693
4 9 36 1.0
14 15 155 0.738095238095238
32 10 85 0.265625
41 19 247 0.3170731707317073
27 12 114 0.35185185185185186
27 30 534 0.6592592592592593
31 41 893 0.7025963808025176
43 56 1628 0.6760797342192691
40 28 490 0.4375
60 47 1269 0.44999999999999996
27 31 561 0.6702508960573477
34 35 725 0.6092436974789917
16 16 178 0.6953125
19 25 355 0.7473684210526317
33 43 984 0.693446088794926
30 41 879 0.7146341463414634
35 38 834 0.6270676691729323
13 16 163 0.7836538461538461
52 47 1269 0.5192307692307693
59 61 2059 0.5721033620450126
28 39 792 0.7252747252747253
40 50 1334 0.667
58 85 3445 0.6987829614604463
42 52 1443 0.6607142857142857
53 62 2061 0.6272063298843579
38 47 1191 0.6668533034714446
21 24 351 0.6964285714285715
40 55 1534 0.6972727272727273
41 52 1429 0.6702626641651032
55 70 2524 0.6555844155844156
27 30 534 0.6592592592592593
100 95 4845 0.51
10 11 89 0.8090909090909091
23 27 431 0.6940418679549114
6 8 45 0.9375
32 29 522 0.5625
20 30 464 0.7733333333333333
21 27 414 0.7301587301587302
20 24 344 0.7166666666666667
25 27 444 0.6577777777777778
17 8 60 0.4411764705882353
60 81 3264 0.671604938271605
34 31 589 0.5588235294117647
21 32 519 0.7723214285714286
24 28 462 0.6875
29 30 545 0.6264367816091954
52 54 1632 0.5811965811965811
46 53 1535 0.6296144380639869
33 36 753 0.6338383838383838
18 26 363 0.7756410256410257
50 77 2769 0.7192207792207792
24 27 438 0.6759259259259259
22 27 423 0.712121212121212
28 10 85 0.30357142857142855
43 49 1327 0.6298054105363076
15 20 234 0.78
52 64 2152 0.6466346153846154
23 20 270 0.5869565217391305
33 37 786 0.6437346437346437
42 27 459 0.40476190476190477
42 56 1611 0.6849489795918366
30 6 39 0.21666666666666667
32 41 906 0.6905487804878049
33 32 621 0.5880681818181818
34 37 793 0.6303656597774245
53 18 225 0.2358490566037736
30 36 729 0.675
56 27 459 0.30357142857142855
6 5 27 0.9
95 55 1705 0.32631578947368417
33 43 984 0.693446088794926
53 19 247 0.2452830188679245
52 64 2152 0.6466346153846154
24 34 606 0.7426470588235294
76 99 4896 0.6507177033492823
56 74 2766 0.6674710424710425
53 73 2644 0.6833807185319204
47 58 1780 0.652971386647102
28 41 848 0.7386759581881532
22 24 357 0.6761363636363636
41 60 1757 0.7142276422764228
40 62 1814 0.7314516129032258
23 39 707 0.7881828316610926
27 37 723 0.7237237237237237
11 13 115 0.8041958041958043
58 69 2517 0.628935532233883
28 12 114 0.33928571428571425
19 24 336 0.736842105263158
72 64 2272 0.4930555555555556
35 29 522 0.5142857142857143
48 47 1266 0.5611702127659575
30 40 849 0.7075
77 42 1029 0.3181818181818182
40 59 1694 0.7177966101694916
61 43 1075 0.4098360655737705
10 17 149 0.8764705882352941
28 27 456 0.6031746031746031
24 24 366 0.6354166666666666
26 36 683 0.7297008547008548
38 45 1115 0.652046783625731
21 24 351 0.6964285714285715
20 20 264 0.6599999999999999
47 49 1357 0.5892314372557533
24 29 486 0.6982758620689655
45 49 1344 0.6095238095238096
24 31 534 0.717741935483871
26 26 423 0.6257396449704142
15 13 129 0.6615384615384615
18 22 291 0.7348484848484849
8 7 46 0.8214285714285714
44 41 984 0.5454545454545454
38 46 1153 0.6596109839816934
34 41 929 0.6664275466284075
36 41 948 0.6422764227642276
29 5 30 0.20689655172413796
19 27 393 0.7660818713450293
17 6 39 0.38235294117647056
59 72 2708 0.6374764595103578
39 30 555 0.47435897435897434
27 31 561 0.6702508960573477
35 44 1044 0.6779220779220779
43 52 1456 0.6511627906976745
14 29 351 0.8645320197044335
51 41 984 0.47058823529411764
30 33 639 0.6454545454545455
16 20 242 0.75625
98 94 4747 0.5153061224489796
54 69 2451 0.6578099838969403
37 32 624 0.527027027027027
10 15 129 0.86
46 36 774 0.46739130434782605
61 17 204 0.19672131147540983
50 53 1569 0.5920754716981131
19 23 317 0.725400457665904
45 62 1929 0.6913978494623656
27 29 507 0.6475095785440613
50 61 1969 0.6455737704918033
43 44 1112 0.587737843551797
5 18 89 0.9888888888888889
42 44 1107 0.599025974025974
24 28 462 0.6875
16 25 322 0.805
51 25 400 0.3137254901960784
49 60 1905 0.6479591836734694
16 11 99 0.5625
42 51 1401 0.6540616246498598
20 24 344 0.7166666666666667
42 19 247 0.30952380952380953
42 71 2241 0.7515090543259557
100 17 204 0.12
36 35 732 0.5809523809523809
32 29 522 0.5625
43 20 270 0.313953488372093
17 20 249 0.7323529411764705
40 51 1374 0.6735294117647059
14 11 99 0.6428571428571428
66 37 814 0.33333333333333337
13 13 124 0.7337278106508875
13 15 150 0.7692307692307693
32 24 372 0.484375
29 42 893 0.7331691297208538
24 27 438 0.6759259259259259
9 9 66 0.8148148148148148
17 24 317 0.7769607843137255
6 6 33 0.9166666666666666
30 35 699 0.6657142857142857
21 23 330 0.6832298136645962
18 24 327 0.7569444444444445
27 33 615 0.6902356902356903
10 13 109 0.8384615384615385
25 29 494 0.6813793103448277
38 37 811 0.5768136557610242
30 36 729 0.675
25 25 394 0.6304
43 50 1370 0.6372093023255814
10 11 89 0.8090909090909091
43 57 1671 0.6817625458996328
7 9 57 0.9047619047619047
20 22 304 0.6909090909090909
48 59 1842 0.6504237288135594
32 40 874 0.6828125
44 49 1336 0.6196660482374768
22 20 269 0.6113636363636363
21 21 288 0.6530612244897959
19 24 336 0.736842105263158
22 26 401 0.701048951048951
25 32 569 0.71125
35 40 904 0.6457142857142857
9 24 201 0.9305555555555555
16 18 210 0.7291666666666666
21 29 456 0.748768472906404
19 19 241 0.667590027700831
19 18 222 0.6491228070175439
44 27 459 0.38636363636363635
40 50 1334 0.667
17 19 232 0.718266253869969
35 31 589 0.5428571428571429
27 41 831 0.7506775067750677
30 43 939 0.727906976744186
18 20 255 0.7083333333333333
8 7 46 0.8214285714285714
48 46 1218 0.5516304347826086
32 40 874 0.6828125
79 83 3707 0.5653500076254385
64 71 2714 0.5972711267605634
9 14 111 0.880952380952381
39 40 930 0.5961538461538461
46 52 1489 0.6224916387959867
42 47 1233 0.6246200607902735
55 53 1589 0.5451114922813036
25 31 544 0.7019354838709678
103 87 4089 0.4563106796116505
70 79 3319 0.6001808318264014
30 30 549 0.61
5 4 19 0.95
50 25 400 0.32
3 3 9 1.0
15 18 204 0.7555555555555555
15 10 85 0.5666666666666667
48 45 1170 0.5416666666666666
11 14 126 0.8181818181818182
42 62 1863 0.7154377880184332
18 21 273 0.7222222222222222
10 12 99 0.8250000000000001
12 13 120 0.7692307692307693
46 70 2317 0.7195652173913043
22 24 357 0.6761363636363636
20 26 384 0.7384615384615384
13 24 267 0.8557692307692308
27 32 588 0.6805555555555556
16 25 322 0.805
30 35 699 0.6657142857142857
20 27 404 0.7481481481481481
17 24 317 0.7769607843137255
25 25 394 0.6304
43 21 294 0.3255813953488372
12 20 204 0.85
42 41 981 0.5696864111498258
66 67 2469 0.5583446404341926
18 19 237 0.6929824561403508
28 47 1016 0.7720364741641337
14 19 211 0.793233082706767
14 20 225 0.8035714285714286
19 8 60 0.39473684210526316
31 36 738 0.6612903225806451
43 54 1542 0.6640826873385014
31 30 552 0.5935483870967742
15 26 324 0.8307692307692308
24 26 414 0.6634615384615384
45 43 1074 0.5550387596899224
51 50 1422 0.5576470588235294
14 9 72 0.5714285714285715
64 56 1764 0.4921875
45 25 400 0.35555555555555557
22 42 753 0.814935064935065
26 36 683 0.7297008547008548
35 41 939 0.6543554006968642
31 34 676 0.6413662239089184
51 15 165 0.21568627450980393
35 50 1254 0.7165714285714286
26 38 735 0.7439271255060729
39 42 1008 0.6153846153846154
42 34 697 0.4880952380952381
50 70 2419 0.6911428571428572
13 20 215 0.826923076923077
7 11 71 0.922077922077922
34 37 793 0.6303656597774245
22 21 291 0.6298701298701298
30 38 789 0.6921052631578948
29 30 545 0.6264367816091954
21 26 393 0.7197802197802198
22 17 204 0.5454545454545455
9 15 120 0.888888888888889
48 61 1938 0.6618852459016393
30 14 147 0.35000000000000003
42 55 1569 0.6792207792207792
16 16 178 0.6953125
29 37 748 0.6971109040074557
18 20 255 0.7083333333333333
7 10 64 0.9142857142857143
40 54 1494 0.6916666666666667
10 10 79 0.79
73 73 2914 0.5468192906736724
73 30 555 0.2534246575342466
53 30 555 0.3490566037735849
63 16 184 0.18253968253968253
44 22 319 0.32954545454545453
32 19 247 0.40625
15 14 144 0.6857142857142857
28 34 652 0.6848739495798319
8 10 70 0.875
39 43 1047 0.6243291592128801
86 97 4939 0.5920642531766962
31 37 769 0.6704446381865736
101 89 4272 0.4752475247524753
39 48 1242 0.6634615384615384
106 99 5247 0.5
57 90 3699 0.7210526315789474
25 25 394 0.6304
42 61 1821 0.7107728337236533
25 37 694 0.7502702702702703
19 23 317 0.725400457665904
50 61 1969 0.6455737704918033
18 21 273 0.7222222222222222
41 17 204 0.2926829268292683
27 33 615 0.6902356902356903
36 51 1308 0.7124183006535948
16 10 85 0.53125
32 15 165 0.34375
34 41 929 0.6664275466284075
11 7 49 0.6363636363636364
30 44 969 0.734090909090909
54 28 490 0.32407407407407407
31 32 614 0.6189516129032258
26 43 865 0.7737030411449015
14 20 225 0.8035714285714286
28 32 596 0.6651785714285714
26 34 631 0.7138009049773756
19 28 412 0.7744360902255639
31 42 924 0.7096774193548386
24 32 558 0.7265625
12 10 84 0.7
32 36 746 0.6475694444444444
43 32 624 0.45348837209302323
30 33 639 0.6454545454545455
14 24 281 0.8363095238095238
16 17 194 0.7132352941176471
37 34 697 0.5540540540540541
9 13 102 0.8717948717948718
78 88 4089 0.5957167832167832
74 74 2991 0.5462016070124178
40 51 1374 0.6735294117647059
23 27 431 0.6940418679549114
19 23 317 0.725400457665904
41 62 1839 0.7234461054287962
11 18 170 0.8585858585858586
57 62 2103 0.595076400679117
14 18 197 0.7817460317460317
22 29 467 0.731974921630094
55 73 2689 0.6697384806973848
96 82 3649 0.46354166666666663
63 42 1029 0.38888888888888884
12 13 120 0.7692307692307693
48 59 1842 0.6504237288135594
24 28 462 0.6875
40 59 1694 0.7177966101694916
21 22 309 0.6688311688311688
13 10 85 0.6538461538461539
55 62 2084 0.6111436950146627
77 84 3767 0.5824056895485468
24 25 390 0.65
35 50 1254 0.7165714285714286
77 36 774 0.27922077922077926
31 32 614 0.6189516129032258
37 48 1215 0.6841216216216216
10 10 79 0.79
54 72 2613 0.6720679012345678
27 27 453 0.6213991769547326
36 44 1056 0.6666666666666666
33 34 687 0.6122994652406417
24 26 414 0.6634615384615384
37 44 1067 0.6554054054054054
13 18 189 0.8076923076923077
41 45 1142 0.6189701897018971
43 53 1499 0.6577446248354543
11 9 71 0.7171717171717171
51 63 2085 0.6489262371615313
36 13 130 0.2777777777777778
23 31 523 0.7335203366058907
16 19 226 0.743421052631579
32 33 650 0.615530303030303
49 25 400 0.326530612244898
22 28 445 0.7224025974025974
38 43 1039 0.6358629130966952
33 35 720 0.6233766233766234
27 35 669 0.707936507936508
43 46 1198 0.6056622851365016
36 55 1452 0.7333333333333334
17 9 72 0.47058823529411764
45 58 1749 0.6701149425287356
59 67 2413 0.6104224639514293
13 13 124 0.7337278106508875
10 11 89 0.8090909090909091
46 73 2455 0.7310899344848124
10 14 119 0.85
31 30 552 0.5935483870967742
49 68 2297 0.68937575030012
13 10 85 0.6538461538461539
9 9 66 0.8148148148148148
96 51 1479 0.3020833333333333
62 73 2815 0.6219619973486523
29 17 204 0.41379310344827586
57 76 2901 0.6696675900277008
28 36 708 0.7023809523809523
28 12 114 0.33928571428571425
31 46 1048 0.7349228611500701
15 13 129 0.6615384615384615
62 34 697 0.33064516129032256
51 56 1728 0.6050420168067226
21 22 309 0.6688311688311688
13 14 137 0.7527472527472527
32 42 938 0.6979166666666666
33 34 687 0.6122994652406417
31 36 738 0.6612903225806451
18 23 309 0.746376811594203
21 23 330 0.6832298136645962
19 32 488 0.8026315789473685
16 14 146 0.6517857142857143
27 29 507 0.6475095785440613
17 33 470 0.8377896613190732
54 37 814 0.40740740740740744
25 30 519 0.6920000000000001
14 13 127 0.6978021978021978
22 28 445 0.7224025974025974
84 87 4068 0.5566502463054187
44 19 247 0.2954545454545454
61 68 2495 0.6014946962391514
13 6 39 0.5
51 59 1881 0.6251246261216351
43 43 1069 0.5781503515413737
21 30 477 0.7571428571428572
27 39 777 0.7378917378917379
35 36 764 0.6063492063492064
77 91 4306 0.6145283288140432
54 32 624 0.3611111111111111
33 16 184 0.3484848484848485
17 19 232 0.718266253869969
37 36 771 0.5788288288288288
6 8 45 0.9375
62 90 3869 0.6933691756272402
39 41 969 0.6060037523452158
27 40 804 0.7444444444444445
48 65 2130 0.6826923076923077
15 23 279 0.8086956521739131
17 23 300 0.7672634271099745
64 87 3738 0.6713362068965517
61 81 3288 0.6654523375834851
65 99 4544 0.7061383061383061
18 27 381 0.7839506172839507
31 41 893 0.7025963808025176
42 56 1611 0.6849489795918366
30 43 939 0.727906976744186
26 42 839 0.7683150183150182
55 61 2029 0.604769001490313
23 31 523 0.7335203366058907
23 27 431 0.6940418679549114
63 96 4278 0.7073412698412698
30 43 939 0.727906976744186
19 24 336 0.736842105263158
41 82 2659 0.790898274836407
20 31 484 0.7806451612903226
23 42 776 0.8033126293995859
14 23 267 0.829192546583851
42 56 1611 0.6849489795918366
20 33 524 0.793939393939394
12 20 204 0.85
11 20 192 0.8727272727272727
18 20 255 0.7083333333333333
66 86 3723 0.6559196617336152
41 60 1757 0.7142276422764228
44 19 247 0.2954545454545454
24 42 798 0.7916666666666666
61 68 2495 0.6014946962391514
52 80 2984 0.7173076923076923
31 35 707 0.6516129032258065
34 42 963 0.6743697478991597
32 33 650 0.615530303030303
21 38 645 0.8082706766917294
22 41 731 0.8104212860310421
50 30 555 0.37
38 43 1039 0.6358629130966952
56 69 2486 0.6433747412008282
94 81 3564 0.46808510638297873
93 75 3075 0.44086021505376344
27 41 831 0.7506775067750677
19 12 114 0.5
12 11 96 0.7272727272727273
34 46 1099 0.7026854219948848
54 64 2181 0.6310763888888888
51 57 1779 0.6119711042311662
20 21 284 0.6761904761904761
22 23 335 0.6620553359683794
42 51 1401 0.6540616246498598
12 13 120 0.7692307692307693
25 23 344 0.5982608695652174
26 28 475 0.6524725274725275
10 11 89 0.8090909090909091
16 40 562 0.878125
55 46 1219 0.4818181818181818
28 24 372 0.5535714285714286
14 18 197 0.7817460317460317
12 9 72 0.6666666666666666
16 15 162 0.675
24 31 534 0.717741935483871
11 14 126 0.8181818181818182
33 37 786 0.6437346437346437
23 33 569 0.7496706192358367
8 10 70 0.875
27 32 588 0.6805555555555556
21 31 498 0.7649769585253456
26 38 735 0.7439271255060729
23 26 408 0.6822742474916388
24 32 558 0.7265625
20 33 524 0.793939393939394
21 36 603 0.7976190476190477
16 8 60 0.46875
67 79 3277 0.6191195919138485
68 67 2476 0.543459174714662
15 16 174 0.725
25 25 394 0.6304
17 20 249 0.7323529411764705
30 34 669 0.6558823529411765
21 20 267 0.6357142857142857
24 23 342 0.6195652173913043
22 8 60 0.3409090909090909
19 26 374 0.757085020242915
6 7 39 0.9285714285714286
75 53 1590 0.39999999999999997
35 38 834 0.6270676691729323
42 46 1191 0.6164596273291926
24 32 558 0.7265625
35 24 372 0.44285714285714284
52 45 1170 0.5
45 49 1344 0.6095238095238096
53 73 2644 0.6833807185319204
35 33 659 0.5705627705627706
15 14 144 0.6857142857142857
29 28 487 0.5997536945812808
40 44 1094 0.6215909090909091
44 25 400 0.36363636363636365
37 29 522 0.4864864864864865
34 33 657 0.5855614973262032
32 34 682 0.6268382352941176
17 23 300 0.7672634271099745
13 11 98 0.6853146853146853
19 37 583 0.8293029871977241
20 24 344 0.7166666666666667
24 36 654 0.7569444444444444
66 56 1764 0.47727272727272724
30 38 789 0.6921052631578948
19 23 317 0.725400457665904
28 21 294 0.5
37 40 919 0.620945945945946
52 59 1892 0.6166883963494133
13 15 150 0.7692307692307693
28 39 792 0.7252747252747253
27 25 399 0.5911111111111111
13 14 137 0.7527472527472527
61 76 2983 0.6434426229508197
15 15 159 0.7066666666666667
26 29 501 0.6644562334217506
16 17 194 0.7132352941176471
31 44 986 0.722873900293255
89 89 4266 0.5385683625804822
41 49 1306 0.6500746640119462
24 29 486 0.6982758620689655
41 55 1552 0.6882483370288248
47 28 490 0.3723404255319149
15 19 219 0.7684210526315789
32 30 554 0.5770833333333333
38 38 849 0.5879501385041551
19 14 147 0.5526315789473684
34 35 725 0.6092436974789917
51 50 1422 0.5576470588235294
28 24 372 0.5535714285714286
16 15 162 0.675
17 17 198 0.6851211072664359
22 15 165 0.5
22 38 665 0.7954545454545454
34 50 1235 0.7264705882352941
58 81 3213 0.6839080459770115
