15 24 305 0.8472222222222222
4 6 24 1.0
41 40 974 0.5939024390243903
38 38 883 0.6114958448753463
29 24 396 0.5689655172413793
30 32 635 0.6614583333333334
26 23 367 0.6137123745819398
33 37 815 0.6674856674856674
27 33 638 0.7160493827160493
24 15 180 0.5
19 17 218 0.674922600619195
38 15 180 0.3157894736842105
32 19 266 0.4375
10 16 145 0.90625
6 7 41 0.9761904761904762
49 62 2048 0.67412771560237
34 30 585 0.573529411764706
50 50 1465 0.586
28 39 816 0.7472527472527473
36 46 1160 0.7004830917874396
43 25 425 0.3953488372093023
28 11 110 0.35714285714285715
48 41 1025 0.5208333333333334
13 15 159 0.8153846153846154
8 7 50 0.8928571428571429
37 9 81 0.24324324324324323
48 27 486 0.375
21 24 368 0.7301587301587302
42 36 810 0.5357142857142857
18 20 269 0.7472222222222222
34 38 857 0.663312693498452
19 17 218 0.674922600619195
38 27 486 0.47368421052631576
39 40 965 0.6185897435897436
15 28 365 0.869047619047619
4 8 32 1.0
74 53 1643 0.4189189189189189
35 34 725 0.6092436974789917
47 58 1823 0.6687454145267793
36 33 692 0.5824915824915825
51 14 161 0.22549019607843138
32 18 243 0.421875
36 36 800 0.6172839506172839
23 21 312 0.6459627329192547
13 6 45 0.576923076923077
4 5 20 1.0
14 10 95 0.6785714285714286
32 33 678 0.6420454545454546
41 14 161 0.28048780487804875
27 17 221 0.48148148148148145
27 31 584 0.6977299880525687
31 38 827 0.7020373514431238
43 53 1538 0.6748573935936815
40 42 1050 0.625
60 30 585 0.325
27 23 368 0.5925925925925926
34 36 789 0.6446078431372549
16 14 158 0.7053571428571429
19 21 294 0.7368421052631579
33 34 716 0.6381461675579322
30 33 665 0.6717171717171717
35 36 795 0.6309523809523809
13 18 198 0.8461538461538461
52 52 1576 0.5828402366863905
59 72 2763 0.6504237288135593
28 35 704 0.7183673469387755
40 47 1250 0.6648936170212766
58 70 2629 0.647536945812808
42 50 1397 0.6652380952380952
53 40 980 0.46226415094339623
38 45 1149 0.6719298245614035
21 26 410 0.750915750915751
40 30 585 0.4875
41 47 1261 0.6543850544888428
55 14 161 0.20909090909090908
27 31 584 0.6977299880525687
100 94 4841 0.515
10 11 95 0.8636363636363636
23 30 519 0.7521739130434782
6 5 29 0.9666666666666666
32 35 742 0.6625
20 24 360 0.75
21 26 410 0.750915750915751
20 31 500 0.8064516129032258
25 32 590 0.7375
17 13 143 0.6470588235294118
60 75 2960 0.6577777777777778
34 34 721 0.6237024221453288
21 26 410 0.750915750915751
24 29 506 0.7270114942528735
29 27 483 0.6168582375478927
52 63 2148 0.6556776556776557
46 46 1255 0.5931001890359169
33 30 584 0.5898989898989898
18 22 305 0.7702020202020201
50 56 1765 0.6303571428571428
24 27 458 0.70679012345679
22 28 463 0.7516233766233766
28 18 243 0.48214285714285715
43 54 1581 0.6808785529715763
15 16 185 0.7708333333333334
52 57 1836 0.6194331983805668
23 20 289 0.6282608695652174
33 30 584 0.5898989898989898
42 45 1187 0.6280423280423281
42 46 1229 0.6361283643892339
30 47 1085 0.7695035460992907
32 41 934 0.711890243902439
33 35 749 0.6484848484848484
34 45 1095 0.7156862745098038
53 44 1166 0.5
30 35 725 0.6904761904761905
56 65 2314 0.6357142857142857
6 5 29 0.9666666666666666
95 59 2006 0.35789473684210527
33 37 815 0.6674856674856674
53 73 2693 0.6960454897906436
52 71 2564 0.6944745395449621
24 33 602 0.76010101010101
76 99 4968 0.6602870813397129
56 73 2762 0.6756360078277887
53 76 2852 0.7080436941410129
47 57 1776 0.6629339305711087
28 44 956 0.7759740259740261
22 34 595 0.7954545454545455
41 57 1671 0.7150192554557124
40 71 2210 0.778169014084507
23 39 726 0.8093645484949833
27 35 692 0.7322751322751323
11 10 89 0.8090909090909092
58 73 2803 0.6620217288615966
28 15 180 0.4285714285714286
19 26 389 0.7874493927125505
72 45 1215 0.375
35 44 1075 0.698051948051948
48 67 2270 0.7058457711442786
30 39 845 0.7222222222222222
77 68 2618 0.5
40 50 1370 0.685
61 44 1166 0.4344262295081967
10 14 125 0.8928571428571429
28 34 676 0.7100840336134454
24 25 410 0.6833333333333332
26 33 627 0.7307692307692308
38 46 1187 0.6790617848970252
21 35 599 0.8149659863945579
20 26 400 0.7692307692307693
47 46 1259 0.5823311748381128
24 25 410 0.6833333333333332
45 45 1205 0.5950617283950618
24 33 602 0.76010101010101
26 29 523 0.693633952254642
15 13 140 0.717948717948718
18 22 305 0.7702020202020201
8 7 50 0.8928571428571429
44 43 1112 0.587737843551797
38 24 396 0.43421052631578944
34 38 857 0.663312693498452
36 38 872 0.6374269005847953
29 15 180 0.41379310344827586
19 23 332 0.7597254004576659
17 7 56 0.47058823529411764
59 63 2232 0.6004842615012106
39 27 486 0.46153846153846156
27 31 584 0.6977299880525687
35 46 1145 0.7111801242236025
43 54 1581 0.6808785529715763
14 12 123 0.7321428571428572
51 58 1877 0.6345503718728871
30 33 665 0.6717171717171717
16 18 222 0.7708333333333334
98 18 243 0.13775510204081634
54 66 2339 0.6562850729517397
37 31 620 0.5405405405405406
10 15 135 0.9
46 49 1393 0.6180124223602484
61 13 143 0.18032786885245902
50 62 2065 0.6661290322580645
19 23 332 0.7597254004576659
45 60 1880 0.6962962962962963
27 31 584 0.6977299880525687
50 52 1565 0.6019230769230769
43 53 1538 0.6748573935936815
5 4 20 1.0
42 51 1439 0.6718020541549953
24 28 482 0.7172619047619048
16 22 286 0.8125
51 24 396 0.3235294117647059
49 62 2048 0.67412771560237
16 13 142 0.6826923076923077
42 44 1145 0.6195887445887446
20 23 340 0.7391304347826086
42 47 1271 0.64387031408308
42 44 1145 0.6195887445887446
100 65 2405 0.37
36 34 728 0.5947712418300654
32 31 614 0.6189516129032258
43 31 620 0.4651162790697675
17 22 296 0.7914438502673796
40 42 1050 0.625
14 13 137 0.7527472527472528
66 53 1643 0.4696969696969697
13 14 146 0.8021978021978021
13 13 133 0.78698224852071
32 26 455 0.546875
29 42 918 0.7536945812807881
24 27 458 0.70679012345679
9 9 71 0.8765432098765432
17 20 262 0.7705882352941177
6 6 35 0.9722222222222222
30 35 725 0.6904761904761905
21 22 326 0.7056277056277056
18 23 323 0.7801932367149758
27 31 584 0.6977299880525687
10 8 65 0.8125
25 38 740 0.7789473684210527
38 38 883 0.6114958448753463
30 38 815 0.7149122807017544
25 22 340 0.6181818181818182
43 52 1495 0.6686046511627908
10 11 95 0.8636363636363636
43 55 1624 0.6866807610993658
7 9 60 0.9523809523809523
20 22 320 0.7272727272727273
48 55 1694 0.6416666666666666
32 32 646 0.630859375
44 50 1420 0.6454545454545455
22 24 375 0.7102272727272728
21 23 347 0.7184265010351968
19 22 313 0.7488038277511961
22 25 397 0.7218181818181819
25 35 665 0.76
35 37 830 0.640926640926641
9 17 143 0.934640522875817
16 21 270 0.8035714285714286
21 30 494 0.7841269841269842
19 20 275 0.7236842105263157
19 19 256 0.7091412742382271
44 47 1288 0.6228239845261122
40 41 1010 0.6158536585365854
17 19 245 0.7585139318885449
35 26 455 0.5
27 37 746 0.7467467467467468
30 39 845 0.7222222222222222
18 22 305 0.7702020202020201
8 7 50 0.8928571428571429
48 51 1502 0.613562091503268
32 34 710 0.6525735294117647
79 74 3071 0.5253164556962026
64 70 2710 0.6049107142857143
9 12 98 0.9074074074074074
39 41 1004 0.6278924327704816
46 39 936 0.5217391304347826
42 49 1355 0.6584062196307093
55 61 2080 0.6199701937406856
25 22 340 0.6181818181818182
103 86 4085 0.4611650485436893
70 70 2755 0.5622448979591836
30 24 396 0.5499999999999999
5 4 20 1.0
50 59 1915 0.6491525423728813
3 3 9 1.0
15 15 170 0.7555555555555556
15 8 68 0.5666666666666667
48 56 1742 0.6480654761904762
11 9 78 0.7878787878787878
42 58 1733 0.7114121510673235
18 17 215 0.7026143790849674
10 14 125 0.8928571428571429
12 13 128 0.8205128205128205
46 65 2129 0.7120401337792642
22 25 397 0.7218181818181819
20 24 360 0.75
13 27 315 0.8974358974358974
27 30 557 0.6876543209876543
16 22 286 0.8125
30 31 605 0.6505376344086022
20 24 360 0.75
17 24 330 0.8088235294117646
25 26 440 0.676923076923077
43 21 315 0.3488372093023256
12 13 128 0.8205128205128205
42 45 1187 0.6280423280423281
66 75 3059 0.617979797979798
18 21 287 0.7592592592592593
28 42 900 0.7653061224489797
14 15 165 0.7857142857142858
14 20 235 0.8392857142857142
19 38 617 0.8545706371191135
31 45 1044 0.7483870967741936
43 53 1538 0.6748573935936815
31 26 455 0.5645161290322581
15 22 275 0.8333333333333333
24 27 458 0.70679012345679
45 21 315 0.3333333333333333
51 53 1622 0.6000739918608953
14 10 95 0.6785714285714286
64 46 1265 0.4296875
45 64 2060 0.7152777777777778
22 28 463 0.7516233766233766
26 30 549 0.7038461538461539
35 41 970 0.6759581881533101
31 33 672 0.656891495601173
51 56 1775 0.6214985994397759
35 42 1005 0.6836734693877551
26 38 757 0.7661943319838057
39 44 1121 0.6532634032634033
42 40 977 0.5815476190476191
50 62 2065 0.6661290322580645
13 20 224 0.8615384615384615
7 6 39 0.9285714285714285
34 36 789 0.6446078431372549
22 25 397 0.7218181818181819
30 40 875 0.7291666666666667
29 32 628 0.6767241379310345
21 30 494 0.7841269841269842
22 18 243 0.6136363636363636
9 16 134 0.9305555555555556
48 62 2030 0.6821236559139785
30 31 605 0.6505376344086022
42 50 1397 0.6652380952380952
16 18 222 0.7708333333333334
29 38 802 0.7277676950998185
18 20 269 0.7472222222222222
7 12 81 0.9642857142857143
40 54 1530 0.7083333333333334
10 12 105 0.875
73 51 1530 0.4109589041095891
73 63 2268 0.4931506849315069
53 14 161 0.2169811320754717
63 13 143 0.1746031746031746
44 47 1288 0.6228239845261122
32 29 550 0.5926724137931034
15 18 215 0.7962962962962963
28 24 396 0.5892857142857143
8 10 74 0.925
39 42 1043 0.6367521367521368
86 97 5021 0.601894030208583
31 40 889 0.7169354838709677
101 44 1166 0.2623762376237624
39 45 1160 0.660968660968661
106 95 4940 0.49056603773584906
57 69 2555 0.6496313246885329
25 24 390 0.65
42 57 1691 0.7063492063492063
25 26 440 0.676923076923077
19 26 389 0.7874493927125505
50 64 2165 0.6765625
18 22 305 0.7702020202020201
41 57 1671 0.7150192554557124
27 25 422 0.6251851851851852
36 63 1772 0.781305114638448
16 13 142 0.6826923076923077
32 29 550 0.5926724137931034
34 45 1095 0.7156862745098038
11 9 78 0.7878787878787878
30 31 605 0.6505376344086022
54 28 518 0.3425925925925926
31 29 548 0.6095661846496107
26 24 393 0.6298076923076923
14 19 221 0.830827067669173
28 37 760 0.7335907335907336
26 38 757 0.7661943319838057
19 25 370 0.7789473684210526
31 42 951 0.7304147465437788
24 35 650 0.7738095238095237
12 14 140 0.8333333333333333
32 35 742 0.6625
43 51 1452 0.6621067031463749
30 30 575 0.638888888888889
14 20 235 0.8392857142857142
16 15 174 0.725
37 33 693 0.5675675675675675
9 14 116 0.9206349206349207
78 92 4475 0.6236064659977704
74 68 2618 0.5202702702702703
40 32 656 0.5125
23 29 496 0.7436281859070465
19 21 294 0.7368421052631579
41 34 731 0.524390243902439
11 14 133 0.8636363636363636
57 63 2213 0.6162628794207742
14 16 179 0.7991071428571429
22 22 331 0.6838842975206612
55 79 3070 0.7065592635212888
96 93 4742 0.5311379928315413
63 74 2951 0.632990132990133
12 13 128 0.8205128205128205
48 60 1934 0.6715277777777777
24 23 362 0.6557971014492754
40 54 1530 0.7083333333333334
21 21 305 0.691609977324263
13 16 172 0.8269230769230769
55 80 3125 0.7102272727272727
77 86 3994 0.6031410450015101
24 24 386 0.6701388888888888
35 54 1425 0.753968253968254
77 76 3224 0.5509227614490773
31 37 796 0.6939843068875327
37 34 730 0.5802861685214626
10 11 95 0.8636363636363636
54 42 1071 0.4722222222222222
27 27 476 0.6529492455418381
36 50 1304 0.7244444444444444
33 28 518 0.5606060606060607
24 28 482 0.7172619047619048
37 35 767 0.5922779922779923
13 17 185 0.83710407239819
41 43 1097 0.6222348269994328
43 34 731 0.5
11 9 78 0.7878787878787878
51 57 1826 0.6281389748882009
36 38 872 0.6374269005847953
23 30 519 0.7521739130434782
16 22 286 0.8125
32 16 200 0.390625
49 44 1166 0.5408163265306123
22 25 397 0.7218181818181819
38 47 1225 0.6858902575587906
33 19 266 0.42424242424242425
27 32 611 0.7071759259259259
43 52 1495 0.6686046511627908
36 50 1304 0.7244444444444444
17 7 56 0.47058823529411764
45 55 1655 0.6686868686868687
59 72 2763 0.6504237288135593
13 12 120 0.7692307692307692
10 11 95 0.8636363636363636
46 50 1439 0.6256521739130435
10 14 125 0.8928571428571429
31 29 548 0.6095661846496107
49 68 2342 0.7028811524609844
13 10 94 0.7230769230769231
9 14 116 0.9206349206349207
96 83 3818 0.4791666666666667
62 74 2935 0.6397122929380994
29 38 802 0.7277676950998185
57 67 2441 0.639172558261325
28 29 536 0.6600985221674877
28 28 508 0.6479591836734694
31 38 827 0.7020373514431238
15 13 140 0.717948717948718
62 76 3059 0.6491935483870968
51 68 2387 0.6882929642445214
21 18 242 0.6402116402116402
13 15 159 0.8153846153846154
32 40 902 0.7046875
33 33 683 0.6271808999081726
31 35 734 0.6764976958525345
18 23 323 0.7801932367149758
21 23 347 0.7184265010351968
19 31 484 0.8217317487266553
16 17 206 0.7573529411764706
27 19 266 0.5185185185185185
17 26 364 0.8235294117647058
54 62 2123 0.6341099163679809
25 26 440 0.676923076923077
14 13 137 0.7527472527472528
22 26 419 0.7325174825174826
84 87 4148 0.5675971538040503
44 33 693 0.4772727272727273
61 64 2308 0.5911885245901639
13 11 107 0.7482517482517482
51 53 1622 0.6000739918608953
43 38 893 0.5465116279069767
21 32 536 0.7976190476190477
27 28 503 0.6653439153439153
35 40 935 0.6678571428571429
77 83 3763 0.5887967454232514
54 62 2123 0.6341099163679809
33 35 749 0.6484848484848484
17 23 313 0.8005115089514065
37 40 952 0.6432432432432432
6 9 53 0.9814814814814815
62 77 3121 0.6537494763301215
39 55 1550 0.7226107226107227
27 45 962 0.7917695473251029
48 55 1694 0.6416666666666666
15 25 320 0.8533333333333333
17 23 313 0.8005115089514065
64 87 3798 0.6821120689655172
61 89 3833 0.7060232086940504
65 94 4280 0.7004909983633387
18 20 269 0.7472222222222222
31 43 982 0.7366841710427606
42 55 1607 0.6956709956709957
30 39 845 0.7222222222222222
26 41 835 0.7833020637898687
55 74 2795 0.6867321867321867
23 29 496 0.7436281859070465
23 34 611 0.7813299232736572
63 18 243 0.2142857142857143
30 43 965 0.748062015503876
19 28 427 0.8026315789473684
41 74 2368 0.7804878048780488
20 26 400 0.7692307692307693
23 42 795 0.8229813664596274
14 22 263 0.8538961038961038
42 34 731 0.5119047619047619
20 34 560 0.8235294117647058
12 18 188 0.8703703703703703
11 19 188 0.8995215311004784
18 13 143 0.6111111111111112
66 69 2663 0.5847606499780413
41 50 1384 0.6751219512195122
44 44 1156 0.597107438016529
24 34 626 0.767156862745098
61 37 851 0.3770491803278689
52 78 2928 0.7218934911242604
31 50 1199 0.7735483870967742
34 44 1061 0.7092245989304813
32 39 870 0.6971153846153846
21 33 557 0.8037518037518038
22 8 68 0.38636363636363635
50 29 551 0.38
38 56 1567 0.7363721804511278
56 71 2650 0.6664989939637826
94 85 3995 0.5
93 44 1166 0.28494623655913975
27 36 719 0.7397119341563786
19 12 126 0.5526315789473685
12 12 116 0.8055555555555555
34 53 1367 0.7586015538290788
54 56 1799 0.5949074074074074
51 72 2591 0.7056100217864923
20 15 180 0.6
22 19 265 0.6339712918660286
42 43 1103 0.6107419712070875
12 13 128 0.8205128205128205
25 25 415 0.664
26 29 523 0.693633952254642
10 14 125 0.8928571428571429
16 23 302 0.8206521739130435
55 45 1215 0.4909090909090909
28 39 816 0.7472527472527473
14 24 291 0.8660714285714285
12 13 128 0.8205128205128205
16 15 174 0.725
24 26 434 0.6955128205128205
11 14 133 0.8636363636363636
33 56 1442 0.7803030303030303
23 30 519 0.7521739130434782
8 9 66 0.9166666666666666
27 41 854 0.7714543812104788
21 23 347 0.7184265010351968
26 38 757 0.7661943319838057
23 26 427 0.7140468227424749
24 30 530 0.736111111111111
20 28 440 0.7857142857142857
21 24 368 0.7301587301587302
16 8 68 0.53125
67 71 2804 0.5894471305444607
68 77 3220 0.6149732620320856
15 16 185 0.7708333333333334
25 27 465 0.688888888888889
17 21 279 0.7815126050420167
30 29 545 0.6264367816091955
21 21 305 0.691609977324263
24 20 290 0.6041666666666667
22 8 68 0.38636363636363635
19 27 408 0.7953216374269005
6 10 59 0.9833333333333334
75 31 620 0.2666666666666667
35 9 81 0.2571428571428572
42 50 1397 0.6652380952380952
24 30 530 0.736111111111111
35 24 396 0.4714285714285715
52 32 656 0.3942307692307692
45 44 1160 0.5858585858585859
53 59 1951 0.6239206907579149
35 32 655 0.5848214285714286
15 14 155 0.7380952380952381
29 33 657 0.6865203761755486
40 38 890 0.5855263157894737
44 56 1684 0.6834415584415584
37 29 551 0.5135135135135135
34 28 518 0.5441176470588235
32 32 646 0.630859375
17 32 466 0.8566176470588235
13 11 107 0.7482517482517482
19 29 446 0.809437386569873
20 22 320 0.7272727272727273
24 37 698 0.786036036036036
66 78 3257 0.6326728826728827
30 35 725 0.6904761904761905
19 20 275 0.7236842105263157
28 20 290 0.5178571428571429
37 39 915 0.6340956340956341
52 61 2044 0.6443883984867591
13 15 159 0.8153846153846154
28 30 564 0.6714285714285714
27 29 530 0.6768837803320562
13 14 146 0.8021978021978021
61 71 2735 0.6314938813207112
15 15 170 0.7555555555555556
26 26 445 0.6582840236686391
16 15 174 0.725
31 37 796 0.6939843068875327
89 98 5152 0.5906902086677368
41 34 731 0.524390243902439
24 29 506 0.7270114942528735
41 49 1343 0.6684917869586859
47 65 2152 0.7044189852700491
15 14 155 0.7380952380952381
32 48 1158 0.75390625
38 34 731 0.5657894736842105
19 15 180 0.631578947368421
34 36 789 0.6446078431372549
51 58 1877 0.6345503718728871
28 26 452 0.6208791208791209
16 17 206 0.7573529411764706
17 18 228 0.7450980392156863
22 33 573 0.7892561983471075
22 31 529 0.7756598240469209
34 45 1095 0.7156862745098038
58 77 3035 0.6795790416480072
