15 15 180 0.8
4 6 24 1.0
41 30 615 0.5
38 40 992 0.6526315789473685
29 16 216 0.46551724137931033
30 30 600 0.6666666666666666
26 27 492 0.7008547008547009
33 19 285 0.4545454545454546
27 23 390 0.6280193236714976
24 24 405 0.703125
19 22 327 0.7822966507177033
38 27 513 0.5
32 33 705 0.6676136363636364
10 13 120 0.9230769230769231
6 6 36 1.0
49 50 1504 0.6138775510204081
34 23 391 0.5
50 51 1560 0.6117647058823529
28 43 951 0.7898671096345515
36 45 1155 0.712962962962963
43 41 1060 0.6012478729438457
28 29 559 0.6884236453201971
48 49 1449 0.6160714285714286
13 22 258 0.9020979020979021
8 8 61 0.953125
37 41 1021 0.6730388925510876
48 49 1449 0.6160714285714286
21 27 447 0.7883597883597884
42 41 1056 0.6132404181184669
18 17 228 0.7450980392156863
34 34 750 0.6487889273356401
19 25 384 0.8084210526315789
38 29 580 0.5263157894736842
39 18 261 0.3717948717948718
15 13 150 0.7692307692307693
4 7 28 1.0
74 31 651 0.28378378378378377
35 34 755 0.6344537815126051
47 49 1442 0.6261398176291794
36 14 175 0.3472222222222222
51 50 1515 0.5941176470588235
32 28 545 0.6082589285714286
36 40 975 0.6770833333333333
23 18 261 0.6304347826086957
13 5 40 0.6153846153846154
4 6 24 1.0
14 11 118 0.7662337662337663
32 34 737 0.6773897058823529
41 25 450 0.4390243902439025
27 33 660 0.7407407407407407
27 32 633 0.7326388888888888
31 41 946 0.7442958300550747
43 53 1576 0.6915313734093901
40 50 1405 0.7025
60 36 846 0.39166666666666666
27 27 498 0.6831275720164608
34 18 261 0.42647058823529416
16 16 201 0.78515625
19 24 365 0.8004385964912281
33 32 678 0.6420454545454546
30 39 870 0.7435897435897436
35 35 790 0.6448979591836735
13 19 219 0.8866396761133604
52 49 1467 0.57574568288854
59 68 2581 0.6433200398803589
28 36 755 0.7490079365079365
40 50 1405 0.7025
58 69 2624 0.655672163918041
42 55 1644 0.7116883116883117
53 59 1999 0.639270866645347
38 42 1068 0.6691729323308271
21 25 405 0.7714285714285714
40 46 1245 0.6766304347826086
41 56 1666 0.725609756097561
55 58 1965 0.615987460815047
27 31 606 0.7240143369175627
100 94 4935 0.525
10 11 100 0.9090909090909091
23 29 514 0.7706146926536732
6 8 48 1.0
32 35 769 0.6866071428571429
20 23 355 0.7717391304347826
21 27 447 0.7883597883597884
20 25 395 0.79
25 28 510 0.7285714285714285
17 9 90 0.5882352941176471
60 74 2955 0.6655405405405406
34 32 682 0.6268382352941176
21 29 489 0.8029556650246306
24 27 477 0.7361111111111112
29 26 478 0.6339522546419099
52 67 2403 0.6897244546498278
46 62 2032 0.7124824684431977
33 39 909 0.7062937062937064
18 17 228 0.7450980392156863
50 58 1910 0.6586206896551725
24 26 453 0.7259615384615384
22 26 436 0.7622377622377622
28 28 531 0.6772959183673469
43 42 1103 0.6107419712070875
15 16 195 0.8125
52 60 2039 0.653525641025641
23 25 422 0.7339130434782609
33 38 876 0.6985645933014354
42 19 285 0.35714285714285715
42 50 1434 0.6828571428571429
30 43 990 0.7674418604651163
32 31 641 0.6461693548387096
33 36 810 0.6818181818181819
34 47 1192 0.7459324155193994
53 28 546 0.36792452830188677
30 40 900 0.75
56 51 1581 0.5535714285714286
6 5 30 1.0
95 65 2470 0.4
33 43 1041 0.733615221987315
53 63 2211 0.6621743036837376
52 68 2455 0.6942873303167421
24 35 669 0.7964285714285714
76 100 5115 0.6730263157894737
56 71 2701 0.6793259557344064
53 73 2741 0.708451796329801
47 50 1489 0.6336170212765958
28 40 867 0.7741071428571429
22 34 612 0.8181818181818181
41 63 1953 0.7560975609756098
40 63 1925 0.7638888888888888
23 33 606 0.7984189723320159
27 34 687 0.7483660130718954
11 12 117 0.8863636363636364
58 68 2566 0.6506085192697768
28 25 447 0.6385714285714286
19 24 365 0.8004385964912281
72 67 2613 0.5416666666666666
35 23 391 0.4857142857142857
48 43 1161 0.5625
30 43 990 0.7674418604651163
77 72 2988 0.5389610389610389
40 54 1565 0.7245370370370371
61 66 2486 0.6174863387978142
10 13 120 0.9230769230769231
28 35 727 0.7418367346938776
24 25 429 0.715
26 31 596 0.739454094292804
38 49 1334 0.7164339419978518
21 33 573 0.8268398268398268
20 21 315 0.75
47 24 420 0.3723404255319149
24 26 453 0.7259615384615384
45 53 1605 0.6729559748427673
24 33 621 0.7840909090909091
26 32 622 0.7475961538461539
15 13 150 0.7692307692307693
18 21 300 0.7936507936507937
8 7 53 0.9464285714285714
44 41 1063 0.5892461197339246
38 43 1106 0.6768665850673194
34 43 1056 0.7222982216142271
36 38 903 0.6600877192982456
29 16 216 0.46551724137931033
19 19 270 0.7479224376731303
17 17 223 0.7716262975778546
59 64 2345 0.6210275423728814
39 46 1233 0.6872909698996655
27 27 498 0.6831275720164608
35 51 1350 0.7563025210084033
43 53 1576 0.6915313734093901
14 10 104 0.7428571428571429
51 57 1872 0.6439628482972136
30 33 690 0.696969696969697
16 19 249 0.819078947368421
98 43 1161 0.2755102040816326
54 71 2658 0.6932707355242567
37 46 1206 0.7085781433607521
10 15 140 0.9333333333333333
46 53 1618 0.6636587366694011
61 26 481 0.30327868852459017
50 52 1610 0.6192307692307693
19 22 327 0.7822966507177033
45 56 1740 0.6904761904761905
27 31 606 0.7240143369175627
50 64 2210 0.690625
43 49 1404 0.6663502610346465
5 4 20 1.0
42 50 1434 0.6828571428571429
24 27 477 0.7361111111111112
16 15 185 0.7708333333333334
51 24 420 0.34313725490196073
49 54 1700 0.6424792139077853
16 13 153 0.7355769230769231
42 48 1350 0.6696428571428572
20 24 375 0.78125
42 43 1140 0.6312292358803987
42 48 1350 0.6696428571428572
100 72 2988 0.415
36 32 687 0.5963541666666666
32 32 673 0.6572265625
43 45 1232 0.6366925064599483
17 18 240 0.7843137254901961
40 45 1205 0.6694444444444444
14 12 132 0.7857142857142857
66 29 580 0.303030303030303
13 13 141 0.834319526627219
13 12 128 0.8205128205128206
32 25 450 0.5625
29 42 942 0.7733990147783252
24 27 477 0.7361111111111112
9 7 57 0.9047619047619048
17 21 291 0.8151260504201681
6 9 54 1.0
30 38 840 0.7368421052631579
21 29 489 0.8029556650246306
18 24 354 0.8194444444444445
27 32 633 0.7326388888888888
10 12 110 0.9166666666666666
25 34 660 0.776470588235294
38 37 878 0.6244665718349929
30 37 810 0.7297297297297297
25 23 385 0.6695652173913044
43 50 1447 0.6730232558139535
10 13 120 0.9230769230769231
43 54 1619 0.6972437553832903
7 7 48 0.9795918367346939
20 23 355 0.7717391304347826
48 55 1737 0.6579545454545455
32 31 641 0.6461693548387096
44 52 1547 0.6761363636363635
22 17 238 0.6363636363636364
21 18 258 0.6825396825396826
19 21 308 0.7719298245614035
22 24 392 0.7424242424242423
25 30 560 0.7466666666666666
35 36 825 0.6547619047619048
9 7 57 0.9047619047619048
16 18 233 0.8090277777777778
21 26 426 0.7802197802197802
19 19 270 0.7479224376731303
19 20 289 0.7605263157894737
44 48 1371 0.6491477272727273
40 40 1005 0.628125
17 19 257 0.7956656346749226
35 33 720 0.6233766233766235
27 33 660 0.7407407407407407
30 38 840 0.7368421052631579
18 23 336 0.8115942028985508
8 6 45 0.9375
48 46 1305 0.5910326086956522
32 37 833 0.7035472972972973
79 67 2613 0.49367088607594933
64 68 2641 0.6068474264705882
9 12 102 0.9444444444444445
39 36 843 0.6004273504273505
46 44 1204 0.5948616600790514
42 44 1182 0.6396103896103896
55 67 2460 0.6675712347354138
25 28 510 0.7285714285714285
103 90 4545 0.4902912621359223
70 86 3940 0.654485049833887
30 25 450 0.6
5 3 15 1.0
50 41 1066 0.52
3 3 9 1.0
15 14 165 0.7857142857142857
15 8 76 0.6333333333333333
48 24 420 0.3645833333333333
11 10 95 0.8636363636363636
42 61 1896 0.7400468384074942
18 16 210 0.7291666666666666
10 15 140 0.9333333333333333
12 13 135 0.8653846153846154
46 69 2354 0.7416509136735979
22 25 414 0.7527272727272727
20 25 395 0.79
13 18 206 0.8803418803418803
27 28 525 0.6944444444444444
16 23 313 0.8505434782608695
30 25 450 0.6
20 28 455 0.8125
17 24 342 0.8382352941176471
25 20 310 0.62
43 38 931 0.5697674418604651
12 16 171 0.890625
42 58 1770 0.7266009852216749
66 77 3252 0.6399055489964581
18 22 318 0.8030303030303031
28 40 867 0.7741071428571429
14 15 174 0.8285714285714286
14 21 258 0.8775510204081632
19 11 121 0.5789473684210527
31 38 853 0.7241086587436333
43 49 1404 0.6663502610346465
31 37 822 0.7166521360069747
15 19 240 0.8421052631578947
24 31 573 0.7701612903225806
45 50 1470 0.6533333333333333
51 55 1770 0.6310160427807486
14 7 63 0.6428571428571429
64 73 2961 0.6337756849315068
45 52 1560 0.6666666666666666
22 29 502 0.786833855799373
26 34 674 0.7624434389140271
35 39 930 0.6813186813186813
31 33 698 0.6823069403714564
51 53 1668 0.6170921198668146
35 50 1315 0.7514285714285713
26 37 752 0.7817047817047817
39 40 999 0.6403846153846154
42 35 805 0.5476190476190477
50 62 2110 0.6806451612903226
13 17 193 0.8733031674208145
7 6 41 0.9761904761904762
34 36 818 0.6683006535947712
22 29 502 0.786833855799373
30 38 840 0.7368421052631579
29 28 536 0.6600985221674877
21 27 447 0.7883597883597884
22 18 260 0.6565656565656566
9 15 129 0.9555555555555556
48 57 1833 0.6699561403508771
30 28 540 0.6428571428571429
42 46 1266 0.65527950310559
16 20 265 0.828125
29 41 913 0.7678721614802355
18 23 336 0.8115942028985508
7 12 83 0.9880952380952381
40 47 1285 0.6835106382978723
10 10 90 0.9
73 50 1525 0.4178082191780822
73 36 846 0.32191780821917804
53 27 513 0.3584905660377359
63 65 2442 0.5963369963369963
44 46 1283 0.6338932806324111
32 29 577 0.6217672413793104
15 18 225 0.8333333333333334
28 23 391 0.6071428571428571
8 11 85 0.9659090909090909
39 47 1272 0.6939443535188216
86 88 4328 0.5718816067653276
31 39 884 0.7311827956989247
101 99 5439 0.5439543954395439
39 47 1272 0.6939443535188216
106 99 5445 0.5188679245283019
57 80 3234 0.7092105263157895
25 27 485 0.7185185185185184
42 58 1770 0.7266009852216749
25 30 560 0.7466666666666666
19 24 365 0.8004385964912281
50 39 975 0.5
18 21 300 0.7936507936507937
41 36 846 0.573170731707317
27 27 498 0.6831275720164608
36 46 1191 0.7192028985507247
16 18 233 0.8090277777777778
32 30 609 0.634375
34 38 886 0.6857585139318886
11 7 62 0.8051948051948052
30 36 780 0.7222222222222222
54 37 888 0.4444444444444444
31 40 915 0.7379032258064516
26 26 466 0.6893491124260355
14 24 300 0.8928571428571428
28 31 615 0.7085253456221199
26 38 778 0.7874493927125507
19 25 384 0.8084210526315789
31 40 915 0.7379032258064516
24 33 621 0.7840909090909091
12 8 75 0.78125
32 34 737 0.6773897058823529
43 47 1318 0.6521523998020782
30 32 660 0.6875
14 20 244 0.8714285714285713
16 15 185 0.7708333333333334
37 35 799 0.6169884169884169
9 9 75 0.925925925925926
78 86 4080 0.6082289803220036
74 92 4462 0.6554054054054054
40 52 1485 0.7139423076923077
23 25 422 0.7339130434782609
19 20 289 0.7605263157894737
41 48 1338 0.6798780487804877
11 15 150 0.9090909090909091
57 53 1695 0.5610724925521351
14 17 202 0.8487394957983193
22 26 436 0.7622377622377622
55 78 3065 0.7144522144522144
96 90 4545 0.5260416666666666
63 69 2694 0.6197377501725327
12 12 123 0.8541666666666666
48 51 1545 0.6311274509803921
24 31 573 0.7701612903225806
40 47 1285 0.6835106382978723
21 23 363 0.7515527950310559
13 8 76 0.7307692307692307
55 70 2625 0.6818181818181818
77 98 4990 0.6612774980121918
24 34 645 0.7904411764705882
35 45 1140 0.7238095238095238
77 82 3758 0.5951853025023757
31 35 760 0.7004608294930875
37 45 1169 0.7021021021021021
10 9 80 0.8888888888888888
54 51 1578 0.5729847494553377
27 25 444 0.6577777777777777
36 38 903 0.6600877192982456
33 33 711 0.6528925619834711
24 19 285 0.625
37 18 261 0.3918918918918919
13 15 167 0.8564102564102565
41 47 1297 0.6730669434353918
43 43 1146 0.6197944835045971
11 9 84 0.8484848484848485
51 60 2025 0.6617647058823529
36 46 1191 0.7192028985507247
23 25 422 0.7339130434782609
16 21 281 0.8363095238095238
32 24 420 0.546875
49 42 1113 0.5408163265306123
22 23 370 0.7312252964426876
38 48 1296 0.7105263157894738
33 22 363 0.5
27 32 633 0.7326388888888888
43 63 2006 0.7404946474713917
36 49 1299 0.7363945578231293
17 12 138 0.676470588235294
45 53 1605 0.6729559748427673
59 64 2345 0.6210275423728814
13 6 51 0.6538461538461539
10 10 90 0.9
46 71 2446 0.7489283527250459
10 15 140 0.9333333333333333
31 33 698 0.6823069403714564
49 65 2239 0.7029827315541601
13 10 102 0.7846153846153846
9 9 75 0.925925925925926
96 31 651 0.21875
62 81 3426 0.6821983273596177
29 28 536 0.6600985221674877
57 67 2493 0.6527886881382561
28 28 531 0.6772959183673469
28 40 867 0.7741071428571429
31 50 1225 0.7903225806451613
15 14 165 0.7857142857142857
62 51 1581 0.5
51 58 1923 0.6501014198782961
21 19 279 0.6992481203007519
13 11 115 0.8041958041958043
32 43 1025 0.7449127906976745
33 34 744 0.6631016042780749
31 32 667 0.6723790322580645
18 23 336 0.8115942028985508
21 23 363 0.7515527950310559
19 27 422 0.8226120857699805
16 17 217 0.7977941176470589
27 28 525 0.6944444444444444
17 17 223 0.7716262975778546
54 62 2172 0.6487455197132617
25 31 585 0.7548387096774193
14 16 188 0.8392857142857143
22 27 458 0.771043771043771
84 91 4563 0.596938775510204
44 43 1151 0.6083509513742072
61 73 2913 0.6541657309678869
13 13 141 0.834319526627219
51 52 1617 0.6097285067873304
43 48 1361 0.6593992248062016
21 27 447 0.7883597883597884
27 26 471 0.6709401709401709
35 31 650 0.599078341013825
77 85 3989 0.6094728800611153
54 61 2118 0.6429872495446266
33 13 156 0.36363636363636365
17 25 359 0.8447058823529412
37 42 1058 0.6808236808236808
6 9 54 1.0
62 77 3178 0.6656891495601173
39 49 1350 0.706436420722135
27 49 1092 0.8253968253968254
48 50 1497 0.62375
15 20 255 0.85
17 23 325 0.8312020460358056
64 80 3409 0.6658203125
61 83 3523 0.6958325103693462
65 83 3625 0.6719184430027804
18 22 318 0.8030303030303031
31 42 977 0.7503840245775729
42 48 1350 0.6696428571428572
30 43 990 0.7674418604651163
26 35 700 0.7692307692307693
55 75 2900 0.703030303030303
23 24 399 0.7228260869565218
23 28 491 0.7624223602484472
63 80 3387 0.6720238095238095
30 43 990 0.7674418604651163
19 28 441 0.8289473684210525
41 62 1912 0.7521636506687648
20 34 575 0.8455882352941176
23 41 790 0.8377518557794273
14 18 216 0.8571428571428572
42 50 1434 0.6828571428571429
20 30 495 0.825
12 20 219 0.9125
11 19 194 0.9282296650717704
18 14 174 0.6904761904761905
66 89 4044 0.6884576098059244
41 53 1543 0.7100782328578003
44 51 1503 0.6697860962566844
24 28 501 0.7455357142857143
61 73 2913 0.6541657309678869
52 78 2975 0.7334812623274162
31 39 884 0.7311827956989247
34 40 954 0.7014705882352941
32 35 769 0.6866071428571429
21 30 510 0.8095238095238095
22 27 458 0.771043771043771
50 35 805 0.46
38 21 336 0.4210526315789474
56 72 2757 0.6837797619047619
94 92 4732 0.5471785383903793
93 89 4449 0.5375135918811164
27 40 849 0.7861111111111111
19 17 232 0.7182662538699691
12 8 75 0.78125
34 35 784 0.6588235294117647
54 46 1311 0.5277777777777778
51 64 2229 0.6829044117647058
20 14 175 0.625
22 20 304 0.6909090909090909
42 46 1266 0.65527950310559
12 13 135 0.8653846153846154
25 23 385 0.6695652173913044
26 27 492 0.7008547008547009
10 9 80 0.8888888888888888
16 20 265 0.828125
55 39 975 0.45454545454545453
28 41 895 0.7796167247386759
14 21 258 0.8775510204081632
12 8 75 0.78125
16 15 185 0.7708333333333334
24 23 381 0.6902173913043478
11 16 161 0.9147727272727273
33 32 678 0.6420454545454546
23 31 560 0.785413744740533
8 9 69 0.9583333333333334
27 37 768 0.7687687687687688
21 28 468 0.7959183673469388
26 35 700 0.7692307692307693
23 27 468 0.7536231884057971
24 27 477 0.7361111111111112
20 29 475 0.8189655172413793
21 26 426 0.7802197802197802
16 12 137 0.7135416666666666
67 72 2933 0.6080016583747927
68 78 3351 0.6317873303167421
15 16 195 0.8125
25 22 360 0.6545454545454545
17 19 257 0.7956656346749226
30 33 690 0.696969696969697
21 20 300 0.7142857142857143
24 16 216 0.5625
22 23 370 0.7312252964426876
19 21 308 0.7719298245614035
6 6 36 1.0
75 57 1938 0.4533333333333333
35 33 720 0.6233766233766235
42 31 651 0.5
24 26 453 0.7259615384615384
35 41 1000 0.6968641114982579
52 63 2195 0.67002442002442
45 45 1245 0.6148148148148148
53 62 2158 0.6567255021302496
35 32 685 0.6116071428571429
15 13 150 0.7692307692307693
29 25 449 0.6193103448275862
40 52 1485 0.7139423076923077
44 48 1371 0.6491477272727273
37 13 156 0.3243243243243243
34 33 716 0.6381461675579323
32 33 705 0.6676136363636364
17 18 240 0.7843137254901961
13 25 297 0.9138461538461539
19 28 441 0.8289473684210525
20 20 295 0.7375
24 32 597 0.77734375
66 40 1020 0.38636363636363635
30 29 570 0.6551724137931034
19 22 327 0.7822966507177033
28 19 285 0.5357142857142857
37 40 984 0.6648648648648648
52 51 1571 0.5923831070889894
13 19 219 0.8866396761133604
28 29 559 0.6884236453201971
27 20 310 0.5740740740740741
13 13 141 0.834319526627219
61 59 2059 0.5721033620450126
15 17 210 0.8235294117647058
26 30 570 0.7307692307692307
16 16 201 0.78515625
31 38 853 0.7241086587436333
89 73 3066 0.4719101123595506
41 43 1133 0.6426545660805445
24 25 429 0.715
41 54 1584 0.7154471544715447
47 64 2147 0.7137632978723404
15 17 210 0.8235294117647058
32 34 737 0.6773897058823529
38 42 1068 0.6691729323308271
19 15 194 0.6807017543859649
34 33 716 0.6381461675579323
51 16 216 0.2647058823529412
28 21 336 0.5714285714285714
16 15 185 0.7708333333333334
17 15 189 0.7411764705882352
22 15 195 0.5909090909090909
22 24 392 0.7424242424242423
34 51 1328 0.7658592848904269
58 64 2334 0.6287715517241379
