15 26 362 0.9282051282051282
4 4 16 1.0
41 49 1448 0.7207565953210553
38 38 979 0.6779778393351801
29 27 552 0.7049808429118775
30 37 857 0.7720720720720721
26 27 531 0.7564102564102564
33 33 764 0.7015610651974289
27 30 620 0.7654320987654321
24 19 320 0.7017543859649124
19 23 371 0.8489702517162472
38 26 533 0.5394736842105263
32 39 948 0.7596153846153846
10 12 117 0.975
6 6 36 1.0
49 64 2275 0.7254464285714286
34 38 941 0.728328173374613
50 62 2197 0.7087096774193548
28 36 798 0.7916666666666666
36 54 1538 0.7911522633744856
43 51 1563 0.7127222982216143
28 32 686 0.765625
48 62 2156 0.7244623655913978
13 10 115 0.8846153846153847
8 6 48 1.0
37 41 1082 0.7132498352010547
48 56 1868 0.6949404761904762
21 27 476 0.8395061728395062
42 45 1295 0.6851851851851851
18 20 305 0.8472222222222221
34 33 771 0.6871657754010695
19 20 314 0.8263157894736842
38 34 827 0.640092879256966
39 40 1064 0.6820512820512821
15 31 437 0.9397849462365592
4 5 20 1.0
74 100 5189 0.7012162162162163
35 31 707 0.6516129032258065
47 59 1993 0.718716191849982
36 41 1070 0.7249322493224932
51 23 437 0.37254901960784315
32 33 756 0.7159090909090909
36 37 926 0.6951951951951951
23 19 317 0.7254004576659039
13 12 141 0.9038461538461539
4 4 16 1.0
14 14 175 0.8928571428571429
32 36 852 0.7395833333333334
41 25 500 0.4878048780487805
27 29 593 0.7573435504469986
27 27 539 0.7393689986282579
31 34 778 0.7381404174573055
43 55 1735 0.733615221987315
40 46 1312 0.7130434782608696
60 66 2582 0.6520202020202019
27 30 620 0.7654320987654321
34 43 1111 0.7599179206566348
16 15 204 0.85
19 28 466 0.8759398496240601
33 36 863 0.7264309764309764
30 33 737 0.7444444444444445
35 36 882 0.7
13 12 141 0.9038461538461539
52 80 3170 0.7620192307692307
59 78 3276 0.711864406779661
28 34 742 0.7794117647058824
40 41 1112 0.6780487804878049
58 83 3539 0.735147486497715
42 62 2009 0.7715053763440861
53 63 2304 0.6900269541778975
38 41 1093 0.7015404364569962
21 26 455 0.8333333333333334
40 60 1872 0.7799999999999999
41 55 1694 0.751219512195122
55 71 2777 0.7111395646606914
27 30 620 0.7654320987654321
100 100 5722 0.5722
10 11 107 0.9727272727272727
23 23 409 0.7731568998109641
6 9 54 1.0
32 42 1044 0.7767857142857143
20 21 342 0.8142857142857144
21 27 476 0.8395061728395062
20 28 482 0.8607142857142858
25 35 722 0.8251428571428571
17 8 92 0.6764705882352942
60 66 2582 0.6520202020202019
34 36 873 0.7132352941176471
21 33 602 0.8686868686868687
24 33 656 0.8282828282828283
29 28 581 0.7155172413793104
52 68 2546 0.7200226244343891
46 58 1927 0.722263868065967
33 31 698 0.6823069403714566
18 18 269 0.8302469135802469
50 57 1947 0.6831578947368421
24 39 800 0.8547008547008548
22 26 467 0.8164335664335665
28 32 686 0.765625
43 49 1477 0.7009966777408637
15 15 197 0.8755555555555555
52 70 2650 0.728021978021978
23 20 340 0.7391304347826086
33 37 896 0.7338247338247339
42 49 1463 0.7108843537414966
42 30 675 0.5357142857142858
30 43 1037 0.8038759689922481
32 41 1012 0.7713414634146342
33 38 929 0.7408293460925041
34 46 1213 0.7755754475703326
53 11 143 0.24528301886792453
30 34 767 0.7519607843137255
56 69 2688 0.6956521739130435
6 5 30 1.0
95 100 5672 0.5970526315789474
33 55 1490 0.8209366391184573
53 70 2675 0.7210242587601078
52 63 2286 0.6978021978021978
24 37 752 0.8468468468468469
76 99 5178 0.6881977671451356
56 79 3248 0.7341772151898734
53 79 3152 0.7528063052304752
47 60 2040 0.723404255319149
28 39 882 0.8076923076923077
22 32 599 0.8508522727272727
41 65 2104 0.7894934333958724
40 66 2112 0.7999999999999999
23 37 731 0.8589894242068156
27 33 701 0.7867564534231201
11 13 137 0.9580419580419581
58 75 3075 0.7068965517241379
28 33 714 0.7727272727272727
19 25 409 0.8610526315789474
72 80 3680 0.638888888888889
35 39 987 0.7230769230769231
48 62 2156 0.7244623655913978
30 44 1067 0.8083333333333335
77 87 4284 0.6394984326018809
40 59 1832 0.7762711864406779
61 83 3632 0.7173612482717756
10 14 137 0.9785714285714285
28 36 798 0.7916666666666666
24 30 584 0.8111111111111111
26 29 583 0.7732095490716181
38 50 1435 0.7552631578947369
21 33 602 0.8686868686868687
20 29 502 0.8655172413793104
47 55 1805 0.6982591876208898
24 31 608 0.8172043010752688
45 48 1457 0.674537037037037
24 34 680 0.8333333333333333
26 35 739 0.8120879120879121
15 17 227 0.8901960784313725
18 20 305 0.8472222222222221
8 8 64 1.0
44 52 1622 0.708916083916084
38 40 1055 0.694078947368421
34 42 1077 0.7542016806722689
36 40 1034 0.7180555555555556
29 26 523 0.693633952254642
19 23 371 0.8489702517162472
17 16 227 0.8345588235294118
59 64 2450 0.6488347457627118
39 51 1493 0.7506284565108094
27 25 485 0.7185185185185184
35 47 1267 0.7702127659574469
43 59 1907 0.7516752069373275
14 6 63 0.75
51 49 1553 0.6214485794317727
30 30 647 0.7188888888888889
16 20 284 0.8875
98 100 5705 0.5821428571428572
54 78 3131 0.74335232668566
37 32 749 0.6326013513513513
10 19 187 0.9842105263157894
46 49 1513 0.6712511091393079
61 25 500 0.32786885245901637
50 62 2197 0.7087096774193548
19 22 352 0.8421052631578948
45 52 1637 0.6995726495726496
27 28 566 0.7486772486772486
50 65 2347 0.7221538461538461
43 45 1305 0.6744186046511628
5 5 25 1.0
42 54 1673 0.7376543209876544
24 28 536 0.7976190476190476
16 20 284 0.8875
51 57 1961 0.674578603371173
49 62 2177 0.7165898617511521
16 14 188 0.8392857142857143
42 31 713 0.5476190476190476
20 24 402 0.8375
42 49 1463 0.7108843537414966
42 52 1589 0.7275641025641026
100 80 3800 0.475
36 40 1034 0.7180555555555556
32 36 852 0.7395833333333334
43 49 1477 0.7009966777408637
17 19 278 0.8606811145510835
40 38 992 0.6526315789473685
14 13 161 0.8846153846153846
66 59 2183 0.5606060606060607
13 16 193 0.9278846153846154
13 13 154 0.9112426035502958
32 33 756 0.7159090909090909
29 44 1045 0.8189655172413793
24 26 488 0.782051282051282
9 8 71 0.9861111111111112
17 17 244 0.8442906574394464
6 8 48 1.0
30 32 707 0.7364583333333333
21 20 329 0.7833333333333333
18 26 413 0.8824786324786325
27 36 782 0.8045267489711934
10 10 97 0.97
25 25 472 0.7552
38 45 1245 0.7280701754385965
30 36 827 0.7657407407407407
25 23 422 0.7339130434782608
43 59 1907 0.7516752069373275
10 12 117 0.975
43 64 2122 0.7710755813953488
7 5 35 1.0
20 24 402 0.8375
48 53 1724 0.6776729559748427
32 34 788 0.7242647058823529
44 54 1710 0.7196969696969697
22 25 445 0.8090909090909091
21 18 287 0.7592592592592592
19 23 371 0.8489702517162472
22 19 313 0.7488038277511961
25 32 647 0.80875
35 46 1232 0.7652173913043478
9 11 98 0.98989898989899
16 17 236 0.8676470588235294
21 30 539 0.8555555555555556
19 20 314 0.8263157894736842
19 20 314 0.8263157894736842
44 28 602 0.48863636363636365
40 21 378 0.44999999999999996
17 21 312 0.8739495798319327
35 37 917 0.7081081081081081
27 41 917 0.8283649503161699
30 41 977 0.794308943089431
18 22 341 0.861111111111111
8 6 48 1.0
48 53 1724 0.6776729559748427
32 37 884 0.7466216216216216
79 100 5344 0.6764556962025317
64 72 3012 0.6536458333333334
9 15 134 0.9925925925925926
39 51 1493 0.7506284565108094
46 50 1559 0.6778260869565217
42 46 1337 0.6920289855072463
55 61 2227 0.663785394932936
25 28 547 0.7814285714285714
103 100 5740 0.5572815533980582
70 80 3647 0.65125
30 41 977 0.794308943089431
5 5 25 1.0
50 66 2397 0.7263636363636363
3 3 9 1.0
15 20 272 0.9066666666666666
15 6 63 0.7000000000000001
48 65 2300 0.7371794871794871
11 15 159 0.9636363636363636
42 55 1715 0.7424242424242424
18 19 287 0.8391812865497076
10 15 147 0.98
12 15 170 0.9444444444444444
46 59 1973 0.7269712601326456
22 23 401 0.7924901185770751
20 26 442 0.8500000000000001
13 17 206 0.9321266968325792
27 35 755 0.798941798941799
16 25 364 0.91
30 36 827 0.7657407407407407
20 29 502 0.8655172413793104
17 27 414 0.9019607843137254
25 25 472 0.7552
43 49 1477 0.7009966777408637
12 9 98 0.9074074074074073
42 53 1631 0.7327044025157233
66 86 3965 0.6985553206483439
18 26 413 0.8824786324786325
28 38 854 0.8026315789473685
14 20 259 0.925
14 20 259 0.925
19 24 390 0.8552631578947368
31 41 995 0.7828481510621557
43 50 1520 0.7069767441860465
31 37 871 0.7593722755013078
15 23 317 0.9188405797101449
24 30 584 0.8111111111111111
45 52 1637 0.6995726495726496
51 63 2267 0.7055711173358232
14 6 63 0.75
64 83 3716 0.6995481927710844
45 55 1772 0.715959595959596
22 27 489 0.8232323232323232
26 31 635 0.7878411910669976
35 48 1302 0.775
31 36 840 0.7526881720430108
51 62 2216 0.7008222643896268
35 45 1197 0.76
26 38 817 0.826923076923077
39 55 1649 0.7687645687645688
42 51 1547 0.7222222222222223
50 66 2397 0.7263636363636363
13 20 245 0.9423076923076923
7 10 70 1.0
34 44 1145 0.7653743315508023
22 38 731 0.8744019138755981
30 40 947 0.7891666666666667
29 32 697 0.7510775862068966
21 27 476 0.8395061728395062
22 20 335 0.7613636363636364
9 12 107 0.9907407407407408
48 66 2348 0.7411616161616161
30 44 1067 0.8083333333333335
42 52 1589 0.7275641025641026
16 20 284 0.8875
29 40 929 0.8008620689655173
18 20 305 0.8472222222222221
7 12 84 1.0
40 52 1552 0.7461538461538461
10 8 77 0.9625
73 96 4863 0.6939212328767123
73 98 5009 0.700167738328208
53 21 378 0.33962264150943394
63 90 4130 0.7283950617283951
44 59 1930 0.7434514637904469
32 45 1140 0.7916666666666666
15 17 227 0.8901960784313725
28 32 686 0.765625
8 8 64 1.0
39 47 1337 0.729405346426623
86 32 752 0.27325581395348836
31 39 933 0.7717121588089331
101 46 1403 0.30198019801980197
39 52 1532 0.7554240631163709
106 100 5749 0.5423584905660378
57 72 2879 0.7015107212475633
25 37 772 0.8345945945945946
42 59 1883 0.7598870056497176
25 37 772 0.8345945945945946
19 19 295 0.8171745152354571
50 56 1897 0.6775
18 22 341 0.861111111111111
41 44 1243 0.6890243902439024
27 26 512 0.7293447293447293
36 51 1430 0.7788671023965141
16 16 220 0.859375
32 35 820 0.7321428571428571
34 34 805 0.6963667820069204
11 12 126 0.9545454545454546
30 42 1007 0.7992063492063493
54 70 2699 0.714021164021164
31 31 685 0.712799167533819
26 21 375 0.6868131868131868
14 19 245 0.9210526315789473
28 36 798 0.7916666666666666
26 40 869 0.835576923076923
19 22 352 0.8421052631578948
31 46 1150 0.8064516129032258
24 32 632 0.8229166666666666
12 8 86 0.8958333333333334
32 34 788 0.7242647058823529
43 49 1477 0.7009966777408637
30 38 887 0.7780701754385965
14 11 133 0.8636363636363636
16 20 284 0.8875
37 28 602 0.581081081081081
9 10 89 0.9888888888888889
78 92 4691 0.6537068004459309
74 89 4375 0.664287883389007
40 46 1312 0.7130434782608696
23 18 294 0.7101449275362319
19 23 371 0.8489702517162472
41 51 1530 0.7317073170731708
11 18 192 0.9696969696969696
57 52 1739 0.5867071524966262
14 19 245 0.9210526315789473
22 30 555 0.8409090909090909
55 79 3217 0.740391254315305
96 95 5204 0.5706140350877194
63 86 3878 0.7157622739018088
12 16 182 0.9479166666666666
48 66 2348 0.7411616161616161
24 39 800 0.8547008547008548
40 41 1112 0.6780487804878049
21 29 518 0.8505747126436782
13 16 193 0.9278846153846154
55 37 962 0.4727272727272728
77 100 5285 0.6863636363636364
24 24 440 0.7638888888888888
35 50 1372 0.784
77 100 5285 0.6863636363636364
31 34 778 0.7381404174573055
37 43 1156 0.7265870521684475
10 11 107 0.9727272727272727
54 38 1007 0.49074074074074076
27 21 377 0.6649029982363316
36 52 1466 0.7831196581196581
33 50 1325 0.803030303030303
24 28 536 0.7976190476190476
37 52 1489 0.7739085239085239
13 12 141 0.9038461538461539
41 45 1284 0.6959349593495935
43 47 1391 0.6882731321128154
11 10 104 0.9454545454545455
51 67 2471 0.7231489610769681
36 48 1322 0.7650462962962963
23 29 547 0.8200899550224888
16 20 284 0.8875
32 32 724 0.70703125
49 47 1442 0.6261398176291793
22 29 533 0.835423197492163
38 58 1739 0.7890199637023594
33 33 764 0.7015610651974289
27 27 539 0.7393689986282579
43 47 1391 0.6882731321128154
36 52 1466 0.7831196581196581
17 20 295 0.8676470588235293
45 68 2357 0.7702614379084968
59 89 3925 0.7474766711102647
13 10 115 0.8846153846153847
10 11 107 0.9727272727272727
46 63 2157 0.7443064182194616
10 16 157 0.98125
31 37 871 0.7593722755013078
49 74 2765 0.7625482625482626
13 18 219 0.9358974358974359
9 11 98 0.98989898989899
96 31 713 0.23958333333333331
62 92 4219 0.739656381486676
29 38 871 0.7903811252268603
57 97 4304 0.7784409477301502
28 31 658 0.7580645161290323
28 27 546 0.7222222222222222
31 35 809 0.7456221198156682
15 13 167 0.8564102564102564
62 79 3413 0.6968150265414454
51 63 2267 0.7055711173358232
21 20 329 0.7833333333333333
13 15 180 0.9230769230769231
32 44 1108 0.7869318181818182
33 38 929 0.7408293460925041
31 39 933 0.7717121588089331
18 26 413 0.8824786324786325
21 27 476 0.8395061728395062
19 34 580 0.8978328173374613
16 15 204 0.85
27 22 404 0.6801346801346801
17 20 295 0.8676470588235293
54 63 2321 0.6822457378012934
25 27 522 0.7733333333333333
14 13 161 0.8846153846153846
22 26 467 0.8164335664335665
84 100 5474 0.6516666666666667
44 48 1446 0.6846590909090909
61 75 3144 0.6872131147540983
13 11 128 0.8951048951048951
51 55 1859 0.6627450980392158
43 51 1563 0.7127222982216143
21 26 455 0.8333333333333334
27 34 728 0.7930283224400871
35 41 1057 0.7365853658536585
77 90 4515 0.6515151515151515
54 67 2537 0.701216141514649
33 40 995 0.7537878787878788
17 22 329 0.8796791443850267
37 48 1341 0.7550675675675675
6 9 54 1.0
62 98 4591 0.7555957867017775
39 58 1766 0.7807250221043325
27 43 971 0.8363479758828596
48 52 1676 0.6714743589743589
15 26 362 0.9282051282051282
17 24 363 0.8897058823529411
64 87 3972 0.7133620689655172
61 80 3449 0.7067622950819672
65 100 4847 0.7456923076923077
18 27 431 0.8868312757201645
31 38 902 0.765704584040747
42 65 2135 0.782051282051282
30 38 887 0.7780701754385965
26 41 895 0.8395872420262663
55 26 533 0.37272727272727274
23 39 777 0.8662207357859532
23 31 593 0.8316970546984572
63 73 3059 0.665144596651446
30 46 1127 0.8166666666666668
19 31 523 0.8879456706281834
41 76 2555 0.8199614890885751
20 30 522 0.87
23 44 892 0.8814229249011857
14 18 231 0.9166666666666666
42 53 1631 0.7327044025157233
20 30 522 0.87
12 21 242 0.9603174603174603
11 20 214 0.9727272727272727
18 10 125 0.6944444444444444
66 87 4031 0.7020202020202021
41 58 1817 0.7640874684608916
44 58 1886 0.7390282131661443
24 33 656 0.8282828282828283
61 74 3083 0.682986264953478
52 72 2754 0.735576923076923
31 39 933 0.7717121588089331
34 38 941 0.728328173374613
32 43 1076 0.7819767441860465
21 42 791 0.8968253968253967
22 4 38 0.4318181818181818
50 57 1947 0.6831578947368421
38 40 1055 0.694078947368421
56 83 3472 0.7469879518072289
94 100 5659 0.6020212765957447
93 45 1350 0.3225806451612903
27 30 620 0.7654320987654321
19 21 333 0.8345864661654135
12 10 110 0.9166666666666666
34 42 1077 0.7542016806722689
54 68 2591 0.7056100217864923
51 61 2165 0.6959177113468339
20 20 322 0.805
22 29 533 0.835423197492163
42 58 1841 0.7557471264367817
12 15 170 0.9444444444444444
25 24 447 0.745
26 33 687 0.8006993006993007
10 11 107 0.9727272727272727
16 17 236 0.8676470588235294
55 76 3052 0.7301435406698564
28 37 826 0.7972972972972973
14 18 231 0.9166666666666666
12 12 134 0.9305555555555555
16 16 220 0.859375
24 25 464 0.7733333333333333
11 12 126 0.9545454545454546
33 38 929 0.7408293460925041
23 27 501 0.8067632850241546
8 15 120 1.0
27 42 944 0.8324514991181657
21 27 476 0.8395061728395062
26 31 635 0.7878411910669976
23 33 639 0.841897233201581
24 29 560 0.8045977011494252
20 29 502 0.8655172413793104
21 39 728 0.8888888888888888
16 9 108 0.75
67 65 2585 0.5935706084959816
68 87 4086 0.6906693711967545
15 17 227 0.8901960784313725
25 22 397 0.7218181818181818
17 19 278 0.8606811145510835
30 32 707 0.7364583333333333
21 19 308 0.7719298245614035
24 29 560 0.8045977011494252
22 22 379 0.7830578512396694
19 37 637 0.9061166429587483
6 6 36 1.0
75 20 350 0.23333333333333334
35 37 917 0.7081081081081081
42 28 602 0.511904761904762
24 24 440 0.7638888888888888
35 39 987 0.7230769230769231
52 59 2078 0.6773142112125162
45 50 1547 0.6875555555555556
53 66 2463 0.7041166380789022
35 36 882 0.7
15 12 152 0.8444444444444444
29 35 784 0.7724137931034483
40 46 1312 0.7130434782608696
44 47 1402 0.6779497098646035
37 47 1304 0.7498562392179413
34 38 941 0.728328173374613
32 39 948 0.7596153846153846
17 22 329 0.8796791443850267
13 22 271 0.9475524475524476
19 26 428 0.8663967611336033
20 25 422 0.8440000000000001
24 31 608 0.8172043010752688
66 74 3173 0.6496723996723996
30 29 617 0.7091954022988506
19 20 314 0.8263157894736842
28 23 434 0.6739130434782609
37 40 1045 0.706081081081081
52 72 2754 0.735576923076923
13 20 245 0.9423076923076923
28 36 798 0.7916666666666666
27 35 755 0.798941798941799
13 17 206 0.9321266968325792
61 77 3266 0.6953374494358101
15 19 257 0.9017543859649123
26 29 583 0.7732095490716181
16 16 220 0.859375
31 44 1088 0.7976539589442815
89 100 5579 0.6268539325842696
41 55 1694 0.751219512195122
24 28 536 0.7976190476190476
41 51 1530 0.7317073170731708
47 64 2228 0.7406914893617021
15 23 317 0.9188405797101449
32 46 1172 0.7961956521739131
38 41 1093 0.7015404364569962
19 19 295 0.8171745152354571
34 35 839 0.7050420168067226
51 59 2063 0.6856098371552011
28 30 630 0.75
16 17 236 0.8676470588235294
17 16 227 0.8345588235294118
22 33 621 0.8553719008264462
22 27 489 0.8232323232323232
34 43 1111 0.7599179206566348
58 82 3481 0.7319175777964676
