15 17 164 0.6431372549019608
4 9 33 0.9166666666666666
41 24 324 0.32926829268292684
38 39 816 0.5506072874493927
29 37 695 0.6477166821994408
30 34 614 0.6019607843137255
26 21 252 0.4615384615384615
33 42 890 0.6421356421356421
27 28 431 0.5701058201058201
24 28 419 0.6235119047619048
19 22 265 0.6339712918660287
38 16 152 0.25
32 24 324 0.421875
10 31 274 0.8838709677419354
6 8 38 0.7916666666666666
49 50 1322 0.5395918367346939
34 20 230 0.3382352941176471
50 34 629 0.37
28 47 965 0.7332826747720365
36 50 1205 0.6694444444444444
43 14 119 0.19767441860465115
28 11 77 0.25
48 34 629 0.38541666666666663
13 19 181 0.7327935222672065
8 12 75 0.78125
37 43 961 0.6040226272784412
48 38 779 0.42708333333333337
21 21 251 0.5691609977324263
42 52 1364 0.6245421245421245
18 20 224 0.6222222222222222
34 44 968 0.6470588235294117
19 7 35 0.2631578947368421
38 43 968 0.5924112607099143
39 17 170 0.2564102564102564
15 16 149 0.6208333333333333
4 10 37 0.925
74 78 3144 0.5446985446985446
35 22 275 0.35714285714285715
47 40 860 0.4574468085106383
36 21 252 0.3333333333333333
51 15 135 0.1764705882352941
32 13 104 0.25
36 41 881 0.5968834688346883
23 24 321 0.5815217391304348
13 19 181 0.7327935222672065
4 9 33 0.9166666666666666
14 9 54 0.4285714285714286
32 10 65 0.203125
41 13 104 0.1951219512195122
27 22 275 0.46296296296296297
27 35 620 0.656084656084656
31 39 774 0.6401985111662531
43 54 1461 0.6291989664082687
40 20 230 0.2875
60 39 819 0.35000000000000003
27 32 539 0.6238425925925926
34 34 628 0.5432525951557093
16 16 151 0.58984375
19 23 284 0.6498855835240275
33 42 890 0.6421356421356421
30 40 794 0.6616666666666666
35 38 769 0.5781954887218045
13 18 168 0.717948717948718
52 65 2105 0.6227810650887574
59 73 2654 0.6162061759925702
28 35 629 0.6418367346938776
40 47 1139 0.6058510638297873
58 33 594 0.3103448275862069
42 51 1322 0.6171802054154994
53 71 2437 0.6476215785277704
38 47 1120 0.6270996640537514
21 47 797 0.807497467071935
40 31 527 0.42500000000000004
41 32 560 0.4268292682926829
55 64 2089 0.5934659090909091
27 33 566 0.6352413019079686
100 94 4559 0.48500000000000004
10 10 64 0.64
23 26 367 0.6137123745819398
6 9 44 0.8148148148148148
32 34 623 0.5726102941176471
20 22 269 0.6113636363636363
21 26 356 0.652014652014652
20 28 389 0.6946428571428571
25 30 474 0.632
17 12 90 0.4411764705882353
60 13 104 0.13333333333333333
34 38 764 0.5913312693498451
21 29 419 0.6880131362889984
24 27 395 0.6095679012345678
29 30 492 0.5655172413793104
52 16 152 0.18269230769230768
46 61 1816 0.647184604419102
33 17 170 0.30303030303030304
18 4 14 0.19444444444444445
50 66 2124 0.6436363636363636
24 26 371 0.594551282051282
22 25 340 0.6181818181818182
28 30 489 0.5821428571428572
43 18 189 0.2441860465116279
15 20 209 0.6966666666666667
52 69 2313 0.6446488294314382
23 22 275 0.5434782608695653
33 24 324 0.4090909090909091
42 49 1238 0.6015549076773566
42 43 986 0.5459579180509413
30 1 2 0.06666666666666667
32 32 559 0.5458984375
33 10 65 0.19696969696969696
34 52 1240 0.7013574660633484
53 29 464 0.3018867924528302
30 20 230 0.38333333333333336
56 16 152 0.16964285714285715
6 39 224 0.9572649572649573
95 13 104 0.08421052631578949
33 35 659 0.5705627705627705
53 64 2066 0.6090801886792453
52 70 2365 0.6497252747252747
24 35 587 0.6988095238095238
76 99 4749 0.6311802232854864
56 70 2435 0.6211734693877551
53 71 2437 0.6476215785277704
47 60 1785 0.6329787234042553
28 43 853 0.7084717607973422
22 27 384 0.6464646464646464
41 69 2049 0.7242841993637328
40 63 1779 0.705952380952381
23 38 643 0.7356979405034325
27 38 701 0.6832358674463938
11 12 87 0.6590909090909091
58 13 104 0.13793103448275862
28 34 601 0.6313025210084033
19 26 341 0.6902834008097165
72 40 860 0.2986111111111111
35 36 699 0.5547619047619048
48 62 1895 0.636760752688172
30 43 884 0.6852713178294573
77 78 3156 0.5254745254745254
40 56 1499 0.6691964285714286
61 69 2439 0.579472558802566
10 13 94 0.7230769230769231
28 14 119 0.30357142857142855
24 22 275 0.5208333333333334
26 33 558 0.6503496503496503
38 14 119 0.2236842105263158
21 33 503 0.7258297258297258
20 20 229 0.5725
47 40 860 0.4574468085106383
24 31 491 0.6599462365591398
45 52 1394 0.5957264957264957
24 29 443 0.6364942528735632
26 31 506 0.6277915632754342
15 14 119 0.5666666666666667
18 21 242 0.6402116402116402
8 11 67 0.7613636363636364
44 37 740 0.4545454545454545
38 19 209 0.2894736842105263
34 31 527 0.5
36 29 464 0.4444444444444445
29 36 666 0.6379310344827586
19 25 322 0.6778947368421052
17 8 44 0.3235294117647059
59 14 119 0.1440677966101695
39 57 1520 0.6837606837606837
27 22 275 0.46296296296296297
35 50 1189 0.6794285714285714
43 58 1633 0.6547714514835605
14 15 132 0.6285714285714286
51 13 104 0.1568627450980392
30 15 135 0.3
16 18 183 0.6354166666666666
98 96 4752 0.5051020408163266
54 65 2132 0.6074074074074074
37 42 924 0.5945945945945945
10 19 154 0.8105263157894737
46 61 1816 0.647184604419102
61 13 104 0.13114754098360654
50 68 2224 0.6541176470588235
19 20 227 0.5973684210526315
45 65 1979 0.6765811965811965
27 31 512 0.6117084826762246
50 67 2174 0.648955223880597
43 32 560 0.4069767441860465
5 4 14 0.7
42 35 665 0.4523809523809524
24 28 419 0.6235119047619048
16 22 247 0.7017045454545454
51 27 405 0.29411764705882354
49 64 2008 0.6403061224489796
16 4 14 0.21875
42 13 104 0.1904761904761905
20 24 309 0.6437499999999999
42 62 1784 0.685099846390169
42 44 1028 0.5562770562770563
100 8 44 0.055
36 37 737 0.5533033033033032
32 32 559 0.5458984375
43 47 1160 0.5739732805541812
17 19 203 0.628482972136223
40 40 859 0.536875
14 12 90 0.5357142857142857
66 13 104 0.1212121212121212
13 13 103 0.6094674556213018
13 13 103 0.6094674556213018
32 32 559 0.5458984375
29 42 840 0.689655172413793
24 26 371 0.594551282051282
9 11 71 0.7171717171717172
17 27 339 0.738562091503268
6 9 44 0.8148148148148148
30 22 275 0.41666666666666663
21 13 104 0.380952380952381
18 25 314 0.6977777777777777
27 34 593 0.6459694989106753
10 33 294 0.8909090909090909
25 5 20 0.16
38 47 1120 0.6270996640537514
30 39 764 0.652991452991453
25 14 119 0.33999999999999997
43 56 1547 0.6424418604651162
10 11 74 0.6727272727272727
43 57 1590 0.6487148102815177
7 14 83 0.8469387755102041
20 14 119 0.425
48 58 1703 0.6117097701149425
32 13 104 0.25
44 9 54 0.13636363636363635
22 25 340 0.6181818181818182
21 17 170 0.47619047619047616
19 21 246 0.6165413533834586
22 25 340 0.6181818181818182
25 30 474 0.632
35 39 804 0.589010989010989
9 25 197 0.8755555555555555
16 13 104 0.5
21 23 293 0.6066252587991718
19 19 208 0.5761772853185596
19 25 322 0.6778947368421052
44 50 1297 0.5895454545454545
40 54 1419 0.6569444444444444
17 9 54 0.3529411764705882
35 12 90 0.2142857142857143
27 39 728 0.691358024691358
30 36 674 0.624074074074074
18 22 260 0.6565656565656566
8 10 59 0.7375
48 14 119 0.17708333333333331
32 22 275 0.390625
79 41 902 0.27848101265822783
64 30 495 0.2578125
9 9 53 0.654320987654321
39 25 350 0.358974358974359
46 39 819 0.4565217391304348
42 50 1280 0.6095238095238095
55 52 1430 0.5
25 33 549 0.6654545454545455
103 87 3915 0.4368932038834952
70 78 3114 0.5703296703296703
30 27 405 0.5
5 4 14 0.7
50 7 35 0.09999999999999999
3 3 8 0.8888888888888888
15 20 209 0.6966666666666667
15 8 44 0.36666666666666664
48 63 1943 0.642526455026455
11 16 131 0.7443181818181818
42 61 1742 0.6799375487900078
18 17 170 0.5555555555555556
10 12 84 0.7000000000000001
12 13 101 0.6474358974358974
46 67 2092 0.6787800129785854
22 26 362 0.6328671328671328
20 27 369 0.6833333333333333
13 18 168 0.717948717948718
27 34 593 0.6459694989106753
16 25 295 0.7375
30 34 614 0.6019607843137255
20 27 369 0.6833333333333333
17 24 288 0.7058823529411765
25 33 549 0.6654545454545455
43 42 945 0.5232558139534884
12 29 293 0.8419540229885057
42 13 104 0.1904761904761905
66 73 2738 0.568285595682856
18 29 386 0.739463601532567
28 49 1021 0.7441690962099126
14 6 27 0.32142857142857145
14 19 188 0.706766917293233
19 7 35 0.2631578947368421
31 14 119 0.2741935483870968
43 45 1074 0.5550387596899226
31 34 619 0.5872865275142315
15 24 269 0.7472222222222222
24 32 515 0.6705729166666666
45 42 945 0.5
51 62 1937 0.6125869702719797
14 15 132 0.6285714285714286
64 13 104 0.125
45 72 2294 0.7080246913580246
22 32 494 0.7017045454545454
26 41 766 0.7185741088180112
35 41 874 0.6090592334494773
31 26 377 0.467741935483871
51 14 119 0.16666666666666669
35 45 1014 0.6438095238095238
26 33 558 0.6503496503496503
39 26 377 0.37179487179487175
42 54 1448 0.6384479717813051
50 65 2074 0.6381538461538461
13 21 207 0.7582417582417582
7 19 118 0.887218045112782
34 45 1002 0.6549019607843137
22 23 296 0.5849802371541503
30 31 524 0.5634408602150537
29 37 695 0.6477166821994408
21 26 356 0.652014652014652
22 20 230 0.5227272727272727
9 16 116 0.8055555555555556
48 14 119 0.17708333333333331
30 47 1004 0.7120567375886525
42 27 405 0.35714285714285715
16 16 151 0.58984375
29 43 869 0.6968724939855654
18 23 278 0.6714975845410628
7 8 41 0.7321428571428571
40 52 1339 0.64375
10 21 174 0.8285714285714285
73 13 104 0.1095890410958904
73 38 779 0.2808219178082192
53 21 252 0.22641509433962265
63 25 350 0.2222222222222222
44 14 119 0.19318181818181818
32 32 559 0.5458984375
15 21 224 0.7111111111111111
28 28 433 0.5522959183673469
8 10 59 0.7375
39 13 104 0.20512820512820512
86 87 3912 0.5228548516439455
31 42 867 0.6658986175115208
101 81 3402 0.4158415841584158
39 47 1130 0.6164757228587016
106 96 4752 0.4669811320754717
57 87 3419 0.6894535188546078
25 25 349 0.5584
42 57 1574 0.6574770258980785
25 41 749 0.7307317073170732
19 28 379 0.7124060150375939
50 13 104 0.16
18 19 206 0.6023391812865497
41 22 275 0.3048780487804878
27 33 566 0.6352413019079686
36 33 594 0.5
16 13 104 0.5
32 21 252 0.375
34 48 1104 0.676470588235294
11 10 65 0.5909090909090909
30 46 974 0.7057971014492754
54 30 495 0.3055555555555555
31 33 588 0.5747800586510264
26 34 584 0.6606334841628959
14 21 216 0.7346938775510204
28 38 713 0.6701127819548872
26 41 766 0.7185741088180112
19 29 398 0.7223230490018149
31 41 836 0.6577498033044846
24 38 659 0.7225877192982456
12 10 65 0.5416666666666667
32 42 879 0.6540178571428571
43 18 189 0.2441860465116279
30 37 704 0.6342342342342342
14 17 160 0.6722689075630253
16 21 231 0.6875
37 39 813 0.5634095634095634
9 14 98 0.7777777777777778
78 14 119 0.10897435897435896
74 80 3292 0.556081081081081
40 54 1419 0.6569444444444444
23 29 436 0.6536731634182908
19 23 284 0.6498855835240275
41 53 1393 0.641049240681086
11 22 197 0.8140495867768596
57 13 104 0.14035087719298245
14 14 118 0.6020408163265306
22 23 296 0.5849802371541503
55 82 3079 0.6827050997782705
96 88 4004 0.47395833333333337
63 75 2834 0.5997883597883598
12 12 89 0.6180555555555556
48 66 2087 0.6587752525252525
24 13 104 0.3333333333333333
40 56 1499 0.6691964285714286
21 29 419 0.6880131362889984
13 17 155 0.7013574660633485
55 12 90 0.13636363636363638
77 36 702 0.2532467532467532
24 27 395 0.6095679012345678
35 44 979 0.6357142857142857
77 85 3695 0.5645530939648586
31 36 681 0.6102150537634409
37 48 1146 0.6452702702702703
10 25 214 0.856
54 13 104 0.14814814814814814
27 27 404 0.5541838134430728
36 29 464 0.4444444444444445
33 36 692 0.5824915824915825
24 27 395 0.6095679012345678
37 25 350 0.3783783783783784
13 13 103 0.6094674556213018
41 42 942 0.5470383275261325
43 43 988 0.5343428880475933
11 13 98 0.6853146853146852
51 11 77 0.1372549019607843
36 28 434 0.4305555555555555
23 9 54 0.26086956521739135
16 19 199 0.6546052631578947
32 35 655 0.5848214285714286
49 12 90 0.15306122448979592
22 28 406 0.6590909090909091
38 47 1120 0.6270996640537514
33 20 230 0.3484848484848485
27 37 674 0.6746746746746747
43 51 1332 0.6073871409028728
36 14 119 0.2361111111111111
17 23 271 0.6930946291560103
45 24 324 0.3
59 72 2595 0.6108757062146892
13 10 65 0.5
10 15 114 0.76
46 13 104 0.17391304347826086
10 14 104 0.7428571428571429
31 26 377 0.467741935483871
49 62 1910 0.6287030941408821
13 11 77 0.5384615384615384
9 16 116 0.8055555555555556
96 14 119 0.08854166666666666
62 74 2758 0.6011333914559721
29 40 782 0.6741379310344827
57 95 3875 0.7156048014773776
28 29 461 0.5677339901477833
28 18 189 0.375
31 36 681 0.6102150537634409
15 10 65 0.4333333333333333
62 13 104 0.12903225806451613
51 31 527 0.33333333333333337
21 24 314 0.623015873015873
13 14 116 0.6373626373626374
32 41 847 0.645579268292683
33 33 593 0.5445362718089991
31 25 350 0.4516129032258065
18 23 278 0.6714975845410628
21 21 251 0.5691609977324263
19 25 322 0.6778947368421052
16 15 135 0.5625
27 26 377 0.5370370370370371
17 33 441 0.786096256684492
54 13 104 0.14814814814814814
25 28 424 0.6057142857142858
14 22 230 0.7467532467532467
22 28 406 0.6590909090909091
84 49 1274 0.30952380952380953
44 46 1121 0.5538537549407114
61 25 350 0.22950819672131145
13 17 155 0.7013574660633485
51 13 104 0.1568627450980392
43 48 1203 0.5828488372093024
21 4 14 0.16666666666666666
27 37 674 0.6746746746746747
35 35 664 0.5420408163265306
77 60 1890 0.4090909090909091
54 61 1916 0.5816636308439587
33 24 324 0.4090909090909091
17 25 305 0.7176470588235294
37 13 104 0.21621621621621623
6 8 38 0.7916666666666666
62 82 3254 0.6400472069236821
39 57 1520 0.6837606837606837
27 45 890 0.7325102880658436
48 9 54 0.125
15 20 209 0.6966666666666667
17 24 288 0.7058823529411765
64 51 1377 0.421875
61 86 3476 0.6626000762485703
65 45 1080 0.36923076923076925
18 20 224 0.6222222222222222
31 39 774 0.6401985111662531
42 57 1574 0.6574770258980785
30 46 974 0.7057971014492754
26 32 532 0.6394230769230769
55 78 2859 0.6664335664335664
23 31 482 0.6760168302945301
23 30 459 0.6652173913043478
63 65 2204 0.5382173382173382
30 47 1004 0.7120567375886525
19 35 512 0.7699248120300751
41 10 65 0.15853658536585366
20 26 349 0.6711538461538461
23 34 551 0.7046035805626598
14 19 188 0.706766917293233
42 4 14 0.08333333333333333
20 28 389 0.6946428571428571
12 20 185 0.7708333333333333
11 11 76 0.628099173553719
18 14 119 0.4722222222222222
66 13 104 0.1212121212121212
41 58 1598 0.6719932716568545
44 56 1561 0.6335227272727273
24 31 491 0.6599462365591398
61 0 0 0
52 81 2937 0.6972934472934473
31 42 867 0.6658986175115208
34 1 2 0.058823529411764705
32 43 911 0.6620639534883721
21 38 608 0.7619047619047619
22 9 54 0.2727272727272727
50 13 104 0.16
38 23 299 0.34210526315789475
56 25 350 0.25
94 83 3569 0.4574468085106383
93 33 594 0.1935483870967742
27 35 620 0.656084656084656
19 20 227 0.5973684210526315
12 12 89 0.6180555555555556
34 13 104 0.23529411764705882
54 34 629 0.3425925925925926
51 26 377 0.28431372549019607
20 17 170 0.5
22 18 189 0.4772727272727273
42 26 377 0.34523809523809523
12 16 137 0.7135416666666666
25 18 189 0.42
26 36 636 0.6794871794871794
10 10 64 0.64
16 39 519 0.8317307692307693
55 13 104 0.14545454545454545
28 40 769 0.6866071428571429
14 17 160 0.6722689075630253
12 1 2 0.16666666666666666
16 15 135 0.5625
24 28 419 0.6235119047619048
11 1 2 0.18181818181818182
33 28 434 0.4696969696969697
23 28 413 0.6413043478260869
8 15 99 0.825
27 35 620 0.656084656084656
21 26 356 0.652014652014652
26 34 584 0.6606334841628959
23 17 170 0.43478260869565216
24 29 443 0.6364942528735632
20 33 489 0.7409090909090909
21 34 524 0.7338935574229692
16 12 90 0.46875
67 13 104 0.11940298507462686
68 77 3025 0.5777310924369747
15 17 164 0.6431372549019608
25 27 399 0.5911111111111111
17 19 203 0.628482972136223
30 17 170 0.33333333333333337
21 24 314 0.623015873015873
24 8 44 0.22916666666666666
22 4 14 0.1590909090909091
19 12 90 0.3947368421052631
6 10 50 0.8333333333333334
75 28 434 0.2066666666666667
35 14 119 0.24285714285714285
42 36 702 0.4642857142857143
24 12 90 0.3125
35 31 527 0.4857142857142857
52 35 665 0.36538461538461536
45 58 1664 0.6375478927203064
53 65 2119 0.6150943396226415
35 30 495 0.4714285714285714
15 16 149 0.6208333333333333
29 34 608 0.6166328600405679
40 53 1379 0.6504716981132076
44 25 350 0.3181818181818182
37 18 189 0.28378378378378377
34 27 405 0.4411764705882353
32 33 591 0.5596590909090909
17 19 203 0.628482972136223
13 29 311 0.8249336870026526
19 29 398 0.7223230490018149
20 25 329 0.6579999999999999
24 32 515 0.6705729166666666
66 25 350 0.2121212121212121
30 41 824 0.6699186991869919
19 23 284 0.6498855835240275
28 4 14 0.125
37 21 252 0.3243243243243243
52 59 1793 0.584419817470665
13 18 168 0.717948717948718
28 28 433 0.5522959183673469
27 24 324 0.5
13 14 116 0.6373626373626374
61 72 2622 0.5969945355191257
15 18 179 0.662962962962963
26 28 428 0.5879120879120878
16 4 14 0.21875
31 38 743 0.6307300509337861
89 30 495 0.1853932584269663
41 36 702 0.47560975609756095
24 34 563 0.6899509803921569
41 46 1106 0.5864262990455992
47 46 1127 0.5212765957446809
15 19 194 0.6807017543859649
32 36 687 0.5963541666666666
38 38 778 0.538781163434903
19 17 170 0.5263157894736842
34 33 594 0.5294117647058822
51 49 1274 0.5098039215686274
28 23 299 0.4642857142857143
16 14 119 0.53125
17 17 169 0.5847750865051903
22 38 626 0.7488038277511961
22 9 54 0.2727272727272727
34 50 1172 0.6894117647058823
58 79 2986 0.6516804888694894
