15 18 249 0.9222222222222223
4 6 24 1.0
41 37 989 0.6519446275543836
38 38 1009 0.6987534626038782
29 29 631 0.7502972651605231
30 33 759 0.7666666666666667
26 28 575 0.7898351648351649
33 33 789 0.7245179063360881
27 34 747 0.8137254901960784
24 29 576 0.8275862068965517
19 24 401 0.8793859649122807
38 37 971 0.6906116642958748
32 44 1132 0.8039772727272727
10 18 179 0.9944444444444444
6 11 66 1.0
49 59 2071 0.7163611207194742
34 34 831 0.7188581314878892
50 52 1739 0.6688461538461539
28 38 874 0.8214285714285715
36 45 1242 0.7666666666666667
43 50 1555 0.7232558139534884
28 32 706 0.7879464285714286
48 56 1908 0.7098214285714286
13 20 250 0.9615384615384615
8 16 128 1.0
37 37 963 0.7034331628926224
48 52 1716 0.6875
21 21 363 0.8231292517006802
42 43 1245 0.6893687707641196
18 21 333 0.8809523809523809
34 42 1103 0.7724089635854341
19 21 344 0.8621553884711779
38 48 1389 0.7615131578947368
39 42 1173 0.7161172161172161
15 28 399 0.9500000000000001
4 7 28 1.0
74 100 5255 0.7101351351351352
35 42 1119 0.7612244897959184
47 56 1891 0.7184650455927051
36 42 1134 0.75
51 50 1647 0.6458823529411766
32 31 716 0.7217741935483871
36 45 1242 0.7666666666666667
23 19 332 0.7597254004576659
13 13 159 0.9408284023668638
4 6 24 1.0
14 21 279 0.9489795918367346
32 44 1132 0.8039772727272727
41 54 1686 0.7615176151761518
27 31 666 0.7956989247311829
27 32 693 0.8020833333333334
31 41 1018 0.8009441384736428
43 48 1469 0.7117248062015503
40 46 1344 0.7304347826086957
60 45 1395 0.5166666666666667
27 34 747 0.8137254901960784
34 38 967 0.7484520123839009
16 20 292 0.9125
19 20 325 0.8552631578947368
33 33 789 0.7245179063360881
30 41 999 0.8121951219512195
35 41 1084 0.7554006968641115
13 22 276 0.965034965034965
52 54 1862 0.663105413105413
59 83 3622 0.739636512150296
28 38 874 0.8214285714285715
40 48 1424 0.7416666666666667
58 81 3473 0.7392507449978715
42 54 1707 0.7526455026455027
53 61 2243 0.6937828642128054
38 47 1351 0.7564389697648377
21 27 489 0.8624338624338624
40 60 1904 0.7933333333333333
41 46 1358 0.7200424178154826
55 66 2549 0.7022038567493113
27 29 612 0.7816091954022989
100 100 5814 0.5814
10 11 109 0.990909090909091
23 26 493 0.8244147157190636
6 7 42 1.0
32 36 876 0.7604166666666666
20 22 374 0.85
21 26 468 0.8571428571428571
20 28 494 0.8821428571428571
25 29 589 0.8124137931034482
17 15 219 0.8588235294117648
60 81 3534 0.7271604938271605
34 46 1239 0.7921994884910485
21 32 594 0.8839285714285714
24 31 624 0.8387096774193549
29 27 573 0.7318007662835249
52 66 2486 0.7243589743589743
46 71 2563 0.7847519902020821
33 37 921 0.7542997542997544
18 20 315 0.875
50 44 1339 0.6086363636363636
24 31 624 0.8387096774193549
22 26 481 0.8409090909090909
28 31 678 0.7811059907834101
43 49 1512 0.7176079734219268
15 18 249 0.9222222222222223
52 66 2486 0.7243589743589743
23 26 493 0.8244147157190636
33 40 1020 0.7727272727272727
42 50 1539 0.7328571428571429
42 61 2001 0.7810304449648713
30 34 789 0.7735294117647059
32 39 972 0.7788461538461539
33 32 756 0.7159090909090909
34 48 1307 0.8008578431372548
53 35 910 0.4905660377358491
30 26 549 0.7038461538461539
56 64 2456 0.6852678571428571
6 6 36 1.0
95 100 5759 0.6062105263157895
33 40 1020 0.7727272727272727
53 66 2508 0.7169811320754718
52 69 2642 0.7363433667781494
24 36 744 0.8611111111111112
76 91 4638 0.6706188548293811
56 78 3240 0.7417582417582417
53 76 3038 0.7542204568023834
47 54 1797 0.7080378250591016
28 40 930 0.8303571428571429
22 24 437 0.8276515151515151
41 69 2301 0.8133616118769884
40 66 2144 0.8121212121212121
23 38 769 0.8798627002288328
27 35 774 0.8190476190476191
11 11 118 0.9752066115702479
58 63 2429 0.6647509578544062
28 29 622 0.7660098522167488
19 24 401 0.8793859649122807
72 76 3456 0.631578947368421
35 40 1049 0.7492857142857143
48 66 2388 0.7537878787878788
30 48 1209 0.8395833333333332
77 70 3044 0.5647495361781076
40 63 2024 0.8031746031746032
61 48 1560 0.5327868852459017
10 11 109 0.990909090909091
28 49 1182 0.8615160349854227
24 30 600 0.8333333333333334
26 33 705 0.8216783216783217
38 52 1541 0.7798582995951417
21 38 720 0.9022556390977443
20 26 454 0.8730769230769231
47 49 1562 0.678245766391663
24 32 648 0.84375
45 52 1674 0.7153846153846154
24 31 624 0.8387096774193549
26 38 835 0.8451417004048583
15 17 234 0.9176470588235294
18 24 387 0.8958333333333334
8 8 64 1.0
44 51 1614 0.7192513368983957
38 47 1351 0.7564389697648377
34 40 1035 0.7610294117647058
36 36 918 0.7083333333333334
29 28 602 0.7413793103448275
19 21 344 0.8621553884711779
17 16 236 0.8676470588235294
59 63 2442 0.6569814366424536
39 42 1173 0.7161172161172161
27 27 558 0.7654320987654322
35 50 1399 0.7994285714285714
43 51 1598 0.7286821705426356
14 15 195 0.9285714285714286
51 63 2310 0.7189542483660131
30 35 819 0.78
16 20 292 0.9125
98 20 370 0.18877551020408162
54 64 2421 0.7005208333333334
37 35 889 0.6864864864864865
10 19 189 0.994736842105263
46 49 1551 0.6881100266193434
61 28 630 0.3688524590163934
50 54 1839 0.6811111111111111
19 22 363 0.8684210526315789
45 55 1809 0.730909090909091
27 29 612 0.7816091954022989
50 60 2139 0.713
43 52 1641 0.7338998211091234
5 5 25 1.0
42 61 2001 0.7810304449648713
24 31 624 0.8387096774193549
16 21 308 0.9166666666666666
51 49 1596 0.6386554621848739
49 65 2365 0.7425431711145997
16 14 196 0.875
42 40 1119 0.6660714285714285
20 25 434 0.868
42 13 195 0.35714285714285715
42 61 2001 0.7810304449648713
100 81 3969 0.49
36 46 1278 0.7717391304347826
32 35 844 0.7535714285714286
43 47 1426 0.7055912914398812
17 19 287 0.8885448916408669
40 48 1424 0.7416666666666667
14 11 139 0.9025974025974026
66 73 3165 0.6569115815691158
13 16 198 0.9519230769230769
13 12 146 0.9358974358974358
32 38 940 0.7730263157894737
29 44 1066 0.8354231974921631
24 26 504 0.8076923076923077
9 4 36 1.0
17 26 406 0.9185520361990951
6 7 42 1.0
30 37 879 0.7918918918918919
21 25 447 0.8514285714285714
18 29 477 0.9137931034482759
27 29 612 0.7816091954022989
10 10 99 0.99
25 33 689 0.8351515151515151
38 44 1237 0.7398325358851675
30 38 909 0.7973684210526316
25 27 539 0.7985185185185185
43 86 3103 0.8391022174148189
10 12 119 0.9916666666666667
43 61 2028 0.7731605032405642
7 9 63 1.0
20 22 374 0.85
48 50 1620 0.675
32 33 780 0.7386363636363636
44 45 1350 0.6818181818181819
22 26 481 0.8409090909090909
21 18 300 0.7936507936507937
19 25 420 0.8842105263157894
22 22 393 0.8119834710743802
25 33 689 0.8351515151515151
35 46 1259 0.7819875776397515
9 5 45 1.0
16 17 244 0.8970588235294118
21 30 552 0.8761904761904762
19 21 344 0.8621553884711779
19 20 325 0.8552631578947368
44 49 1526 0.7077922077922078
40 40 1104 0.6900000000000001
17 23 355 0.907928388746803
35 33 804 0.6961038961038961
27 44 1017 0.856060606060606
30 38 909 0.7973684210526316
18 25 405 0.9
8 7 56 1.0
48 49 1572 0.6683673469387755
32 34 812 0.7463235294117647
79 78 3677 0.5967218435572865
64 73 3132 0.6703767123287672
9 15 135 1.0
39 42 1173 0.7161172161172161
46 58 1965 0.7365067466266867
42 48 1455 0.7217261904761906
55 79 3264 0.7512082853855006
25 28 564 0.8057142857142857
103 100 5835 0.566504854368932
70 66 2729 0.5906926406926407
30 34 789 0.7735294117647059
5 5 25 1.0
50 38 1045 0.5499999999999999
3 3 9 1.0
15 18 249 0.9222222222222223
15 14 189 0.9
48 54 1812 0.6990740740740741
11 13 140 0.979020979020979
42 59 1917 0.7736077481840195
18 21 333 0.8809523809523809
10 15 149 0.9933333333333334
12 15 174 0.9666666666666667
46 63 2195 0.7574189095928227
22 25 459 0.8345454545454545
20 26 454 0.8730769230769231
13 24 302 0.967948717948718
27 33 720 0.8080808080808081
16 26 388 0.9326923076923077
30 33 759 0.7666666666666667
20 29 514 0.8862068965517241
17 26 406 0.9185520361990951
25 21 389 0.740952380952381
43 50 1555 0.7232558139534884
12 17 198 0.9705882352941176
42 44 1287 0.6964285714285714
66 83 3825 0.6982475355969332
18 31 513 0.9193548387096774
28 36 818 0.8115079365079365
14 21 279 0.9489795918367346
14 20 265 0.9464285714285714
19 28 477 0.8966165413533834
31 46 1173 0.8225806451612903
43 46 1383 0.6991911021233569
31 36 863 0.7732974910394266
15 22 309 0.9363636363636364
24 30 600 0.8333333333333334
45 51 1629 0.7098039215686275
51 54 1851 0.6721132897603487
14 9 111 0.8809523809523809
64 77 3388 0.6875
45 71 2529 0.7915492957746479
22 34 657 0.8783422459893048
26 34 731 0.826923076923077
35 38 979 0.7360902255639098
31 36 863 0.7732974910394266
51 56 1953 0.6838235294117647
35 46 1259 0.7819875776397515
26 41 913 0.8564727954971857
39 59 1836 0.7979139504563234
42 54 1707 0.7526455026455027
50 70 2639 0.754
13 21 263 0.9633699633699633
7 8 56 1.0
34 45 1205 0.7875816993464052
22 24 437 0.8276515151515151
30 40 969 0.8074999999999999
29 31 689 0.7664071190211346
21 31 573 0.880184331797235
22 25 459 0.8345454545454545
9 11 99 1.0
48 59 2052 0.7245762711864406
30 39 939 0.8025641025641026
42 46 1371 0.7096273291925467
16 19 276 0.9078947368421053
29 42 1008 0.8275862068965518
18 20 315 0.875
7 10 70 1.0
40 47 1384 0.7361702127659575
10 13 129 0.9923076923076923
73 94 4782 0.696881375692218
73 89 4417 0.6798522394951516
53 70 2720 0.7331536388140162
63 79 3492 0.7016274864376131
44 55 1790 0.7396694214876033
32 47 1228 0.8164893617021277
15 16 219 0.9125
28 31 678 0.7811059907834101
8 9 72 1.0
39 48 1407 0.7516025641025642
86 100 5597 0.650813953488372
31 40 987 0.7959677419354839
101 100 5822 0.5764356435643565
39 50 1485 0.7615384615384616
106 100 5847 0.5516037735849056
57 75 3099 0.7249122807017544
25 34 714 0.84
42 65 2169 0.7945054945054946
25 45 989 0.8791111111111112
19 20 325 0.8552631578947368
50 65 2389 0.7350769230769231
18 22 351 0.8863636363636364
41 34 866 0.6212338593974175
27 26 531 0.7564102564102565
36 54 1566 0.8055555555555556
16 15 212 0.8833333333333333
32 33 780 0.7386363636363636
34 45 1205 0.7875816993464052
11 11 118 0.9752066115702479
30 42 1029 0.8166666666666667
54 40 1140 0.5277777777777778
31 46 1173 0.8225806451612903
26 20 367 0.7057692307692307
14 25 335 0.9571428571428571
28 36 818 0.8115079365079365
26 43 965 0.8631484794275491
19 20 325 0.8552631578947368
31 49 1266 0.8334430546412113
24 34 696 0.8529411764705882
12 8 90 0.9375
32 41 1036 0.7896341463414634
43 51 1598 0.7286821705426356
30 37 879 0.7918918918918919
14 12 153 0.9107142857142857
16 19 276 0.9078947368421053
37 39 1037 0.7186417186417187
9 16 144 1.0
78 90 4605 0.655982905982906
74 90 4515 0.677927927927928
40 45 1304 0.7244444444444444
23 20 355 0.7717391304347826
19 23 382 0.8741418764302059
41 45 1317 0.7138211382113822
11 23 250 0.9881422924901185
57 73 2985 0.7173756308579669
14 19 251 0.9436090225563909
22 21 371 0.803030303030303
55 86 3649 0.7714587737843551
96 100 5772 0.60125
63 90 4185 0.7380952380952381
12 9 102 0.9444444444444444
48 48 1524 0.6614583333333334
24 35 720 0.8571428571428571
40 62 1984 0.8
21 32 594 0.8839285714285714
13 20 250 0.9615384615384615
55 64 2439 0.6928977272727272
77 93 4815 0.6723921240050272
24 28 552 0.8214285714285714
35 53 1504 0.8107816711590295
77 89 4507 0.6576681745221071
31 40 987 0.7959677419354839
37 65 1999 0.8311850311850312
10 9 89 0.9888888888888889
54 60 2205 0.6805555555555556
27 33 720 0.8080808080808081
36 60 1782 0.825
33 31 723 0.7067448680351907
24 30 600 0.8333333333333334
37 46 1296 0.7614571092831962
13 11 133 0.93006993006993
41 49 1481 0.7371826779492285
43 63 2114 0.7803617571059431
11 10 107 0.9727272727272727
51 63 2310 0.7189542483660131
36 49 1386 0.7857142857142857
23 35 700 0.8695652173913043
16 24 356 0.9270833333333334
32 29 652 0.7025862068965517
49 35 910 0.5306122448979592
22 23 415 0.8201581027667985
38 53 1579 0.7840119165839127
33 32 756 0.7159090909090909
27 40 909 0.8416666666666666
43 59 1942 0.7654710287741426
36 59 1746 0.8220338983050848
17 14 202 0.8487394957983193
45 70 2484 0.7885714285714286
59 75 3150 0.711864406779661
13 8 94 0.9038461538461539
10 11 109 0.990909090909091
46 73 2655 0.7906491959499703
10 16 159 0.99375
31 37 894 0.7794245858761988
49 78 3002 0.7854526425954997
13 15 185 0.9487179487179487
9 11 99 1.0
96 48 1560 0.3385416666666667
62 79 3467 0.7078399346672112
29 33 747 0.780564263322884
57 75 3099 0.7249122807017544
28 26 538 0.739010989010989
28 34 762 0.8004201680672269
31 55 1452 0.8516129032258064
15 13 174 0.8923076923076922
62 69 2847 0.6654978962131838
51 63 2310 0.7189542483660131
21 25 447 0.8514285714285714
13 19 237 0.9595141700404858
32 44 1132 0.8039772727272727
33 33 789 0.7245179063360881
31 40 987 0.7959677419354839
18 25 405 0.9
21 29 531 0.8719211822660098
19 32 553 0.9095394736842105
16 18 260 0.9027777777777778
27 40 909 0.8416666666666666
17 30 474 0.9294117647058824
54 62 2313 0.6908602150537635
25 26 514 0.7907692307692307
14 14 181 0.923469387755102
22 24 437 0.8276515151515151
84 100 5550 0.6607142857142857
44 31 744 0.5454545454545455
61 80 3502 0.7176229508196721
13 10 120 0.923076923076923
51 47 1494 0.623279098873592
43 58 1899 0.7614274258219728
21 22 384 0.8311688311688311
27 30 639 0.788888888888889
35 34 839 0.7050420168067227
77 96 5046 0.6826298701298702
54 59 2151 0.6751412429378532
33 36 888 0.7474747474747475
17 25 389 0.9152941176470588
37 50 1444 0.7805405405405405
6 8 48 1.0
62 83 3715 0.7219199378157792
39 62 1953 0.8076923076923077
27 45 1044 0.8592592592592592
48 60 2100 0.7291666666666666
15 25 354 0.9440000000000001
17 23 355 0.907928388746803
64 76 3324 0.6833881578947368
61 56 2038 0.5966042154566745
65 95 4579 0.7415384615384616
18 22 351 0.8863636363636364
31 38 925 0.7852292020373515
42 55 1749 0.7571428571428572
30 40 969 0.8074999999999999
26 37 809 0.840956340956341
55 61 2274 0.6777943368107302
23 36 723 0.8731884057971014
23 34 677 0.8657289002557544
63 59 2232 0.6004842615012107
30 44 1089 0.825
19 33 572 0.9122807017543859
41 90 3162 0.8569105691056911
20 29 514 0.8862068965517241
23 38 769 0.8798627002288328
14 23 307 0.953416149068323
42 59 1917 0.7736077481840195
20 34 614 0.9029411764705882
12 23 270 0.9782608695652174
11 16 173 0.9829545454545454
18 14 207 0.8214285714285714
66 86 4023 0.7087737843551797
41 44 1276 0.7073170731707317
44 52 1658 0.7246503496503496
24 28 552 0.8214285714285714
61 78 3380 0.7103825136612022
52 96 4046 0.8104967948717948
31 37 894 0.7794245858761988
34 35 865 0.726890756302521
32 45 1164 0.8083333333333333
21 43 825 0.9136212624584718
22 25 459 0.8345454545454545
50 57 1989 0.6978947368421052
38 43 1199 0.7337821297429621
56 65 2512 0.6901098901098901
94 100 5745 0.6111702127659574
93 100 5730 0.6161290322580645
27 37 828 0.8288288288288289
19 27 458 0.8927875243664717
12 13 150 0.9615384615384616
34 40 1035 0.7610294117647058
54 55 1935 0.6515151515151516
51 80 3177 0.7786764705882353
20 18 294 0.8166666666666667
22 25 459 0.8345454545454545
42 53 1665 0.747978436657682
12 14 162 0.9642857142857143
25 29 589 0.8124137931034482
26 36 783 0.8365384615384616
10 10 99 0.99
16 23 340 0.9239130434782609
55 35 910 0.4727272727272728
28 39 902 0.8260073260073261
14 22 293 0.9512987012987012
12 9 102 0.9444444444444444
16 16 228 0.890625
24 27 528 0.8148148148148148
11 17 184 0.9839572192513368
33 37 921 0.7542997542997544
23 25 470 0.8173913043478261
8 10 80 1.0
27 44 1017 0.856060606060606
21 50 972 0.9257142857142857
26 40 887 0.8528846153846154
23 35 700 0.8695652173913043
24 31 624 0.8387096774193549
20 28 494 0.8821428571428571
21 37 699 0.8996138996138996
16 14 196 0.875
67 42 1239 0.4402985074626866
68 96 4758 0.7288602941176471
15 17 234 0.9176470588235294
25 29 589 0.8124137931034482
17 21 321 0.8991596638655462
30 33 759 0.7666666666666667
21 19 321 0.8045112781954887
24 35 720 0.8571428571428571
22 26 481 0.8409090909090909
19 31 534 0.9066213921901528
6 10 60 1.0
75 63 2520 0.5333333333333333
35 36 909 0.7214285714285714
42 53 1665 0.747978436657682
24 25 480 0.8
35 49 1364 0.7953352769679299
52 43 1290 0.5769230769230769
45 55 1809 0.730909090909091
53 66 2508 0.7169811320754718
35 36 909 0.7214285714285714
15 17 234 0.9176470588235294
29 38 892 0.809437386569873
40 45 1304 0.7244444444444444
44 57 1878 0.7488038277511961
37 23 460 0.5405405405405405
34 38 967 0.7484520123839009
32 36 876 0.7604166666666666
17 23 355 0.907928388746803
13 16 198 0.9519230769230769
19 26 439 0.888663967611336
20 30 534 0.89
24 31 624 0.8387096774193549
66 79 3561 0.6829689298043728
30 44 1089 0.825
19 26 439 0.888663967611336
28 30 650 0.7738095238095238
37 43 1185 0.7448145820238843
52 61 2226 0.701765447667087
13 21 263 0.9633699633699633
28 33 734 0.7943722943722944
27 28 585 0.7738095238095238
13 15 185 0.9487179487179487
61 76 3258 0.7027610008628128
15 17 234 0.9176470588235294
26 28 575 0.7898351648351649
16 16 228 0.890625
31 44 1111 0.814516129032258
89 100 5660 0.6359550561797753
41 54 1686 0.7615176151761518
24 28 552 0.8214285714285714
41 60 1932 0.7853658536585366
47 70 2549 0.774772036474164
15 16 219 0.9125
32 35 844 0.7535714285714286
38 39 1047 0.7064777327935223
19 23 382 0.8741418764302059
34 36 899 0.7344771241830066
51 60 2157 0.7049019607843138
28 32 706 0.7879464285714286
16 17 244 0.8970588235294118
17 20 304 0.8941176470588236
22 35 679 0.8818181818181818
22 29 547 0.8573667711598746
34 53 1477 0.8196448390677025
58 76 3183 0.7220961887477314
