15 27 300 0.7407407407407407
4 11 38 0.8636363636363636
41 45 1025 0.5555555555555556
38 53 1311 0.6509433962264151
29 24 300 0.4310344827586207
30 29 435 0.5
26 23 276 0.4615384615384615
33 24 300 0.37878787878787884
27 35 594 0.6285714285714286
24 27 372 0.5740740740740741
19 21 228 0.5714285714285714
38 26 351 0.35526315789473684
32 22 253 0.359375
10 14 95 0.6785714285714286
6 7 27 0.6428571428571429
49 29 435 0.30612244897959184
34 38 731 0.5657894736842105
50 27 378 0.27999999999999997
28 41 770 0.6707317073170732
36 51 1206 0.6568627450980392
43 23 276 0.27906976744186046
28 12 78 0.23214285714285712
48 23 276 0.25
13 36 390 0.8333333333333334
8 4 10 0.3125
37 43 925 0.5813953488372093
48 49 1224 0.5204081632653061
21 20 210 0.5
42 37 703 0.4523809523809524
18 13 91 0.3888888888888889
34 18 171 0.27941176470588236
19 21 228 0.5714285714285714
38 29 435 0.39473684210526316
39 11 66 0.15384615384615385
15 16 135 0.5625
4 8 26 0.8125
74 65 2145 0.44594594594594594
35 31 496 0.45714285714285713
47 49 1222 0.5306122448979592
36 19 190 0.2777777777777778
51 16 136 0.16666666666666666
32 10 55 0.171875
36 12 78 0.18055555555555555
23 23 276 0.5217391304347826
13 38 416 0.8421052631578947
4 7 22 0.7857142857142857
14 11 66 0.4285714285714286
32 8 36 0.140625
41 15 120 0.1951219512195122
27 15 120 0.29629629629629634
27 33 540 0.6060606060606061
31 24 300 0.40322580645161293
43 38 741 0.4534883720930233
40 49 1180 0.6020408163265306
60 29 435 0.25
27 42 783 0.6904761904761905
34 23 276 0.3529411764705882
16 14 105 0.46875
19 20 209 0.55
33 46 990 0.6521739130434783
30 25 325 0.43333333333333335
35 25 325 0.37142857142857144
13 15 117 0.6
52 63 1950 0.5952380952380952
59 77 2832 0.6233766233766234
28 40 742 0.6625
40 51 1260 0.6176470588235294
58 78 2871 0.6346153846153846
42 59 1617 0.652542372881356
53 72 2438 0.6388888888888888
38 49 1159 0.6224489795918368
21 12 78 0.30952380952380953
40 65 1820 0.7
41 65 1845 0.6923076923076923
55 66 2145 0.5909090909090909
27 34 567 0.6176470588235294
100 12 78 0.065
10 11 65 0.5909090909090909
23 22 253 0.5
6 8 33 0.6875
32 39 752 0.6025641025641025
20 17 153 0.45
21 26 336 0.6153846153846154
20 23 270 0.5869565217391305
25 17 153 0.36
17 19 187 0.5789473684210527
60 13 91 0.11666666666666667
34 34 595 0.5147058823529411
21 22 252 0.5454545454545454
24 31 468 0.6290322580645161
29 31 493 0.5483870967741935
52 78 2730 0.6730769230769231
46 64 1909 0.6484375
33 35 627 0.5428571428571428
18 26 315 0.6730769230769231
50 30 465 0.31
24 26 348 0.5576923076923077
22 28 385 0.625
28 37 658 0.6351351351351351
43 51 1290 0.5882352941176471
15 22 225 0.6818181818181818
52 11 66 0.11538461538461538
23 28 391 0.6071428571428571
33 36 660 0.5555555555555556
42 17 153 0.21428571428571427
42 47 1113 0.5638297872340425
30 8 36 0.15
32 22 253 0.359375
33 33 561 0.5151515151515151
34 21 231 0.3235294117647059
53 19 190 0.18867924528301888
30 13 91 0.23333333333333334
56 35 630 0.32142857142857145
6 30 165 0.9166666666666666
95 13 91 0.07368421052631578
33 40 792 0.6
53 37 703 0.3584905660377358
52 14 105 0.14423076923076922
24 36 588 0.6805555555555556
76 99 4674 0.6212121212121212
56 74 2604 0.6283783783783784
53 77 2703 0.6623376623376623
47 61 1786 0.6229508196721312
28 43 826 0.686046511627907
22 27 363 0.6111111111111112
41 67 1927 0.7014925373134329
40 70 2020 0.7214285714285714
23 41 690 0.7317073170731707
27 33 540 0.6060606060606061
11 15 110 0.6666666666666666
58 77 2813 0.6298701298701299
28 16 136 0.30357142857142855
19 21 228 0.5714285714285714
72 15 120 0.11111111111111112
35 22 253 0.32857142857142857
48 11 66 0.125
30 40 765 0.6375
77 17 153 0.1168831168831169
40 52 1300 0.625
61 68 2318 0.5588235294117647
10 13 85 0.6538461538461539
28 36 630 0.625
24 35 564 0.6714285714285714
26 17 153 0.3461538461538462
38 58 1501 0.6810344827586207
21 35 525 0.7142857142857143
20 24 290 0.6041666666666666
47 48 1175 0.5208333333333334
24 31 468 0.6290322580645161
45 31 496 0.35555555555555557
24 34 540 0.6617647058823529
26 4 10 0.09615384615384616
15 12 78 0.43333333333333335
18 21 225 0.5952380952380952
8 8 36 0.5625
44 43 946 0.5
38 35 630 0.47368421052631576
34 50 1139 0.67
36 16 136 0.2361111111111111
29 7 28 0.13793103448275862
19 25 304 0.64
17 27 323 0.7037037037037037
59 67 2242 0.5671641791044776
39 35 630 0.4615384615384615
27 28 405 0.5357142857142857
35 44 945 0.6136363636363636
43 57 1548 0.631578947368421
14 14 105 0.5357142857142857
51 58 1683 0.5689655172413793
30 16 136 0.2833333333333333
16 20 200 0.625
98 98 4851 0.5051020408163265
54 59 1755 0.5508474576271186
37 33 561 0.45945945945945943
10 11 65 0.5909090909090909
46 28 406 0.3152173913043478
61 35 630 0.29508196721311475
50 63 1925 0.6111111111111112
19 25 304 0.64
45 61 1755 0.639344262295082
27 25 325 0.48148148148148145
50 58 1675 0.5775862068965517
43 12 78 0.1511627906976744
5 4 10 0.5
42 24 300 0.2976190476190476
24 30 444 0.6166666666666667
16 13 91 0.4375
51 14 105 0.14705882352941174
49 64 1960 0.625
16 5 15 0.1875
42 13 91 0.16666666666666666
20 31 430 0.6935483870967742
42 55 1449 0.6272727272727273
42 16 136 0.20238095238095238
100 28 406 0.145
36 37 702 0.527027027027027
32 37 688 0.581081081081081
43 48 1161 0.5625
17 17 153 0.5294117647058824
40 38 741 0.4875
14 14 105 0.5357142857142857
66 71 2541 0.5422535211267606
13 15 117 0.6
13 14 104 0.5714285714285714
32 22 253 0.359375
29 23 276 0.41379310344827586
24 23 276 0.5
9 18 126 0.7777777777777778
17 42 578 0.8095238095238095
6 9 39 0.7222222222222222
30 23 276 0.39999999999999997
21 20 210 0.5
18 22 243 0.6136363636363636
27 32 513 0.59375
10 3 6 0.19999999999999998
25 29 425 0.5862068965517241
38 45 1007 0.5888888888888889
30 27 378 0.4666666666666667
25 15 120 0.32
43 48 1161 0.5625
10 15 105 0.7
43 58 1591 0.6379310344827587
7 3 6 0.2857142857142857
20 15 120 0.4
48 32 528 0.34375
32 40 784 0.6125
44 76 2398 0.7171052631578947
22 6 21 0.1590909090909091
21 22 252 0.5454545454545454
19 24 285 0.625
22 16 136 0.38636363636363635
25 28 400 0.5714285714285714
35 43 910 0.6046511627906976
9 3 6 0.2222222222222222
16 12 78 0.40625
21 28 378 0.6428571428571429
19 26 323 0.6538461538461539
19 21 228 0.5714285714285714
44 12 78 0.14772727272727273
40 16 136 0.2125
17 16 136 0.5
35 13 91 0.2
27 38 675 0.6578947368421053
30 36 645 0.5972222222222222
18 13 91 0.3888888888888889
8 9 44 0.6111111111111112
48 60 1752 0.6083333333333333
32 21 231 0.34375
79 69 2415 0.44303797468354433
64 15 120 0.125
9 11 63 0.6363636363636364
39 43 936 0.5581395348837209
46 39 780 0.43478260869565216
42 54 1407 0.6203703703703703
55 53 1431 0.4909090909090909
25 35 575 0.6571428571428571
103 92 4278 0.45145631067961167
70 21 231 0.15714285714285714
30 28 406 0.48333333333333334
5 4 10 0.5
50 19 190 0.19999999999999998
3 3 6 0.6666666666666666
15 20 195 0.65
15 12 78 0.43333333333333335
48 59 1704 0.6016949152542372
11 17 132 0.7058823529411765
42 65 1869 0.6846153846153846
18 18 171 0.5277777777777778
10 16 115 0.71875
12 13 90 0.5769230769230769
46 5 15 0.06521739130434782
22 26 341 0.5961538461538461
20 25 310 0.62
13 23 221 0.7391304347826086
27 33 540 0.6060606060606061
16 20 200 0.625
30 42 825 0.6547619047619048
20 30 410 0.6833333333333333
17 30 374 0.7333333333333333
25 14 105 0.3
43 25 325 0.3023255813953488
12 21 186 0.7380952380952381
42 13 91 0.16666666666666666
66 12 78 0.0984848484848485
18 17 153 0.5
28 44 854 0.6931818181818182
14 16 133 0.59375
14 20 189 0.675
19 26 323 0.6538461538461539
31 39 744 0.6153846153846154
43 46 1075 0.5434782608695652
31 34 589 0.5588235294117647
15 26 285 0.7307692307692307
24 31 468 0.6290322580645161
45 57 1575 0.6140350877192983
51 32 528 0.3235294117647059
14 19 175 0.6578947368421053
64 13 91 0.109375
45 64 1890 0.65625
22 28 385 0.625
26 34 559 0.6323529411764706
35 44 945 0.6136363636363636
31 30 465 0.5
51 20 210 0.20588235294117646
35 53 1260 0.6792452830188679
26 36 611 0.6527777777777778
39 18 171 0.2435897435897436
42 37 703 0.4523809523809524
50 34 595 0.35000000000000003
13 19 169 0.6842105263157895
7 15 84 0.8
34 44 935 0.625
22 30 429 0.65
30 27 378 0.4666666666666667
29 34 580 0.5882352941176471
21 31 441 0.6774193548387096
22 17 153 0.40909090909090906
9 18 126 0.7777777777777778
48 14 105 0.15625
30 34 585 0.5735294117647058
42 48 1155 0.5729166666666666
16 14 105 0.46875
29 47 957 0.7021276595744681
18 21 225 0.5952380952380952
7 12 63 0.75
40 40 820 0.5125
10 16 115 0.71875
73 13 91 0.09589041095890412
73 46 1081 0.3219178082191781
53 22 253 0.2169811320754717
63 65 2142 0.5230769230769231
44 12 78 0.14772727272727273
32 36 656 0.5694444444444444
15 22 225 0.6818181818181818
28 12 78 0.23214285714285712
8 11 60 0.6818181818181818
39 13 91 0.1794871794871795
86 75 2850 0.441860465116279
31 38 713 0.6052631578947368
101 4 10 0.024752475247524754
39 19 190 0.2564102564102564
106 85 3655 0.4056603773584906
57 80 2964 0.65
25 8 36 0.18
42 61 1701 0.6639344262295082
25 33 525 0.6363636363636364
19 27 342 0.6666666666666666
50 63 1925 0.6111111111111112
18 26 315 0.6730769230769231
41 19 190 0.24390243902439024
27 29 432 0.5517241379310345
36 50 1170 0.65
16 39 504 0.8076923076923077
32 13 91 0.21875
34 39 765 0.5769230769230769
11 19 154 0.7368421052631579
30 37 675 0.6081081081081081
54 42 903 0.39814814814814814
31 31 496 0.5161290322580645
26 9 45 0.19230769230769232
14 13 91 0.5
28 35 602 0.6142857142857143
26 36 611 0.6527777777777778
19 27 342 0.6666666666666666
31 43 868 0.6511627906976745
24 17 153 0.375
12 15 114 0.6333333333333333
32 38 720 0.5921052631578947
43 51 1290 0.5882352941176471
30 27 378 0.4666666666666667
14 23 231 0.717391304347826
16 17 152 0.5588235294117647
37 31 496 0.4324324324324324
9 20 144 0.8
78 90 4017 0.5722222222222222
74 68 2346 0.46621621621621623
40 20 210 0.2625
23 11 66 0.2608695652173913
19 19 190 0.5263157894736842
41 41 861 0.5121951219512195
11 20 165 0.75
57 65 2109 0.5692307692307692
14 14 105 0.5357142857142857
22 21 231 0.5
55 73 2530 0.6301369863013698
96 67 2278 0.3541666666666667
63 75 2772 0.5866666666666667
12 23 210 0.7608695652173914
48 9 45 0.10416666666666667
24 9 45 0.20833333333333334
40 30 465 0.3875
21 28 378 0.6428571428571429
13 17 143 0.6470588235294118
55 12 78 0.11818181818181818
77 64 2080 0.42207792207792205
24 24 300 0.5208333333333334
35 43 910 0.6046511627906976
77 54 1485 0.35714285714285715
31 17 153 0.2903225806451613
37 44 962 0.5909090909090909
10 19 145 0.7631578947368421
54 68 2241 0.6102941176470589
27 27 378 0.5185185185185185
36 76 2106 0.7697368421052632
33 32 528 0.5
24 31 468 0.6290322580645161
37 19 190 0.2702702702702703
13 20 182 0.7
41 18 171 0.23170731707317074
43 49 1204 0.5714285714285714
11 8 36 0.4090909090909091
51 61 1836 0.5901639344262295
36 30 465 0.4305555555555555
23 35 552 0.6857142857142857
16 20 200 0.625
32 23 276 0.375
49 51 1323 0.5294117647058824
22 20 210 0.47727272727272724
38 85 2527 0.7823529411764706
33 21 231 0.3333333333333333
27 66 1431 0.803030303030303
43 14 105 0.1744186046511628
36 46 1026 0.6195652173913043
17 19 187 0.5789473684210527
45 53 1395 0.5849056603773585
59 81 3068 0.6419753086419753
13 12 78 0.5
10 15 105 0.7
46 61 1771 0.6311475409836066
10 14 95 0.6785714285714286
31 36 651 0.5833333333333334
49 60 1764 0.6
13 14 104 0.5714285714285714
9 13 81 0.6923076923076923
96 34 595 0.18229166666666669
62 76 2821 0.5986842105263158
29 30 464 0.5333333333333333
57 64 2052 0.5625
28 31 490 0.5645161290322581
28 17 153 0.32142857142857145
31 54 1209 0.7222222222222222
15 9 45 0.3333333333333333
62 48 1176 0.3951612903225807
51 10 55 0.10784313725490195
21 16 136 0.40476190476190477
13 12 78 0.5
32 37 688 0.581081081081081
33 7 28 0.12121212121212122
31 35 620 0.5714285714285714
18 22 243 0.6136363636363636
21 25 315 0.6
19 29 380 0.6896551724137931
16 14 105 0.46875
27 28 405 0.5357142857142857
17 27 323 0.7037037037037037
54 70 2349 0.6214285714285714
25 26 350 0.5384615384615384
14 13 91 0.5
22 25 319 0.58
84 51 1326 0.30952380952380953
44 33 561 0.38636363636363635
61 22 253 0.1885245901639344
13 10 55 0.4230769230769231
51 59 1734 0.576271186440678
43 15 120 0.18604651162790697
21 27 357 0.6296296296296297
27 39 702 0.6666666666666666
35 18 171 0.27142857142857146
77 84 3542 0.5476190476190477
54 32 528 0.3055555555555556
33 19 190 0.30303030303030304
17 18 170 0.5555555555555556
37 50 1184 0.64
6 9 39 0.7222222222222222
62 88 3565 0.6534090909090909
39 49 1170 0.6122448979591837
27 35 594 0.6285714285714286
48 57 1608 0.5877192982456141
15 26 285 0.7307692307692307
17 28 340 0.7142857142857143
64 81 3168 0.6111111111111112
61 24 300 0.20491803278688525
65 94 4030 0.6595744680851063
18 9 45 0.2777777777777778
31 44 899 0.6590909090909091
42 58 1575 0.646551724137931
30 37 675 0.6081081081081081
26 28 403 0.5535714285714286
55 7 28 0.07272727272727272
23 19 190 0.43478260869565216
23 33 506 0.6666666666666666
63 22 253 0.18253968253968253
30 41 795 0.6463414634146342
19 9 45 0.2631578947368421
41 59 1599 0.6610169491525424
20 30 410 0.6833333333333333
23 35 552 0.6857142857142857
14 20 189 0.675
42 46 1071 0.5543478260869565
20 8 36 0.225
12 21 186 0.7380952380952381
11 14 99 0.6428571428571429
18 61 945 0.860655737704918
66 71 2541 0.5422535211267606
41 57 1517 0.6491228070175439
44 65 1914 0.6692307692307692
24 12 78 0.2708333333333333
61 39 780 0.3278688524590164
52 75 2574 0.66
31 22 253 0.37096774193548393
34 1 1 0.029411764705882353
32 35 624 0.5571428571428572
21 34 504 0.7058823529411765
22 19 190 0.4545454545454546
50 74 2475 0.668918918918919
38 19 190 0.2631578947368421
56 17 153 0.16071428571428573
94 67 2278 0.3617021276595745
93 28 406 0.15591397849462366
27 34 567 0.6176470588235294
19 7 28 0.21052631578947367
12 17 138 0.6764705882352942
34 40 799 0.5875
54 55 1539 0.5181818181818182
51 27 378 0.27450980392156865
20 15 120 0.4
22 28 385 0.625
42 35 630 0.42857142857142855
12 3 6 0.16666666666666666
25 24 300 0.5
26 23 276 0.4615384615384615
10 15 105 0.7
16 32 392 0.765625
55 13 91 0.12727272727272726
28 41 770 0.6707317073170732
14 22 217 0.7045454545454546
12 7 28 0.33333333333333337
16 14 105 0.46875
24 21 231 0.4583333333333333
11 13 88 0.6153846153846154
33 35 627 0.5428571428571428
23 28 391 0.6071428571428571
8 13 76 0.7307692307692307
27 34 567 0.6176470588235294
21 30 420 0.6666666666666666
26 36 611 0.6527777777777778
23 15 120 0.34782608695652173
24 36 588 0.6805555555555556
20 27 350 0.6481481481481481
21 12 78 0.30952380952380953
16 19 184 0.6052631578947368
67 9 45 0.0746268656716418
68 81 3230 0.5864197530864198
15 21 210 0.6666666666666666
25 20 210 0.42000000000000004
17 21 221 0.6190476190476191
30 30 465 0.5166666666666667
21 15 120 0.380952380952381
24 19 190 0.4166666666666667
22 27 363 0.6111111111111112
19 9 45 0.2631578947368421
6 9 39 0.7222222222222222
75 68 2346 0.46
35 10 55 0.15714285714285714
42 39 780 0.4761904761904762
24 29 420 0.603448275862069
35 27 378 0.4
52 19 190 0.1923076923076923
45 56 1530 0.6071428571428571
53 31 496 0.3018867924528302
35 19 190 0.28571428571428575
15 16 135 0.5625
29 15 120 0.27586206896551724
40 40 820 0.5125
44 26 351 0.3068181818181818
37 27 378 0.37837837837837834
34 25 325 0.38235294117647056
32 21 231 0.34375
17 25 289 0.68
13 27 273 0.7777777777777778
19 28 361 0.6785714285714286
20 27 350 0.6481481481481481
24 32 492 0.640625
66 66 2211 0.5075757575757576
30 35 615 0.5857142857142857
19 20 209 0.55
28 17 153 0.32142857142857145
37 20 210 0.28378378378378377
52 41 861 0.4038461538461538
13 16 130 0.625
28 17 153 0.32142857142857145
27 23 276 0.4444444444444444
13 14 104 0.5714285714285714
61 79 2989 0.620253164556962
15 20 195 0.65
26 33 533 0.6212121212121212
16 13 91 0.4375
31 39 744 0.6153846153846154
89 34 595 0.19662921348314608
41 35 630 0.43902439024390244
24 28 396 0.5892857142857143
41 55 1435 0.6363636363636364
47 28 406 0.30851063829787234
15 21 210 0.6666666666666666
32 36 656 0.5694444444444444
38 39 779 0.5256410256410257
19 19 190 0.5263157894736842
34 16 136 0.25
51 51 1326 0.5098039215686274
28 10 55 0.19642857142857142
16 16 136 0.53125
17 23 255 0.6521739130434783
22 4 10 0.11363636363636363
22 33 495 0.6818181818181818
34 51 1173 0.6764705882352942
58 76 2755 0.625
