15 21 300 0.9523809523809523
4 6 24 1.0
41 38 1062 0.6816431322207959
38 34 886 0.6857585139318885
29 27 593 0.7573435504469986
30 29 660 0.7586206896551724
26 23 462 0.7725752508361204
33 34 846 0.7540106951871658
27 27 576 0.7901234567901234
24 20 375 0.78125
19 16 259 0.8519736842105263
38 26 585 0.5921052631578948
32 35 867 0.7741071428571429
10 14 140 1.0
6 6 36 1.0
49 52 1768 0.6938775510204083
34 30 720 0.7058823529411764
50 48 1580 0.6583333333333333
28 37 865 0.8349420849420849
36 45 1269 0.7833333333333333
43 40 1159 0.6738372093023256
28 29 641 0.7894088669950738
48 45 1419 0.6569444444444444
13 14 176 0.967032967032967
8 8 64 1.0
37 41 1139 0.7508239947264337
48 45 1419 0.6569444444444444
21 19 333 0.8345864661654135
42 42 1236 0.7006802721088435
18 21 342 0.9047619047619048
34 37 958 0.7615262321144673
19 22 373 0.8923444976076556
38 39 1076 0.7260458839406208
39 31 774 0.6401985111662531
15 21 300 0.9523809523809523
4 7 28 1.0
74 75 3470 0.6252252252252253
35 26 585 0.6428571428571429
47 48 1553 0.688386524822695
36 36 945 0.7291666666666666
51 55 1944 0.6930481283422459
32 29 675 0.7273706896551724
36 43 1197 0.7732558139534884
23 18 323 0.7801932367149758
13 10 124 0.9538461538461538
4 6 24 1.0
14 17 228 0.9579831932773109
32 32 771 0.7529296875
41 38 1062 0.6816431322207959
27 26 549 0.782051282051282
27 33 738 0.8282828282828283
31 28 637 0.7338709677419354
43 50 1589 0.7390697674418605
40 41 1175 0.7164634146341463
60 70 2925 0.6964285714285714
27 37 846 0.8468468468468469
34 33 822 0.7326203208556149
16 14 203 0.90625
19 17 278 0.8606811145510836
33 33 813 0.7465564738292011
30 32 750 0.78125
35 35 900 0.7346938775510204
13 20 254 0.976923076923077
52 94 3985 0.8152618657937807
59 82 3613 0.746796196775527
28 34 781 0.8203781512605042
40 52 1615 0.7764423076923077
58 76 3232 0.7332123411978222
42 53 1698 0.7628032345013478
53 70 2764 0.7450134770889488
38 42 1190 0.7456140350877193
21 21 375 0.8503401360544218
40 48 1455 0.7578125
41 52 1636 0.7673545966228894
55 61 2320 0.69150521609538
27 30 657 0.8111111111111111
100 92 5105 0.5548913043478261
10 12 120 1.0
23 24 461 0.8351449275362319
6 8 48 1.0
32 32 771 0.7529296875
20 19 325 0.8552631578947368
21 26 480 0.8791208791208791
20 23 405 0.8804347826086957
25 26 530 0.8153846153846154
17 9 125 0.8169934640522876
60 75 3225 0.7166666666666667
34 33 822 0.7326203208556149
21 23 417 0.8633540372670808
24 30 615 0.8541666666666666
29 24 506 0.7270114942528735
52 60 2217 0.7105769230769231
46 58 2002 0.7503748125937031
33 39 1011 0.7855477855477856
18 18 288 0.8888888888888888
50 53 1830 0.6905660377358491
24 32 663 0.86328125
22 28 538 0.8733766233766234
28 31 697 0.8029953917050691
43 43 1288 0.6965927528393726
15 14 195 0.9285714285714286
52 65 2477 0.7328402366863905
23 25 484 0.8417391304347827
33 38 978 0.7799043062200957
42 45 1362 0.7206349206349206
42 47 1446 0.7325227963525837
30 37 900 0.8108108108108109
32 34 835 0.7674632352941176
33 44 1176 0.8099173553719008
34 39 1026 0.7737556561085973
53 40 1180 0.5566037735849056
30 31 720 0.7741935483870968
56 67 2671 0.7118869936034115
6 4 24 1.0
95 100 5845 0.6152631578947368
33 42 1110 0.8008658008658008
53 70 2764 0.7450134770889488
52 63 2373 0.7243589743589743
24 37 783 0.8817567567567568
76 100 5389 0.7090789473684211
56 77 3231 0.74930426716141
53 72 2870 0.7520964360587002
47 56 1929 0.73290273556231
28 41 977 0.8510452961672474
22 34 670 0.8957219251336898
41 67 2251 0.819439388423735
40 60 1935 0.80625
23 33 668 0.8801054018445323
27 36 819 0.8425925925925926
11 11 120 0.9917355371900826
58 67 2710 0.6973751930005146
28 34 781 0.8203781512605042
19 25 430 0.9052631578947369
72 84 4095 0.6770833333333334
35 35 900 0.7346938775510204
48 48 1563 0.6783854166666666
30 40 990 0.825
77 81 3959 0.634760301426968
40 53 1655 0.7806603773584906
61 62 2456 0.6493918561607614
10 12 120 1.0
28 32 725 0.8091517857142857
24 19 351 0.7697368421052632
26 34 748 0.8461538461538461
38 47 1380 0.7726763717805152
21 31 585 0.8986175115207373
20 25 445 0.89
47 51 1694 0.7067167292448895
24 28 567 0.84375
45 47 1485 0.7021276595744681
24 25 495 0.825
26 31 670 0.8312655086848636
15 13 180 0.9230769230769231
18 21 342 0.9047619047619048
8 7 56 1.0
44 45 1385 0.6994949494949495
38 48 1418 0.7774122807017544
34 44 1196 0.7994652406417113
36 34 873 0.7132352941176471
29 20 390 0.6724137931034483
19 22 373 0.8923444976076556
17 14 210 0.8823529411764707
59 69 2846 0.6990911323999017
39 43 1242 0.740608228980322
27 31 684 0.8172043010752688
35 50 1425 0.8142857142857143
43 56 1847 0.7670265780730897
14 11 144 0.9350649350649352
51 64 2403 0.7362132352941176
30 32 750 0.78125
16 22 331 0.9403409090909091
98 98 5688 0.592253227821741
54 69 2736 0.7342995169082125
37 33 843 0.6904176904176904
10 16 160 1.0
46 46 1450 0.6852551984877127
61 56 2090 0.6118266978922716
50 52 1780 0.6846153846153846
19 22 373 0.8923444976076556
45 55 1845 0.7454545454545455
27 34 765 0.8333333333333333
50 64 2380 0.74375
43 41 1202 0.681792399319342
5 4 20 1.0
42 53 1698 0.7628032345013478
24 28 567 0.84375
16 23 347 0.9429347826086957
51 49 1638 0.6554621848739496
49 60 2160 0.7346938775510204
16 16 235 0.91796875
42 45 1362 0.7206349206349206
20 23 405 0.8804347826086957
42 40 1152 0.6857142857142857
42 45 1362 0.7206349206349206
100 85 4420 0.52
36 36 945 0.7291666666666666
32 29 675 0.7273706896551724
43 42 1245 0.6893687707641196
17 20 312 0.9176470588235294
40 47 1415 0.7526595744680851
14 12 158 0.9404761904761906
66 50 1725 0.5227272727272727
13 13 163 0.9644970414201184
13 12 150 0.9615384615384616
32 26 579 0.6959134615384616
29 43 1057 0.847634322373697
24 26 519 0.8317307692307693
9 4 36 1.0
17 15 227 0.8901960784313726
6 9 54 1.0
30 40 990 0.825
21 25 459 0.8742857142857143
18 25 414 0.92
27 36 819 0.8425925925925926
10 9 90 1.0
25 30 630 0.84
38 42 1190 0.7456140350877193
30 37 900 0.8108108108108109
25 24 480 0.7999999999999999
43 54 1761 0.7583979328165376
10 13 130 1.0
43 37 1030 0.6473915776241358
7 7 49 1.0
20 23 405 0.8804347826086957
48 48 1563 0.6783854166666666
32 33 803 0.7604166666666666
44 52 1693 0.7399475524475524
22 21 384 0.8311688311688311
21 20 354 0.8428571428571429
19 20 335 0.881578947368421
22 20 362 0.8227272727272726
25 34 730 0.8588235294117647
35 40 1075 0.7678571428571429
9 8 72 1.0
16 13 187 0.8990384615384616
21 26 480 0.8791208791208791
19 18 297 0.868421052631579
19 19 316 0.8753462603878116
44 33 858 0.5909090909090909
40 38 1055 0.694078947368421
17 20 312 0.9176470588235294
35 34 865 0.7268907563025211
27 36 819 0.8425925925925926
30 47 1200 0.851063829787234
18 23 378 0.9130434782608695
8 5 40 1.0
48 43 1323 0.6409883720930233
32 30 707 0.7364583333333333
79 77 3668 0.6029919447640967
64 18 333 0.2890625
9 12 108 1.0
39 44 1281 0.7465034965034966
46 51 1680 0.7161125319693095
42 43 1278 0.707641196013289
55 71 2870 0.734955185659411
25 27 555 0.8222222222222222
103 91 5005 0.5339805825242718
70 72 3210 0.6369047619047619
30 32 750 0.78125
5 4 20 1.0
50 39 1131 0.5800000000000001
3 3 9 1.0
15 16 225 0.9375
15 9 120 0.8888888888888888
48 53 1803 0.7087264150943396
11 10 109 0.9909090909090909
42 63 2118 0.8004535147392291
18 19 306 0.8947368421052632
10 15 150 1.0
12 15 177 0.9833333333333333
46 61 2140 0.7626514611546685
22 23 428 0.8458498023715414
20 25 445 0.89
13 21 267 0.9780219780219781
27 31 684 0.8172043010752688
16 22 331 0.9403409090909091
30 37 900 0.8108108108108109
20 29 525 0.9051724137931034
17 24 380 0.9313725490196078
25 29 605 0.8344827586206897
43 39 1116 0.6654740608228981
12 7 81 0.9642857142857143
42 43 1278 0.707641196013289
66 76 3420 0.6818181818181819
18 13 198 0.8461538461538461
28 28 613 0.7818877551020408
14 15 200 0.9523809523809524
14 20 270 0.9642857142857142
19 23 392 0.897025171624714
31 39 978 0.8089330024813896
43 50 1589 0.7390697674418605
31 41 1040 0.8182533438237608
15 23 330 0.9565217391304348
24 24 471 0.8177083333333334
45 47 1485 0.7021276595744681
51 57 2046 0.7038183694530443
14 11 144 0.9350649350649352
64 79 3571 0.7062895569620253
45 67 2385 0.7910447761194029
22 33 648 0.8925619834710743
26 36 800 0.8547008547008548
35 41 1110 0.7735191637630662
31 28 637 0.7338709677419354
51 53 1842 0.681465038845727
35 49 1390 0.8104956268221575
26 38 852 0.8623481781376517
39 42 1203 0.7344322344322345
42 53 1698 0.7628032345013478
50 57 2030 0.712280701754386
13 18 228 0.9743589743589745
7 5 35 1.0
34 36 924 0.7549019607843137
22 30 582 0.8818181818181817
30 38 930 0.8157894736842105
29 30 680 0.7816091954022988
21 27 501 0.8835978835978836
22 16 274 0.7784090909090909
9 9 81 1.0
48 57 1995 0.7291666666666666
30 28 630 0.75
42 47 1446 0.7325227963525837
16 16 235 0.91796875
29 35 825 0.812807881773399
18 20 324 0.9
7 12 84 1.0
40 46 1375 0.7472826086956522
10 8 80 1.0
73 79 3751 0.6504248309346281
73 79 3751 0.6504248309346281
53 49 1651 0.6357335386984984
63 69 2916 0.670807453416149
44 43 1297 0.6855179704016913
32 32 771 0.7529296875
15 16 225 0.9375
28 26 557 0.7651098901098901
8 8 64 1.0
39 48 1437 0.7676282051282052
86 52 1846 0.4127906976744186
31 41 1040 0.8182533438237608
101 99 5813 0.5813581358135813
39 48 1437 0.7676282051282052
106 97 5626 0.5471698113207547
57 79 3375 0.7495003331112592
25 27 555 0.8222222222222222
42 64 2160 0.8035714285714286
25 33 705 0.8545454545454545
19 22 373 0.8923444976076556
50 51 1730 0.6784313725490196
18 21 342 0.9047619047619048
41 35 939 0.6543554006968642
27 27 576 0.7901234567901234
36 49 1413 0.8010204081632653
16 15 219 0.9125
32 33 803 0.7604166666666666
34 40 1060 0.7794117647058824
11 9 98 0.9898989898989898
30 37 900 0.8108108108108109
54 62 2358 0.7043010752688171
31 43 1102 0.8267066766691673
26 22 436 0.7622377622377623
14 21 284 0.9659863945578231
28 31 697 0.8029953917050691
26 40 904 0.8692307692307691
19 24 411 0.9013157894736842
31 44 1133 0.8306451612903225
24 32 663 0.86328125
12 9 105 0.9722222222222222
32 37 931 0.7863175675675675
43 53 1718 0.7538394032470382
30 39 960 0.8205128205128205
14 16 214 0.9553571428571429
16 19 283 0.930921052631579
37 37 991 0.7238860482103725
9 12 108 1.0
78 97 5220 0.689928628072958
74 95 4950 0.7041251778093883
40 44 1295 0.7357954545454546
23 26 507 0.8478260869565217
19 21 354 0.887218045112782
41 54 1718 0.7759710930442638
11 16 175 0.9943181818181818
57 70 2862 0.7172932330827068
14 19 256 0.9624060150375939
22 22 406 0.8388429752066116
55 84 3585 0.775974025974026
96 96 5475 0.5940755208333334
63 79 3546 0.7124773960216998
12 10 117 0.975
48 57 1995 0.7291666666666666
24 25 495 0.825
40 61 1975 0.8094262295081968
21 26 480 0.8791208791208791
13 12 150 0.9615384615384616
55 44 1386 0.5727272727272728
77 87 4421 0.6599492461561427
24 26 519 0.8317307692307693
35 41 1110 0.7735191637630662
77 61 2440 0.5194805194805195
31 37 916 0.7986050566695727
37 46 1324 0.7779083431257344
10 9 90 1.0
54 69 2736 0.7342995169082125
27 18 333 0.6851851851851852
36 44 1233 0.7784090909090909
33 44 1176 0.8099173553719008
24 23 447 0.8097826086956522
37 36 954 0.7162162162162162
13 12 150 0.9615384615384616
41 47 1431 0.7426050856253245
43 43 1288 0.6965927528393726
11 9 98 0.9898989898989898
51 58 2097 0.7089249492900609
36 39 1053 0.75
23 30 599 0.8681159420289856
16 21 315 0.9375
32 16 280 0.546875
49 50 1670 0.6816326530612246
22 26 494 0.8636363636363635
38 50 1494 0.7863157894736843
33 27 615 0.6902356902356902
27 32 711 0.8229166666666666
43 49 1546 0.7337446606549597
36 47 1341 0.7925531914893617
17 15 227 0.8901960784313726
45 50 1620 0.72
59 70 2905 0.7033898305084746
13 7 85 0.9340659340659341
10 11 110 1.0
46 66 2370 0.7806324110671936
10 17 170 1.0
31 27 606 0.7240143369175627
49 59 2111 0.7301971636112072
13 12 150 0.9615384615384616
9 9 81 1.0
96 32 816 0.265625
62 86 3954 0.7415603900975244
29 25 535 0.7379310344827585
57 75 3147 0.736140350877193
28 32 725 0.8091517857142857
28 33 753 0.814935064935065
31 42 1071 0.8225806451612903
15 15 210 0.9333333333333333
62 59 2280 0.6232914160743576
51 63 2352 0.7320261437908496
21 21 375 0.8503401360544218
13 12 150 0.9615384615384616
32 41 1059 0.8071646341463414
33 33 813 0.7465564738292011
31 37 916 0.7986050566695727
18 25 414 0.92
21 19 333 0.8345864661654135
19 32 563 0.9259868421052632
16 17 251 0.9227941176470589
27 27 576 0.7901234567901234
17 20 312 0.9176470588235294
54 60 2250 0.6944444444444444
25 30 630 0.84
14 13 172 0.9450549450549451
22 26 494 0.8636363636363635
84 89 4701 0.6288121990369181
44 43 1297 0.6855179704016913
61 78 3432 0.721311475409836
13 10 124 0.9538461538461538
51 45 1434 0.6248366013071895
43 58 1933 0.7750601443464314
21 24 438 0.8690476190476191
27 27 576 0.7901234567901234
35 36 935 0.7420634920634921
77 79 3805 0.6255137267795495
54 61 2304 0.6994535519125683
33 39 1011 0.7855477855477856
17 20 312 0.9176470588235294
37 42 1176 0.7567567567567567
6 9 54 1.0
62 70 2962 0.6824884792626728
39 54 1671 0.7934472934472935
27 41 954 0.8617886178861789
48 58 2043 0.7338362068965517
15 19 270 0.9473684210526315
17 21 329 0.9215686274509803
64 75 3315 0.690625
61 88 4042 0.7529806259314455
65 96 4700 0.7532051282051282
18 20 324 0.9
31 43 1102 0.8267066766691673
42 55 1782 0.7714285714285715
30 44 1110 0.8409090909090909
26 37 826 0.8586278586278586
55 74 3035 0.7457002457002456
23 32 645 0.876358695652174
23 31 622 0.8723702664796634
63 87 4050 0.7389162561576356
30 43 1080 0.8372093023255814
19 22 373 0.8923444976076556
41 72 2456 0.8319783197831979
20 29 525 0.9051724137931034
23 37 760 0.8930669800235017
14 18 242 0.9603174603174602
42 61 2034 0.7939110070257611
20 31 565 0.9112903225806451
12 20 237 0.9875
11 17 186 0.9946524064171124
18 14 216 0.8571428571428571
66 86 4080 0.718816067653277
41 51 1595 0.7627929220468675
44 46 1429 0.7060276679841897
24 37 783 0.8817567567567568
61 71 3005 0.6938351419995382
52 88 3673 0.802666083916084
31 40 1009 0.8137096774193548
34 32 788 0.7242647058823529
32 38 963 0.7919407894736842
21 33 627 0.9047619047619048
22 9 126 0.6363636363636364
50 39 1131 0.5800000000000001
38 47 1380 0.7726763717805152
56 78 3287 0.752518315018315
94 94 5266 0.5959710276143051
93 94 5256 0.6012354152367879
27 27 576 0.7901234567901234
19 21 354 0.887218045112782
12 7 81 0.9642857142857143
34 31 754 0.715370018975332
54 65 2520 0.717948717948718
51 59 2148 0.7138584247258225
20 15 245 0.8166666666666667
22 21 384 0.8311688311688311
42 41 1194 0.6933797909407665
12 12 141 0.9791666666666666
25 27 555 0.8222222222222222
26 27 566 0.8062678062678063
10 10 100 1.0
16 19 283 0.930921052631579
55 68 2705 0.7232620320855615
28 40 949 0.8473214285714287
14 18 242 0.9603174603174602
12 8 93 0.96875
16 14 203 0.90625
24 21 399 0.7916666666666666
11 15 164 0.9939393939393939
33 37 945 0.773955773955774
23 31 622 0.8723702664796634
8 8 64 1.0
27 34 765 0.8333333333333333
21 25 459 0.8742857142857143
26 35 774 0.8505494505494505
23 25 484 0.8417391304347827
24 29 591 0.8491379310344828
20 24 425 0.8854166666666666
21 27 501 0.8835978835978836
16 10 139 0.86875
67 53 1908 0.5373134328358209
68 87 4205 0.7107843137254902
15 16 225 0.9375
25 28 580 0.8285714285714285
17 20 312 0.9176470588235294
30 28 630 0.75
21 18 312 0.8253968253968255
24 21 399 0.7916666666666666
22 23 428 0.8458498023715414
19 19 316 0.8753462603878116
6 8 48 1.0
75 43 1333 0.41333333333333333
35 33 830 0.7186147186147186
42 50 1572 0.7485714285714287
24 25 495 0.825
35 38 1005 0.7556390977443609
52 56 2009 0.6899038461538461
45 41 1215 0.6585365853658537
53 61 2287 0.7073925146922363
35 26 585 0.6428571428571429
15 13 180 0.9230769230769231
29 32 738 0.7952586206896551
40 44 1295 0.7357954545454546
44 47 1473 0.7122823984526112
37 46 1324 0.7779083431257344
34 31 754 0.715370018975332
32 29 675 0.7273706896551724
17 24 380 0.9313725490196078
13 16 202 0.9711538461538461
19 29 506 0.9183303085299456
20 20 345 0.8625
24 31 639 0.8588709677419355
66 67 2826 0.6390773405698779
30 39 960 0.8205128205128205
19 23 392 0.897025171624714
28 23 473 0.734472049689441
37 36 954 0.7162162162162162
52 60 2217 0.7105769230769231
13 15 189 0.9692307692307692
28 27 585 0.7738095238095238
27 30 657 0.8111111111111111
13 16 202 0.9711538461538461
61 69 2883 0.6849607982893798
15 15 210 0.9333333333333333
26 24 488 0.782051282051282
16 14 203 0.90625
31 39 978 0.8089330024813896
89 87 4583 0.5918894485341599
41 31 775 0.6097560975609756
24 24 471 0.8177083333333334
41 52 1636 0.7673545966228894
47 75 2822 0.8005673758865248
15 21 300 0.9523809523809523
32 43 1123 0.8161337209302325
38 41 1152 0.7394094993581515
19 17 278 0.8606811145510836
34 32 788 0.7242647058823529
51 51 1740 0.6689734717416378
28 26 557 0.7651098901098901
16 16 235 0.91796875
17 17 261 0.9031141868512111
22 10 145 0.6590909090909091
22 38 758 0.9066985645933014
34 51 1434 0.8269896193771626
58 74 3116 0.7260018639328985
