15 19 270 0.9473684210526315
4 6 24 1.0
41 45 1349 0.7311653116531166
38 37 1000 0.7112375533428165
29 30 680 0.7816091954022988
30 35 840 0.8
26 26 540 0.7988165680473374
33 30 714 0.7212121212121212
27 28 603 0.7976190476190476
24 25 495 0.825
19 25 430 0.9052631578947369
38 25 550 0.5789473684210527
32 36 899 0.7803819444444444
10 16 160 1.0
6 9 54 1.0
49 67 2503 0.7624124276576303
34 38 992 0.7678018575851393
50 61 2230 0.7311475409836066
28 36 837 0.8303571428571428
36 52 1521 0.8125
43 53 1718 0.7538394032470382
28 30 669 0.7964285714285714
48 55 1899 0.7193181818181819
13 13 163 0.9644970414201184
8 10 80 1.0
37 37 991 0.7238860482103725
48 48 1563 0.6783854166666666
21 19 333 0.8345864661654135
42 42 1236 0.7006802721088435
18 22 360 0.9090909090909091
34 34 856 0.740484429065744
19 22 373 0.8923444976076556
38 36 962 0.7032163742690059
39 44 1281 0.7465034965034966
15 27 390 0.9629629629629629
4 7 28 1.0
74 100 5320 0.7189189189189189
35 50 1425 0.8142857142857143
47 56 1929 0.73290273556231
36 36 945 0.7291666666666666
51 65 2454 0.7402714932126697
32 14 231 0.515625
36 40 1089 0.75625
23 26 507 0.8478260869565217
13 17 215 0.9728506787330318
4 6 24 1.0
14 19 256 0.9624060150375939
32 37 931 0.7863175675675675
41 42 1226 0.7119628339140535
27 37 846 0.8468468468468469
27 32 711 0.8229166666666666
31 55 1474 0.864516129032258
43 49 1546 0.7337446606549597
40 40 1135 0.709375
60 88 4005 0.7585227272727273
27 34 765 0.8333333333333333
34 33 822 0.7326203208556149
16 18 267 0.9270833333333334
19 24 411 0.9013157894736842
33 39 1011 0.7855477855477856
30 42 1050 0.8333333333333334
35 44 1215 0.788961038961039
13 19 241 0.9757085020242916
52 38 1083 0.548076923076923
59 69 2846 0.6990911323999017
28 35 809 0.8255102040816327
40 50 1535 0.7675
58 83 3638 0.7557125051931866
42 62 2076 0.7972350230414746
53 64 2446 0.7211084905660378
38 68 2178 0.8428792569659443
21 27 501 0.8835978835978836
40 51 1575 0.7720588235294118
41 50 1554 0.758048780487805
55 63 2430 0.7012987012987013
27 30 657 0.8111111111111111
100 100 5905 0.5905
10 12 120 1.0
23 25 484 0.8417391304347827
6 9 54 1.0
32 45 1187 0.8243055555555555
20 29 525 0.9051724137931034
21 27 501 0.8835978835978836
20 24 425 0.8854166666666666
25 32 680 0.85
17 10 142 0.8352941176470589
60 59 2265 0.6398305084745762
34 40 1060 0.7794117647058824
21 30 564 0.8952380952380953
24 33 687 0.8674242424242424
29 30 680 0.7816091954022988
52 73 2893 0.7621180189673341
46 65 2324 0.777257525083612
33 42 1110 0.8008658008658008
18 24 396 0.9166666666666666
50 76 2980 0.7842105263157895
24 30 615 0.8541666666666666
22 33 648 0.8925619834710743
28 30 669 0.7964285714285714
43 56 1847 0.7670265780730897
15 20 285 0.95
52 76 3049 0.7715080971659919
23 21 392 0.8115942028985508
33 36 912 0.7676767676767677
42 53 1698 0.7628032345013478
42 54 1740 0.7671957671957672
30 41 1020 0.8292682926829268
32 45 1187 0.8243055555555555
33 40 1044 0.7909090909090909
34 45 1230 0.803921568627451
53 56 2022 0.6812668463611861
30 32 750 0.78125
56 62 2391 0.6886520737327189
6 7 42 1.0
95 100 5845 0.6152631578947368
33 44 1176 0.8099173553719008
53 72 2870 0.7520964360587002
52 67 2581 0.7408151549942595
24 32 663 0.86328125
76 86 4325 0.66171970624235
56 74 3063 0.7391409266409266
53 76 3082 0.7651439920556108
47 61 2164 0.754795953958842
28 40 949 0.8473214285714287
22 35 692 0.8987012987012987
41 55 1759 0.7800443458980045
40 66 2175 0.8238636363636364
23 34 691 0.8836317135549873
27 35 792 0.8380952380952381
11 11 120 0.9917355371900826
58 73 3058 0.7222484648086915
28 33 753 0.814935064935065
19 26 449 0.9089068825910931
72 79 3735 0.6566455696202531
35 42 1145 0.7789115646258503
48 75 2859 0.7941666666666667
30 44 1110 0.8409090909090909
77 55 2035 0.4805194805194805
40 56 1775 0.7924107142857143
61 71 3005 0.6938351419995382
10 10 100 1.0
28 28 613 0.7818877551020408
24 27 543 0.8379629629629629
26 36 800 0.8547008547008548
38 50 1494 0.7863157894736843
21 31 585 0.8986175115207373
20 29 525 0.9051724137931034
47 47 1506 0.6817564508827524
24 26 519 0.8317307692307693
45 49 1575 0.7142857142857143
24 33 687 0.8674242424242424
26 32 696 0.8365384615384616
15 18 255 0.9444444444444444
18 25 414 0.92
8 8 64 1.0
44 54 1781 0.7495791245791246
38 45 1304 0.7625730994152047
34 42 1128 0.7899159663865547
36 37 981 0.7364864864864865
29 27 593 0.7573435504469986
19 23 392 0.897025171624714
17 17 261 0.9031141868512111
59 66 2669 0.6854134565998973
39 43 1242 0.740608228980322
27 28 603 0.7976190476190476
35 50 1425 0.8142857142857143
43 57 1890 0.7711138310893514
14 14 186 0.9489795918367347
51 36 990 0.5392156862745098
30 37 900 0.8108108108108109
16 19 283 0.930921052631579
98 76 3610 0.48469387755102045
54 75 3060 0.7555555555555555
37 51 1509 0.7996820349761526
10 18 180 1.0
46 53 1772 0.726825266611977
61 29 696 0.39344262295081966
50 54 1880 0.6962962962962963
19 23 392 0.897025171624714
45 57 1935 0.7543859649122807
27 29 630 0.8045977011494252
50 66 2480 0.7515151515151516
43 44 1331 0.7034883720930233
5 5 25 1.0
42 58 1908 0.7832512315270936
24 30 615 0.8541666666666666
16 16 235 0.91796875
51 51 1740 0.6689734717416378
49 64 2356 0.7512755102040817
16 20 299 0.934375
42 48 1488 0.7380952380952381
20 25 445 0.89
42 52 1656 0.7582417582417583
42 52 1656 0.7582417582417583
100 98 5705 0.5821428571428571
36 35 909 0.7214285714285714
32 39 995 0.7972756410256411
43 42 1245 0.6893687707641196
17 16 244 0.8970588235294118
40 48 1455 0.7578125
14 13 172 0.9450549450549451
66 38 1083 0.4318181818181818
13 15 189 0.9692307692307692
13 13 163 0.9644970414201184
32 36 899 0.7803819444444444
29 46 1144 0.8575712143928037
24 23 447 0.8097826086956522
9 11 99 1.0
17 19 295 0.9133126934984519
6 9 54 1.0
30 39 960 0.8205128205128205
21 20 354 0.8428571428571429
18 29 486 0.9310344827586207
27 38 873 0.8508771929824562
10 13 130 1.0
25 37 805 0.8702702702702704
38 44 1266 0.7571770334928231
30 45 1140 0.8444444444444444
25 25 505 0.8079999999999999
43 64 2191 0.7961482558139535
10 12 120 1.0
43 58 1933 0.7750601443464314
7 9 63 1.0
20 18 305 0.8472222222222222
48 51 1707 0.6973039215686274
32 33 803 0.7604166666666666
44 57 1913 0.7627591706539075
22 24 450 0.8522727272727272
21 21 375 0.8503401360544218
19 25 430 0.9052631578947369
22 24 450 0.8522727272727272
25 34 730 0.8588235294117647
35 42 1145 0.7789115646258503
9 8 72 1.0
16 19 283 0.930921052631579
21 28 522 0.8877551020408163
19 21 354 0.887218045112782
19 26 449 0.9089068825910931
44 54 1781 0.7495791245791246
40 46 1375 0.7472826086956522
17 23 363 0.928388746803069
35 45 1250 0.7936507936507937
27 40 927 0.8583333333333334
30 48 1230 0.8541666666666666
18 22 360 0.9090909090909091
8 6 48 1.0
48 45 1419 0.6569444444444444
32 38 963 0.7919407894736842
79 67 2881 0.5443037974683544
64 78 3507 0.7025240384615384
9 15 135 1.0
39 52 1593 0.7855029585798816
46 41 1220 0.6468716861081654
42 38 1068 0.669172932330827
55 83 3530 0.7732749178532312
25 30 630 0.84
103 100 5929 0.575631067961165
70 78 3630 0.6648351648351648
30 39 960 0.8205128205128205
5 5 25 1.0
50 40 1180 0.5900000000000001
3 3 9 1.0
15 17 240 0.9411764705882353
15 12 165 0.9166666666666666
48 46 1467 0.6644021739130435
11 13 142 0.9930069930069929
42 60 1992 0.7904761904761906
18 21 342 0.9047619047619048
10 15 150 1.0
12 15 177 0.9833333333333333
46 66 2370 0.7806324110671936
22 23 428 0.8458498023715414
20 26 465 0.8942307692307693
13 18 228 0.9743589743589745
27 33 738 0.8282828282828283
16 24 363 0.9453125
30 34 810 0.7941176470588235
20 26 465 0.8942307692307693
17 27 431 0.9389978213507625
25 23 455 0.7913043478260869
43 58 1933 0.7750601443464314
12 9 105 0.9722222222222222
42 50 1572 0.7485714285714287
66 91 4410 0.7342657342657342
18 20 324 0.9
28 37 865 0.8349420849420849
14 23 312 0.9689440993788819
14 21 284 0.9659863945578231
19 27 468 0.912280701754386
31 50 1319 0.8509677419354839
43 52 1675 0.7491055456171736
31 29 668 0.743047830923248
15 26 375 0.9615384615384616
24 25 495 0.825
45 51 1665 0.7254901960784313
51 59 2148 0.7138584247258225
14 9 116 0.9206349206349207
64 93 4467 0.7505040322580645
45 75 2745 0.8133333333333334
22 34 670 0.8957219251336898
26 34 748 0.8461538461538461
35 48 1355 0.8065476190476191
31 37 916 0.7986050566695727
51 57 2046 0.7038183694530443
35 51 1460 0.8179271708683473
26 39 878 0.8658777120315582
39 56 1749 0.8008241758241759
42 52 1656 0.7582417582417583
50 66 2480 0.7515151515151516
13 18 228 0.9743589743589745
7 11 77 1.0
34 44 1196 0.7994652406417113
22 26 494 0.8636363636363635
30 38 930 0.8157894736842105
29 32 738 0.7952586206896551
21 28 522 0.8877551020408163
22 23 428 0.8458498023715414
9 7 63 1.0
48 64 2331 0.7587890625
30 31 720 0.7741935483870968
42 53 1698 0.7628032345013478
16 18 267 0.9270833333333334
29 35 825 0.812807881773399
18 20 324 0.9
7 12 84 1.0
40 52 1615 0.7764423076923077
10 9 90 1.0
73 95 4919 0.7093006488824802
73 86 4262 0.6788786237655304
53 64 2446 0.7211084905660378
63 90 4239 0.7476190476190477
44 45 1385 0.6994949494949495
32 43 1123 0.8161337209302325
15 19 270 0.9473684210526315
28 29 641 0.7894088669950738
8 7 56 1.0
39 51 1554 0.7812971342383107
86 87 4556 0.6089280940924886
31 45 1164 0.8344086021505376
101 100 5914 0.5855445544554455
39 50 1515 0.7769230769230769
106 100 5944 0.560754716981132
57 75 3147 0.736140350877193
25 31 655 0.8451612903225806
42 62 2076 0.7972350230414746
25 36 780 0.8666666666666667
19 18 297 0.868421052631579
50 52 1780 0.6846153846153846
18 21 342 0.9047619047619048
41 52 1636 0.7673545966228894
27 25 522 0.7733333333333333
36 54 1593 0.8194444444444444
16 20 299 0.934375
32 30 707 0.7364583333333333
34 41 1094 0.7847919655667146
11 10 109 0.9909090909090909
30 40 990 0.825
54 65 2520 0.717948717948718
31 35 854 0.7870967741935484
26 22 436 0.7622377622377623
14 22 298 0.9675324675324675
28 34 781 0.8203781512605042
26 42 956 0.8754578754578753
19 24 411 0.9013157894736842
31 43 1102 0.8267066766691673
24 32 663 0.86328125
12 8 93 0.96875
32 40 1027 0.80234375
43 54 1761 0.7583979328165376
30 35 840 0.8
14 19 256 0.9624060150375939
16 20 299 0.934375
37 37 991 0.7238860482103725
9 9 81 1.0
78 92 4830 0.673076923076923
74 100 5320 0.7189189189189189
40 48 1455 0.7578125
23 26 507 0.8478260869565217
19 23 392 0.897025171624714
41 59 1923 0.794956593633733
11 19 208 0.9952153110047848
57 72 2976 0.7251461988304093
14 18 242 0.9603174603174602
22 21 384 0.8311688311688311
55 82 3475 0.770509977827051
96 100 5859 0.6103125
63 95 4554 0.7609022556390979
12 11 129 0.9772727272727273
48 59 2091 0.7383474576271186
24 33 687 0.8674242424242424
40 63 2055 0.8154761904761905
21 32 606 0.9017857142857143
13 17 215 0.9728506787330318
55 50 1715 0.6236363636363637
77 66 2805 0.551948051948052
24 25 495 0.825
35 47 1320 0.8024316109422492
77 80 3882 0.6301948051948052
31 41 1040 0.8182533438237608
37 46 1324 0.7779083431257344
10 17 170 1.0
54 82 3438 0.7764227642276422
27 30 657 0.8111111111111111
36 62 1881 0.842741935483871
33 49 1341 0.8293135435992578
24 31 639 0.8588709677419355
37 59 1805 0.8268437929454878
13 17 215 0.9728506787330318
41 57 1841 0.7877620881471973
43 49 1546 0.7337446606549597
11 11 120 0.9917355371900826
51 67 2556 0.7480245829675154
36 43 1197 0.7732558139534884
23 25 484 0.8417391304347827
16 23 347 0.9429347826086957
32 24 515 0.6705729166666666
49 46 1474 0.6539485359361136
22 30 582 0.8818181818181817
38 49 1456 0.7819548872180452
33 32 780 0.7386363636363636
27 31 684 0.8172043010752688
43 45 1374 0.710077519379845
36 48 1377 0.796875
17 20 312 0.9176470588235294
45 64 2250 0.78125
59 84 3731 0.7528248587570621
13 12 150 0.9615384615384616
10 11 110 1.0
46 66 2370 0.7806324110671936
10 17 170 1.0
31 34 823 0.7808349146110056
49 72 2748 0.7789115646258504
13 15 189 0.9692307692307692
9 14 126 1.0
96 100 5859 0.6103125
62 77 3396 0.7113531629660662
29 41 999 0.8402018502943651
57 83 3603 0.761572606214331
28 33 753 0.814935064935065
28 42 1005 0.854591836734694
31 41 1040 0.8182533438237608
15 17 240 0.9411764705882353
62 72 3086 0.6913082437275986
51 71 2760 0.7622203811101905
21 23 417 0.8633540372670808
13 20 254 0.976923076923077
32 43 1123 0.8161337209302325
33 39 1011 0.7855477855477856
31 42 1071 0.8225806451612903
18 28 468 0.9285714285714286
21 28 522 0.8877551020408163
19 32 563 0.9259868421052632
16 15 219 0.9125
27 44 1035 0.8712121212121212
17 23 363 0.928388746803069
54 60 2250 0.6944444444444444
25 32 680 0.85
14 14 186 0.9489795918367347
22 26 494 0.8636363636363635
84 100 5625 0.6696428571428571
44 45 1385 0.6994949494949495
61 87 3981 0.7501413227812322
13 10 124 0.9538461538461538
51 57 2046 0.7038183694530443
43 55 1804 0.7627906976744186
21 25 459 0.8742857142857143
27 29 630 0.8045977011494252
35 45 1250 0.7936507936507937
77 93 4883 0.6818880044686496
54 87 3708 0.7892720306513411
33 39 1011 0.7855477855477856
17 17 261 0.9031141868512111
37 40 1102 0.7445945945945945
6 9 54 1.0
62 72 3086 0.6913082437275986
39 49 1476 0.772370486656201
27 37 846 0.8468468468468469
48 54 1851 0.7141203703703703
15 26 375 0.9615384615384616
17 22 346 0.9251336898395721
64 88 4147 0.736328125
61 78 3432 0.721311475409836
65 87 4115 0.7276746242263483
18 22 360 0.9090909090909091
31 39 978 0.8089330024813896
42 52 1656 0.7582417582417583
30 42 1050 0.8333333333333334
26 39 878 0.8658777120315582
55 82 3475 0.770509977827051
23 29 576 0.863568215892054
23 30 599 0.8681159420289856
63 94 4491 0.7583586626139819
30 45 1140 0.8444444444444444
19 24 411 0.9013157894736842
41 63 2087 0.807975222609369
20 26 465 0.8942307692307693
23 38 783 0.8958810068649885
14 19 256 0.9624060150375939
42 55 1782 0.7714285714285715
20 34 625 0.9191176470588235
12 23 273 0.9891304347826086
11 20 219 0.9954545454545455
18 13 198 0.8461538461538461
66 98 4872 0.7532467532467532
41 62 2046 0.8048780487804879
44 61 2089 0.7783159463487332
24 44 951 0.9005681818181818
61 77 3371 0.717692143921652
52 82 3361 0.7882270168855535
31 41 1040 0.8182533438237608
34 36 924 0.7549019607843137
32 48 1283 0.8352864583333334
21 28 522 0.8877551020408163
22 14 230 0.7467532467532468
50 66 2480 0.7515151515151516
38 52 1570 0.7945344129554657
56 78 3287 0.752518315018315
94 88 4702 0.5684235976789168
93 91 4977 0.5880893300248139
27 37 846 0.8468468468468469
19 19 316 0.8753462603878116
12 12 141 0.9791666666666666
34 51 1434 0.8269896193771626
54 67 2628 0.72636815920398
51 75 2964 0.7749019607843137
20 18 305 0.8472222222222222
22 24 450 0.8522727272727272
42 69 2370 0.8178053830227744
12 13 153 0.9807692307692307
25 26 530 0.8153846153846154
26 35 774 0.8505494505494505
10 10 100 1.0
16 22 331 0.9403409090909091
55 81 3420 0.7676767676767676
28 44 1061 0.8612012987012988
14 27 368 0.9735449735449735
12 11 129 0.9772727272727273
16 23 347 0.9429347826086957
24 23 447 0.8097826086956522
11 22 241 0.9958677685950413
33 42 1110 0.8008658008658008
23 32 645 0.876358695652174
8 11 88 1.0
27 38 873 0.8508771929824562
21 23 417 0.8633540372670808
26 30 644 0.8256410256410257
23 28 553 0.8586956521739131
24 28 567 0.84375
20 28 505 0.9017857142857143
21 29 543 0.8916256157635468
16 11 155 0.8806818181818182
67 55 2035 0.5522388059701493
68 83 3933 0.6968462083628632
15 17 240 0.9411764705882353
25 26 530 0.8153846153846154
17 22 346 0.9251336898395721
30 31 720 0.7741935483870968
21 19 333 0.8345864661654135
24 40 855 0.890625
22 29 560 0.8777429467084639
19 36 639 0.9342105263157894
6 7 42 1.0
75 46 1495 0.43333333333333335
35 37 970 0.7490347490347491
42 41 1194 0.6933797909407665
24 28 567 0.84375
35 46 1285 0.7981366459627329
52 60 2217 0.7105769230769231
45 48 1530 0.7083333333333334
53 66 2552 0.729559748427673
35 37 970 0.7490347490347491
15 17 240 0.9411764705882353
29 36 854 0.8180076628352491
40 50 1535 0.7675
44 58 1957 0.7668495297805642
37 49 1435 0.7915057915057915
34 42 1128 0.7899159663865547
32 38 963 0.7919407894736842
17 27 431 0.9389978213507625
13 17 215 0.9728506787330318
19 29 506 0.9183303085299456
20 23 405 0.8804347826086957
24 34 711 0.8713235294117647
66 77 3486 0.6859504132231405
30 45 1140 0.8444444444444444
19 25 430 0.9052631578947369
28 26 557 0.7651098901098901
37 36 954 0.7162162162162162
52 61 2269 0.7153215636822194
13 21 267 0.9780219780219781
28 32 725 0.8091517857142857
27 25 522 0.7733333333333333
13 16 202 0.9711538461538461
61 84 3798 0.7412177985948477
15 17 240 0.9411764705882353
26 33 722 0.8414918414918415
16 16 235 0.91796875
31 41 1040 0.8182533438237608
89 100 5740 0.6449438202247191
41 32 816 0.6219512195121951
24 28 567 0.84375
41 52 1636 0.7673545966228894
47 64 2305 0.7662898936170213
15 22 315 0.9545454545454546
32 37 931 0.7863175675675675
38 29 696 0.631578947368421
19 20 335 0.881578947368421
34 37 958 0.7615262321144673
51 69 2658 0.7553282182438192
28 25 529 0.7557142857142857
16 18 267 0.9270833333333334
17 19 295 0.9133126934984519
22 32 626 0.8892045454545454
22 52 1066 0.9318181818181818
34 45 1230 0.803921568627451
58 87 3870 0.7669441141498216
