15 12 102 0.5666666666666667
4 9 35 0.9722222222222222
41 46 1145 0.6071049840933191
38 37 776 0.5519203413940257
29 16 168 0.3620689655172414
30 27 432 0.5333333333333333
26 30 504 0.6461538461538461
33 35 690 0.5974025974025974
27 31 537 0.6415770609318997
24 24 345 0.5989583333333334
19 16 168 0.5526315789473685
38 15 150 0.2631578947368421
32 34 653 0.6001838235294118
10 26 232 0.8923076923076922
6 8 42 0.875
49 49 1320 0.5497709287796751
34 34 660 0.5709342560553633
50 58 1772 0.6110344827586206
28 44 907 0.7362012987012988
36 51 1275 0.6944444444444444
43 29 493 0.39534883720930236
28 11 88 0.2857142857142857
48 48 1269 0.55078125
13 17 166 0.751131221719457
8 7 41 0.7321428571428571
37 10 75 0.20270270270270271
48 49 1317 0.5599489795918368
21 20 249 0.5928571428571429
42 52 1404 0.6428571428571429
18 23 294 0.7101449275362318
34 38 796 0.6160990712074303
19 27 377 0.7348927875243665
38 27 432 0.42105263157894735
39 14 133 0.24358974358974358
15 38 492 0.863157894736842
4 10 39 0.975
74 68 2482 0.49324324324324326
35 23 322 0.39999999999999997
47 38 817 0.45744680851063835
36 28 462 0.45833333333333337
51 47 1222 0.5098039215686274
32 10 75 0.234375
36 44 1023 0.6458333333333334
23 33 549 0.7233201581027668
13 25 270 0.8307692307692308
4 9 35 0.9722222222222222
14 14 130 0.663265306122449
32 50 1165 0.728125
41 57 1596 0.6829268292682927
27 35 645 0.6825396825396826
27 40 780 0.7222222222222222
31 24 348 0.467741935483871
43 58 1674 0.6712109061748196
40 62 1777 0.716532258064516
60 32 592 0.30833333333333335
27 30 510 0.6296296296296297
34 39 830 0.6259426847662142
16 15 149 0.6208333333333333
19 19 225 0.6232686980609419
33 41 888 0.656319290465632
30 25 375 0.5
35 35 697 0.5689795918367347
13 16 153 0.7355769230769231
52 48 1272 0.5096153846153846
59 77 2947 0.6486902927580893
28 34 627 0.6586134453781513
40 47 1177 0.6260638297872341
58 77 2926 0.6551724137931034
42 37 777 0.5
53 68 2329 0.6462264150943396
38 45 1080 0.6315789473684211
21 43 732 0.8106312292358804
40 56 1537 0.6861607142857142
41 51 1350 0.6456241032998565
55 73 2637 0.6567870485678705
27 34 618 0.673202614379085
100 94 4653 0.495
10 10 72 0.72
23 84 1722 0.8913043478260869
6 10 54 0.9
32 33 621 0.5880681818181818
20 18 207 0.575
21 26 375 0.6868131868131868
20 28 407 0.7267857142857144
25 31 522 0.6735483870967741
17 15 150 0.5882352941176471
60 40 900 0.375
34 40 864 0.6352941176470588
21 25 354 0.6742857142857143
24 30 489 0.6791666666666667
29 28 461 0.5677339901477833
52 56 1687 0.5793269230769231
46 56 1630 0.6327639751552795
33 43 954 0.6723044397463003
18 22 276 0.696969696969697
50 72 2472 0.6866666666666666
24 26 393 0.6298076923076923
22 23 316 0.6245059288537549
28 35 655 0.6683673469387755
43 43 1029 0.5565170362358032
15 15 147 0.6533333333333334
52 63 2051 0.6260683760683761
23 27 411 0.6618357487922706
33 37 756 0.6191646191646192
42 29 493 0.4047619047619047
42 42 984 0.5578231292517006
30 48 1062 0.7374999999999999
32 41 877 0.6684451219512195
33 40 855 0.6477272727272727
34 33 626 0.5579322638146167
53 14 133 0.17924528301886794
30 42 882 0.7
56 70 2489 0.6349489795918367
6 5 24 0.8
95 52 1482 0.3
33 46 1053 0.6936758893280632
53 63 2064 0.6181491464510332
52 60 1895 0.6073717948717949
24 34 585 0.7169117647058824
76 99 4823 0.6410154173312068
56 65 2209 0.6068681318681318
53 79 2912 0.6954860281824696
47 63 1971 0.6656534954407295
28 39 767 0.7023809523809523
22 35 580 0.7532467532467533
41 61 1760 0.7037185125949621
40 71 2137 0.7524647887323943
23 43 779 0.7876643073811931
27 35 645 0.6825396825396826
11 12 96 0.7272727272727272
58 71 2578 0.6260320543953376
28 31 543 0.6255760368663594
19 25 339 0.7136842105263157
72 65 2275 0.4861111111111111
35 41 907 0.6320557491289198
48 58 1749 0.6282327586206896
30 36 702 0.6499999999999999
77 40 900 0.29220779220779225
40 58 1617 0.6969827586206896
61 65 2254 0.5684741488020176
10 13 102 0.7846153846153846
28 36 683 0.6775793650793651
24 40 729 0.759375
26 37 686 0.7130977130977131
38 49 1232 0.6616541353383458
21 29 438 0.7192118226600985
20 22 287 0.6522727272727272
47 44 1078 0.5212765957446809
24 35 609 0.725
45 47 1212 0.573049645390071
24 34 585 0.7169117647058824
26 29 478 0.6339522546419097
15 13 117 0.6
18 20 240 0.6666666666666667
8 10 65 0.8125
44 47 1207 0.5836557059961316
38 29 493 0.4473684210526315
34 38 796 0.6160990712074303
36 13 117 0.25
29 15 150 0.3448275862068966
19 23 301 0.6887871853546911
17 57 864 0.891640866873065
59 76 2888 0.6440677966101694
39 47 1167 0.6366612111292962
27 29 483 0.6168582375478927
35 55 1397 0.7257142857142856
43 54 1502 0.6468561584840655
14 12 102 0.6071428571428571
51 47 1222 0.5098039215686274
30 35 672 0.64
16 20 229 0.715625
98 36 738 0.20918367346938777
54 64 2130 0.6163194444444444
37 41 922 0.6077785102175346
10 16 132 0.825
46 53 1492 0.6119770303527481
61 67 2376 0.5813555174944948
50 49 1322 0.5395918367346939
19 30 434 0.7614035087719297
45 55 1572 0.6351515151515151
27 32 564 0.6527777777777778
50 23 322 0.28
43 20 250 0.2906976744186046
5 4 17 0.85
42 45 1110 0.5873015873015872
24 27 417 0.6435185185185185
16 9 63 0.4375
51 25 375 0.29411764705882354
49 56 1663 0.6060495626822158
16 11 88 0.5
42 45 1110 0.5873015873015872
20 20 247 0.6174999999999999
42 46 1152 0.5962732919254659
42 40 900 0.5357142857142857
100 16 168 0.105
36 38 807 0.5899122807017544
32 15 150 0.3125
43 37 777 0.4883720930232558
17 22 269 0.7192513368983957
40 41 937 0.5713414634146342
14 16 158 0.7053571428571429
66 44 1078 0.37121212121212116
13 13 114 0.6745562130177516
13 14 127 0.6978021978021979
32 24 348 0.453125
29 42 867 0.7118226600985222
24 33 561 0.7083333333333334
9 7 42 0.6666666666666667
17 9 63 0.411764705882353
6 13 72 0.9230769230769231
30 37 732 0.6594594594594594
21 19 228 0.5714285714285715
18 25 330 0.7333333333333333
27 32 564 0.6527777777777778
10 15 122 0.8133333333333332
25 24 347 0.5783333333333334
38 34 663 0.513157894736842
30 36 702 0.6499999999999999
25 30 497 0.6626666666666666
43 52 1416 0.6332737030411449
10 11 82 0.7454545454545454
43 36 738 0.4767441860465116
7 15 95 0.9047619047619048
20 24 327 0.68125
48 56 1653 0.6149553571428571
32 36 717 0.6223958333333334
44 54 1515 0.6376262626262625
22 29 448 0.7021943573667712
21 22 291 0.6298701298701299
19 25 339 0.7136842105263157
22 28 426 0.6915584415584416
25 33 572 0.6933333333333334
35 37 767 0.5922779922779923
9 13 96 0.8205128205128205
16 17 181 0.6654411764705882
21 26 375 0.6868131868131868
19 18 206 0.6023391812865497
19 19 225 0.6232686980609419
44 14 133 0.2159090909090909
40 12 102 0.2125
17 18 201 0.6568627450980392
35 34 662 0.5563025210084034
27 34 618 0.673202614379085
30 42 882 0.7
18 22 276 0.696969696969697
8 10 65 0.8125
48 54 1557 0.6006944444444444
32 40 845 0.66015625
79 61 2013 0.4177215189873418
64 34 663 0.3046875
9 14 105 0.8333333333333333
39 44 1050 0.6118881118881119
46 45 1124 0.5429951690821256
42 52 1404 0.6428571428571429
55 43 1032 0.43636363636363634
25 31 522 0.6735483870967741
103 67 2412 0.3495145631067961
70 42 987 0.3357142857142857
30 29 492 0.5655172413793103
5 4 17 0.85
50 21 273 0.26
3 3 9 1.0
15 22 252 0.7636363636363637
15 13 117 0.6
48 60 1845 0.640625
11 10 74 0.6727272727272727
42 60 1740 0.6904761904761905
18 17 186 0.607843137254902
10 12 92 0.7666666666666666
12 13 111 0.7115384615384616
46 54 1538 0.6191626409017713
22 24 338 0.6401515151515151
20 27 387 0.7166666666666667
13 23 244 0.8160535117056856
27 33 591 0.6632996632996633
16 27 341 0.7893518518518519
30 41 852 0.6926829268292682
20 27 387 0.7166666666666667
17 24 303 0.7426470588235294
25 26 397 0.6107692307692308
43 43 1029 0.5565170362358032
12 18 171 0.7916666666666666
42 41 942 0.5470383275261324
66 76 3000 0.5980861244019139
18 19 222 0.6491228070175439
28 32 571 0.6372767857142857
14 19 200 0.7518796992481204
14 20 214 0.7642857142857143
19 8 52 0.34210526315789475
31 46 1020 0.7152875175315568
43 50 1330 0.6186046511627907
31 28 462 0.532258064516129
15 24 282 0.7833333333333333
24 28 441 0.65625
45 30 525 0.3888888888888889
51 72 2496 0.6797385620915032
14 9 63 0.5
64 52 1482 0.4453125
45 65 2022 0.6912820512820512
22 29 448 0.7021943573667712
26 35 634 0.6967032967032967
35 41 907 0.6320557491289198
31 42 896 0.6881720430107526
51 15 150 0.19607843137254904
35 37 767 0.5922779922779923
26 35 634 0.6967032967032967
39 44 1050 0.6118881118881119
42 58 1656 0.6798029556650247
50 68 2272 0.668235294117647
13 20 205 0.7884615384615385
7 5 25 0.7142857142857143
34 36 728 0.5947712418300654
22 24 338 0.6401515151515151
30 35 672 0.64
29 35 664 0.6541871921182266
21 25 354 0.6742857142857143
22 22 294 0.6074380165289256
9 15 114 0.8444444444444444
48 66 2133 0.6732954545454546
30 33 612 0.6181818181818182
42 49 1278 0.6209912536443148
16 16 165 0.64453125
29 45 954 0.7310344827586206
18 23 294 0.7101449275362318
7 12 74 0.8809523809523809
40 49 1257 0.6413265306122449
10 12 92 0.7666666666666666
73 92 4231 0.629988088147707
73 78 3209 0.56357569371268
53 9 63 0.1320754716981132
63 24 348 0.23015873015873015
44 47 1207 0.5836557059961316
32 31 557 0.561491935483871
15 15 147 0.6533333333333334
28 30 515 0.613095238095238
8 10 65 0.8125
39 47 1167 0.6366612111292962
86 55 1650 0.3488372093023256
31 37 741 0.6460331299040977
101 70 2625 0.3712871287128713
39 49 1245 0.6514913657770801
106 94 4653 0.4669811320754717
57 58 1821 0.5508166969147005
25 24 347 0.5783333333333334
42 58 1656 0.6798029556650247
25 30 497 0.6626666666666666
19 26 358 0.7246963562753036
50 28 462 0.33
18 22 276 0.696969696969697
41 28 462 0.40243902439024387
27 34 618 0.673202614379085
36 49 1203 0.6819727891156462
16 34 453 0.8327205882352942
32 43 941 0.6838662790697675
34 50 1204 0.7082352941176471
11 13 107 0.7482517482517482
30 38 762 0.6684210526315789
54 34 663 0.36111111111111116
31 36 710 0.6362007168458781
26 23 322 0.5384615384615384
14 19 200 0.7518796992481204
28 28 459 0.5854591836734694
26 38 712 0.7206477732793521
19 24 320 0.7017543859649122
31 41 865 0.6805664830841857
24 33 561 0.7083333333333334
12 8 52 0.5416666666666666
32 46 1037 0.704483695652174
43 54 1502 0.6468561584840655
30 37 732 0.6594594594594594
14 19 200 0.7518796992481204
16 18 197 0.6840277777777778
37 46 1107 0.6504112808460635
9 14 105 0.8333333333333333
78 93 4404 0.6071133167907361
74 87 3882 0.6029822926374651
40 50 1297 0.6485
23 28 434 0.6739130434782609
19 18 206 0.6023391812865497
41 32 592 0.45121951219512196
11 25 239 0.869090909090909
57 27 432 0.2807017543859649
14 14 130 0.663265306122449
22 28 426 0.6915584415584416
55 69 2417 0.6368906455862977
96 96 4845 0.5257161458333334
63 33 627 0.30158730158730157
12 12 99 0.6875
48 84 2997 0.7433035714285714
24 32 537 0.69921875
40 54 1457 0.6745370370370369
21 28 417 0.7091836734693878
13 42 491 0.8992673992673992
55 84 3242 0.7017316017316018
77 89 4078 0.5950678534948197
24 26 393 0.6298076923076923
35 48 1152 0.6857142857142856
77 81 3462 0.555074555074555
31 35 679 0.6258064516129032
37 43 996 0.6260213702074168
10 12 92 0.7666666666666666
54 38 817 0.39814814814814814
27 29 483 0.6168582375478927
36 45 1059 0.6537037037037037
33 31 558 0.5454545454545455
24 28 441 0.65625
37 35 700 0.5405405405405406
13 15 140 0.717948717948718
41 49 1268 0.6311597809855649
43 42 986 0.5459579180509413
11 11 85 0.7024793388429752
51 19 228 0.23529411764705882
36 25 375 0.41666666666666663
23 26 388 0.6488294314381271
16 23 277 0.7527173913043478
32 36 717 0.6223958333333334
49 30 525 0.3571428571428571
22 19 228 0.5454545454545454
38 65 1840 0.7449392712550607
33 25 375 0.45454545454545453
27 27 429 0.588477366255144
43 49 1287 0.6108210726150926
36 48 1167 0.6753472222222222
17 7 42 0.35294117647058826
45 55 1572 0.6351515151515151
59 78 3006 0.6531942633637549
13 9 63 0.5384615384615384
10 12 92 0.7666666666666666
46 53 1492 0.6119770303527481
10 14 112 0.7999999999999999
31 32 586 0.5907258064516129
49 67 2202 0.6707279926896131
13 10 75 0.5769230769230769
9 13 96 0.8205128205128205
96 32 592 0.19270833333333334
62 28 462 0.2661290322580645
29 31 548 0.6095661846496108
57 74 2733 0.6479374110953058
28 27 431 0.5701058201058201
28 38 739 0.6945488721804511
31 45 989 0.7089605734767025
15 16 162 0.675
62 42 987 0.3790322580645161
51 60 1884 0.6156862745098038
21 23 312 0.6459627329192547
13 13 114 0.6745562130177516
32 41 877 0.6684451219512195
33 30 525 0.5303030303030303
31 39 803 0.6641852770885028
18 23 294 0.7101449275362318
21 23 312 0.6459627329192547
19 26 358 0.7246963562753036
16 17 181 0.6654411764705882
27 27 429 0.588477366255144
17 18 201 0.6568627450980392
54 70 2454 0.6492063492063492
25 23 322 0.56
14 18 186 0.7380952380952381
22 27 404 0.6801346801346801
84 87 3987 0.5455665024630542
44 36 738 0.46590909090909094
61 39 858 0.360655737704918
13 11 88 0.6153846153846154
51 50 1374 0.5388235294117647
43 35 700 0.46511627906976744
21 11 88 0.380952380952381
27 31 537 0.6415770609318997
35 36 732 0.580952380952381
77 87 3924 0.5857590685176892
54 67 2292 0.6334991708126037
33 42 921 0.6645021645021645
17 21 252 0.7058823529411765
37 49 1218 0.6718146718146718
6 8 42 0.875
62 77 3004 0.6292417260159195
39 58 1596 0.7055702917771882
27 34 618 0.673202614379085
48 60 1845 0.640625
15 21 237 0.7523809523809524
17 23 286 0.731457800511509
64 90 3869 0.6717013888888889
61 80 3169 0.6493852459016394
65 99 4482 0.6965034965034965
18 14 133 0.5277777777777778
31 42 896 0.6881720430107526
42 63 1866 0.7052154195011339
30 38 762 0.6684210526315789
26 36 660 0.7051282051282051
55 68 2362 0.6315508021390375
23 33 549 0.7233201581027668
23 28 434 0.6739130434782609
63 66 2328 0.5598845598845599
30 33 612 0.6181818181818182
19 26 358 0.7246963562753036
41 69 2088 0.7380699893955461
20 29 427 0.7362068965517242
23 38 664 0.7597254004576659
14 21 228 0.7755102040816326
42 61 1782 0.6955503512880562
20 31 467 0.753225806451613
12 20 195 0.8125
11 19 173 0.8277511961722488
18 11 88 0.4444444444444445
66 38 817 0.32575757575757575
41 55 1514 0.6713968957871398
44 55 1559 0.6442148760330578
24 38 681 0.7467105263157895
61 80 3169 0.6493852459016394
52 74 2623 0.6816528066528067
31 36 710 0.6362007168458781
34 41 898 0.6441893830703013
32 38 781 0.6422697368421053
21 23 312 0.6459627329192547
22 12 102 0.3863636363636364
50 38 817 0.43
38 47 1156 0.6472564389697648
56 66 2265 0.6128246753246753
94 33 627 0.2021276595744681
93 91 4368 0.5161290322580645
27 32 564 0.6527777777777778
19 22 282 0.6746411483253589
12 12 99 0.6875
34 49 1170 0.702280912364946
54 62 2022 0.6039426523297491
51 54 1578 0.5729847494553377
20 8 52 0.325
22 29 448 0.7021943573667712
42 52 1404 0.6428571428571429
12 14 123 0.7321428571428571
25 17 187 0.44
26 24 348 0.5576923076923077
10 11 82 0.7454545454545454
16 52 741 0.890625
55 43 1032 0.43636363636363634
28 39 767 0.7023809523809523
14 15 144 0.6857142857142857
12 17 159 0.7794117647058824
16 26 325 0.78125
24 26 393 0.6298076923076923
11 15 129 0.7818181818181817
33 40 855 0.6477272727272727
23 26 388 0.6488294314381271
8 11 73 0.8295454545454546
27 41 807 0.7289972899728997
21 27 396 0.6984126984126985
26 33 582 0.6783216783216783
23 14 133 0.41304347826086957
24 32 537 0.69921875
20 27 387 0.7166666666666667
21 29 438 0.7192118226600985
16 9 63 0.4375
67 80 3280 0.6119402985074627
68 19 228 0.17647058823529413
15 17 177 0.6941176470588236
25 25 372 0.5952000000000001
17 17 184 0.6366782006920415
30 29 492 0.5655172413793103
21 23 312 0.6459627329192547
24 28 441 0.65625
22 12 102 0.3863636363636364
19 26 358 0.7246963562753036
6 13 72 0.9230769230769231
75 31 558 0.24000000000000002
35 35 697 0.5689795918367347
42 33 627 0.4523809523809524
24 13 117 0.375
35 24 348 0.4142857142857143
52 56 1687 0.5793269230769231
45 41 943 0.5111111111111111
53 58 1799 0.58523096942095
35 34 662 0.5563025210084034
15 16 162 0.675
29 36 693 0.6637931034482759
40 43 1017 0.5912790697674418
44 22 297 0.3068181818181818
37 39 848 0.5876645876645876
34 34 660 0.5709342560553633
32 32 589 0.5751953125
17 22 269 0.7192513368983957
13 22 231 0.8076923076923077
19 37 567 0.8065433854907539
20 21 267 0.6357142857142857
24 31 513 0.6895161290322581
66 70 2604 0.5636363636363636
30 44 942 0.7136363636363636
19 20 244 0.6421052631578947
28 16 168 0.375
37 45 1070 0.6426426426426427
52 54 1583 0.5637464387464388
13 15 140 0.717948717948718
28 36 683 0.6775793650793651
27 39 753 0.7150997150997151
13 14 127 0.6978021978021979
61 20 250 0.20491803278688522
15 18 192 0.7111111111111111
26 29 478 0.6339522546419097
16 15 149 0.6208333333333333
31 28 462 0.532258064516129
89 91 4358 0.5380911223607853
41 50 1309 0.6385365853658537
24 23 321 0.5815217391304348
41 48 1227 0.6234756097560975
47 59 1783 0.6429859358095925
15 50 672 0.8959999999999999
32 37 749 0.6326013513513513
38 42 966 0.6052631578947368
19 15 150 0.5263157894736842
34 23 322 0.4117647058823529
51 42 987 0.46078431372549017
28 15 150 0.3571428571428571
16 16 165 0.64453125
17 13 117 0.5294117647058824
22 47 844 0.8162475822050291
22 43 756 0.799154334038055
34 50 1204 0.7082352941176471
58 85 3390 0.6876267748478702
