13 13 133 0.78698224852071
4 6 24 1.0
33 36 782 0.6582491582491582
29 28 512 0.6305418719211823
26 24 393 0.6298076923076923
19 23 332 0.7597254004576659
22 18 243 0.6136363636363636
32 27 486 0.5625
23 20 289 0.6282608695652174
16 21 270 0.8035714285714286
14 15 165 0.7857142857142858
31 27 486 0.5806451612903226
27 38 773 0.753411306042885
9 19 161 0.9415204678362573
6 6 35 0.9722222222222222
45 50 1430 0.6355555555555555
25 24 390 0.65
46 55 1669 0.6596837944664031
27 34 665 0.724400871459695
34 51 1299 0.7491349480968857
33 35 749 0.6484848484848484
27 27 476 0.6529492455418381
41 42 1056 0.613240418118467
11 15 144 0.8727272727272728
6 8 47 0.9791666666666666
34 38 857 0.663312693498452
40 52 1450 0.6971153846153846
20 23 340 0.7391304347826086
37 44 1100 0.6756756756756757
15 18 215 0.7962962962962963
30 30 575 0.638888888888889
17 21 279 0.7815126050420167
36 39 908 0.6467236467236467
31 37 796 0.6939843068875327
10 14 125 0.8928571428571429
4 7 28 1.0
60 62 2180 0.5860215053763441
31 29 548 0.6095661846496107
37 47 1211 0.6963772282921218
33 39 881 0.6845376845376845
39 42 1043 0.6367521367521368
29 27 483 0.6168582375478927
30 42 935 0.7420634920634921
22 25 397 0.7218181818181819
10 13 115 0.8846153846153846
4 6 24 1.0
11 14 133 0.8636363636363636
30 37 785 0.7072072072072072
34 38 857 0.663312693498452
25 28 490 0.7000000000000001
25 26 440 0.676923076923077
26 29 523 0.693633952254642
40 50 1370 0.685
37 32 656 0.5540540540540541
49 50 1460 0.5959183673469388
22 30 507 0.7681818181818182
29 30 570 0.6551724137931034
15 16 185 0.7708333333333334
18 20 269 0.7472222222222222
31 30 579 0.6225806451612903
27 26 449 0.6396011396011396
31 32 641 0.6461693548387096
13 14 146 0.8021978021978021
51 57 1826 0.6281389748882009
59 72 2763 0.6504237288135593
28 29 536 0.6600985221674877
40 39 930 0.5961538461538461
55 60 2025 0.6136363636363636
41 47 1261 0.6543850544888428
51 56 1775 0.6214985994397759
36 41 980 0.6639566395663956
19 27 408 0.7953216374269005
38 65 1909 0.7728744939271255
41 48 1302 0.6615853658536586
51 54 1673 0.6074800290486565
27 30 557 0.6876543209876543
91 110 6269 0.6262737262737262
10 12 105 0.875
21 25 389 0.740952380952381
6 8 47 0.9791666666666666
27 38 773 0.753411306042885
16 16 190 0.7421875
21 26 410 0.750915750915751
20 28 440 0.7857142857142857
21 27 431 0.7601410934744268
16 19 238 0.7828947368421053
51 76 2795 0.7211042311661506
24 36 674 0.7800925925925926
18 24 341 0.7893518518518517
23 29 496 0.7436281859070465
23 24 381 0.6902173913043478
44 44 1156 0.597107438016529
35 55 1460 0.7584415584415585
29 27 483 0.6168582375478927
15 18 215 0.7962962962962963
49 56 1754 0.6392128279883381
23 28 473 0.734472049689441
20 20 280 0.7
23 22 335 0.6620553359683794
34 50 1265 0.7441176470588234
14 19 221 0.830827067669173
50 50 1465 0.586
20 17 220 0.6470588235294118
30 31 605 0.6505376344086022
39 48 1277 0.6821581196581197
39 48 1277 0.6821581196581197
30 33 665 0.6717171717171717
27 25 422 0.6251851851851852
33 38 848 0.6762360446570973
33 38 848 0.6762360446570973
41 42 1056 0.613240418118467
27 27 476 0.6529492455418381
47 57 1776 0.6629339305711087
6 6 35 0.9722222222222222
92 142 9236 0.7069810165339866
28 41 872 0.759581881533101
48 64 2126 0.6920572916666666
52 69 2460 0.68561872909699
24 35 650 0.7738095238095237
75 100 5015 0.6686666666666666
56 69 2538 0.6568322981366459
51 68 2387 0.6882929642445214
46 52 1531 0.6400501672240803
25 35 665 0.76
22 33 573 0.7892561983471075
41 60 1794 0.7292682926829268
40 61 1810 0.7418032786885246
23 37 680 0.799059929494712
27 35 692 0.7322751322751323
11 11 100 0.8264462809917356
54 69 2501 0.6712292002147074
22 30 507 0.7681818181818182
16 23 302 0.8206521739130435
56 59 1978 0.5986682808716707
29 39 831 0.7347480106100795
40 45 1170 0.65
29 39 831 0.7347480106100795
63 59 2006 0.5396825396825397
34 54 1401 0.7630718954248366
47 68 2293 0.7174593241551941
9 13 107 0.9145299145299146
24 33 602 0.76010101010101
22 24 375 0.7102272727272728
21 35 599 0.8149659863945579
33 43 1013 0.7138830162085976
18 34 521 0.8513071895424836
12 25 272 0.9066666666666667
33 38 848 0.6762360446570973
19 27 408 0.7953216374269005
38 52 1415 0.7160931174089069
20 29 460 0.7931034482758621
20 27 420 0.7777777777777778
8 15 114 0.95
11 23 232 0.91699604743083
8 10 74 0.925
40 45 1170 0.65
35 43 1040 0.6910299003322259
34 39 891 0.6719457013574661
31 36 765 0.6854838709677419
23 25 404 0.7026086956521739
19 23 332 0.7597254004576659
17 22 296 0.7914438502673796
52 61 2044 0.6443883984867591
38 35 769 0.5781954887218045
27 32 611 0.7071759259259259
35 50 1285 0.7342857142857143
43 61 1882 0.7174990468928708
13 14 146 0.8021978021978021
49 60 1950 0.6632653061224489
28 31 592 0.6820276497695852
15 14 155 0.7380952380952381
95 95 4930 0.5462603878116343
53 72 2640 0.6918238993710691
37 39 915 0.6340956340956341
9 17 143 0.934640522875817
40 41 1010 0.6158536585365854
52 66 2304 0.6713286713286714
47 52 1541 0.6305237315875615
19 22 313 0.7488038277511961
44 57 1728 0.6889952153110048
25 34 640 0.7529411764705882
45 54 1610 0.6625514403292181
37 40 952 0.6432432432432432
4 4 16 1.0
41 54 1548 0.6991869918699187
23 31 542 0.7601683029453016
16 22 286 0.8125
47 51 1494 0.623279098873592
49 61 1999 0.6687855470056875
9 11 89 0.898989898989899
38 43 1073 0.6566707466340269
16 24 318 0.828125
33 41 947 0.6999260901699925
37 39 915 0.6340956340956341
90 92 4625 0.5585748792270531
28 32 620 0.6919642857142857
24 29 506 0.7270114942528735
36 42 1016 0.671957671957672
15 14 155 0.7380952380952381
35 40 935 0.6678571428571429
13 17 185 0.83710407239819
55 64 2245 0.6377840909090909
10 13 115 0.8846153846153846
13 13 133 0.78698224852071
24 29 506 0.7270114942528735
27 34 665 0.724400871459695
24 23 362 0.6557971014492754
8 10 74 0.925
13 19 211 0.854251012145749
6 9 53 0.9814814814814815
29 34 686 0.6957403651115619
21 25 389 0.740952380952381
17 23 313 0.8005115089514065
26 28 497 0.6826923076923077
9 9 71 0.8765432098765432
24 29 506 0.7270114942528735
36 37 836 0.6276276276276276
29 30 570 0.6551724137931034
22 22 331 0.6838842975206612
34 47 1163 0.727784730913642
10 11 95 0.8636363636363636
38 45 1149 0.6719298245614035
7 8 53 0.9464285714285714
19 20 275 0.7236842105263157
42 50 1397 0.6652380952380952
28 34 676 0.7100840336134454
38 49 1301 0.6987110633727175
18 18 233 0.7191358024691358
14 18 207 0.8214285714285715
18 24 341 0.7893518518518517
18 22 305 0.7702020202020201
22 25 397 0.7218181818181819
34 44 1061 0.7092245989304813
6 7 41 0.9761904761904762
15 16 185 0.7708333333333334
19 26 389 0.7874493927125505
17 20 262 0.7705882352941177
17 23 313 0.8005115089514065
41 45 1179 0.6390243902439025
38 41 997 0.6399229781771502
14 21 249 0.846938775510204
26 23 367 0.6137123745819398
23 31 542 0.7601683029453016
28 40 844 0.7535714285714286
17 19 245 0.7585139318885449
7 9 60 0.9523809523809523
45 55 1655 0.6686868686868687
29 30 570 0.6551724137931034
59 67 2468 0.6243359473817354
57 60 2042 0.5970760233918129
8 6 42 0.875
31 38 827 0.7020373514431238
35 48 1215 0.7232142857142857
39 36 809 0.5762108262108262
48 67 2270 0.7058457711442786
22 29 485 0.7601880877742947
85 105 5685 0.6369747899159663
60 70 2660 0.6333333333333334
27 28 503 0.6653439153439153
4 4 16 1.0
42 47 1271 0.64387031408308
3 3 9 1.0
13 18 198 0.8461538461538461
14 22 263 0.8538961038961038
45 60 1880 0.6962962962962963
11 13 122 0.8531468531468532
42 53 1523 0.6841868823000898
16 19 238 0.7828947368421053
10 16 145 0.90625
12 15 152 0.8444444444444444
46 65 2129 0.7120401337792642
22 26 419 0.7325174825174826
19 28 427 0.8026315789473684
13 20 224 0.8615384615384615
23 29 496 0.7436281859070465
16 25 334 0.835
29 37 773 0.7204100652376514
20 30 480 0.8
17 32 466 0.8566176470588235
22 25 397 0.7218181818181819
29 39 831 0.7347480106100795
10 14 125 0.8928571428571429
38 54 1491 0.7266081871345029
56 78 3042 0.6964285714285714
14 14 151 0.7704081632653061
26 39 783 0.7721893491124261
12 17 176 0.8627450980392156
14 19 221 0.830827067669173
17 19 245 0.7585139318885449
28 37 760 0.7335907335907336
41 52 1466 0.6876172607879926
29 34 686 0.6957403651115619
14 17 193 0.8109243697478992
22 30 507 0.7681818181818182
44 42 1068 0.577922077922078
47 64 2105 0.6998005319148937
14 23 277 0.8602484472049688
59 82 3353 0.6930549813972716
45 60 1880 0.6962962962962963
21 28 452 0.7687074829931974
25 34 640 0.7529411764705882
23 43 818 0.827098078867543
26 38 757 0.7661943319838057
46 62 1991 0.6981065918653576
33 48 1178 0.7436868686868686
23 39 726 0.8093645484949833
36 53 1412 0.740041928721174
38 50 1339 0.7047368421052631
48 60 1934 0.6715277777777777
13 19 211 0.854251012145749
7 8 53 0.9464285714285714
29 39 831 0.7347480106100795
19 26 389 0.7874493927125505
30 37 785 0.7072072072072072
27 25 422 0.6251851851851852
19 20 275 0.7236842105263157
18 17 215 0.7026143790849674
9 9 71 0.8765432098765432
41 42 1056 0.613240418118467
26 24 393 0.6298076923076923
41 41 1015 0.603807257584771
16 16 190 0.7421875
26 38 757 0.7661943319838057
18 21 287 0.7592592592592593
7 10 67 0.9571428571428571
32 39 870 0.6971153846153846
9 11 89 0.898989898989899
64 79 3286 0.6499208860759493
65 59 2006 0.5230769230769231
48 46 1262 0.5715579710144928
50 46 1265 0.55
36 43 1052 0.6795865633074936
26 30 549 0.7038461538461539
14 16 179 0.7991071428571429
24 23 362 0.6557971014492754
8 9 66 0.9166666666666666
38 45 1149 0.6719298245614035
81 114 6308 0.6831275720164609
28 41 872 0.759581881533101
97 130 8332 0.6607454401268834
38 39 921 0.6214574898785425
99 126 8009 0.6420554753888087
56 67 2426 0.646588486140725
13 25 289 0.8892307692307692
41 57 1671 0.7150192554557124
22 29 485 0.7601880877742947
18 18 233 0.7191358024691358
43 58 1753 0.7028869286287089
18 28 413 0.8194444444444444
40 45 1170 0.65
25 26 440 0.676923076923077
35 47 1180 0.7173252279635258
15 16 185 0.7708333333333334
30 31 605 0.6505376344086022
31 44 1013 0.7426686217008798
9 8 62 0.8611111111111112
29 46 1034 0.775112443778111
52 59 1940 0.6323337679269883
30 39 845 0.7222222222222222
23 28 473 0.734472049689441
10 19 175 0.9210526315789473
26 26 445 0.6582840236686391
21 38 662 0.8295739348370927
17 16 194 0.7132352941176471
26 36 705 0.7532051282051282
24 33 602 0.76010101010101
12 17 176 0.8627450980392156
32 37 806 0.6807432432432432
41 39 933 0.5834896810506567
29 34 686 0.6957403651115619
14 18 207 0.8214285714285715
16 21 270 0.8035714285714286
37 34 730 0.5802861685214626
9 10 80 0.888888888888889
71 90 4179 0.6539906103286385
67 92 4211 0.6831602855288773
37 39 915 0.6340956340956341
19 28 427 0.8026315789473684
17 19 245 0.7585139318885449
40 47 1250 0.6648936170212766
9 15 125 0.9259259259259259
55 70 2575 0.6688311688311689
14 19 221 0.830827067669173
22 25 397 0.7218181818181819
51 79 2948 0.7316952097294614
79 136 7969 0.741716306775875
55 81 3180 0.7138047138047138
10 18 165 0.9166666666666666
39 53 1472 0.7121432027092405
18 29 431 0.8256704980842912
33 53 1343 0.7678673527730131
20 33 540 0.8181818181818182
11 13 122 0.8531468531468532
46 60 1899 0.6880434782608695
70 91 4225 0.6632653061224489
22 27 441 0.7424242424242424
35 43 1040 0.6910299003322259
61 89 3833 0.7060232086940504
27 33 638 0.7160493827160493
34 44 1061 0.7092245989304813
7 12 81 0.9642857142857143
48 66 2222 0.7013888888888888
24 26 434 0.6955128205128205
30 34 695 0.6813725490196079
25 33 615 0.7454545454545455
16 13 142 0.6826923076923077
31 49 1168 0.7689269256089533
9 15 125 0.9259259259259259
34 45 1095 0.7156862745098038
34 44 1061 0.7092245989304813
7 8 53 0.9464285714285714
48 56 1742 0.6480654761904762
34 35 755 0.6344537815126051
19 21 294 0.7368421052631579
15 23 290 0.8405797101449275
26 27 471 0.670940170940171
47 40 980 0.5212765957446808
20 24 360 0.75
33 42 980 0.7070707070707071
30 30 575 0.638888888888889
24 32 578 0.7526041666666666
41 47 1261 0.6543850544888428
33 43 1013 0.7138830162085976
17 17 211 0.7301038062283737
38 57 1605 0.7409972299168975
51 73 2642 0.7096427612140747
13 15 159 0.8153846153846154
10 9 75 0.8333333333333334
45 65 2105 0.7196581196581197
10 18 165 0.9166666666666666
23 26 427 0.7140468227424749
48 75 2654 0.7372222222222222
11 12 111 0.8409090909090909
9 9 71 0.8765432098765432
88 120 7074 0.6698863636363637
59 72 2763 0.6504237288135593
27 33 638 0.7160493827160493
54 69 2501 0.6712292002147074
26 28 497 0.6826923076923077
27 24 395 0.6095679012345679
30 38 815 0.7149122807017544
15 19 230 0.8070175438596492
59 80 3235 0.6853813559322034
50 55 1715 0.6236363636363635
21 19 263 0.6591478696741855
12 11 104 0.7878787878787878
32 39 870 0.6971153846153846
32 33 678 0.6420454545454546
31 33 672 0.656891495601173
17 23 313 0.8005115089514065
19 17 218 0.674922600619195
19 28 427 0.8026315789473684
15 15 170 0.7555555555555556
26 28 497 0.6826923076923077
14 20 235 0.8392857142857142
46 70 2359 0.7326086956521739
21 31 515 0.7910906298003073
14 14 151 0.7704081632653061
22 24 375 0.7102272727272728
69 112 5648 0.7308488612836438
37 37 841 0.6143170197224251
50 73 2615 0.7164383561643836
12 14 140 0.8333333333333333
39 53 1472 0.7121432027092405
37 48 1248 0.7027027027027026
18 24 341 0.7893518518518517
23 28 473 0.734472049689441
25 31 565 0.7290322580645162
62 82 3431 0.6748623131392604
49 58 1852 0.6516537649542575
31 33 672 0.656891495601173
13 18 198 0.8461538461538461
33 55 1409 0.7763085399449036
5 8 40 1.0
52 84 3240 0.7417582417582418
35 54 1425 0.753968253968254
24 48 962 0.8350694444444445
33 63 1673 0.8047138047138047
15 18 215 0.7962962962962963
16 21 270 0.8035714285714286
64 86 3734 0.6784156976744186
61 78 3162 0.6645649432534678
64 99 4566 0.7206439393939394
18 24 341 0.7893518518518517
30 41 905 0.7357723577235773
41 52 1466 0.6876172607879926
30 41 905 0.7357723577235773
23 30 519 0.7521739130434782
54 68 2447 0.6663943355119826
23 29 496 0.7436281859070465
23 29 496 0.7436281859070465
56 66 2370 0.6412337662337662
30 33 665 0.6717171717171717
16 22 286 0.8125
40 47 1250 0.6648936170212766
20 29 460 0.7931034482758621
23 33 588 0.7747035573122529
14 19 221 0.830827067669173
40 45 1170 0.65
20 32 520 0.8125
12 18 188 0.8703703703703703
11 14 133 0.8636363636363636
17 25 347 0.8164705882352941
63 69 2636 0.6063952150908672
41 46 1220 0.6468716861081655
41 51 1425 0.6814921090387375
22 28 463 0.7516233766233766
58 57 1875 0.5671506352087115
50 61 2015 0.660655737704918
30 26 455 0.5833333333333333
30 36 755 0.6990740740740741
32 34 710 0.6525735294117647
20 29 460 0.7931034482758621
19 26 389 0.7874493927125505
44 56 1684 0.6834415584415584
30 47 1085 0.7695035460992907
47 67 2246 0.713242299142585
86 111 6225 0.652105593966059
76 99 4968 0.6602870813397129
22 35 617 0.8012987012987013
16 21 270 0.8035714285714286
9 6 44 0.8148148148148149
27 33 638 0.7160493827160493
46 61 1945 0.6931575196008553
44 63 1992 0.7186147186147186
19 16 199 0.6546052631578947
18 18 233 0.7191358024691358
36 45 1124 0.6938271604938271
10 13 115 0.8846153846153846
21 21 305 0.691609977324263
20 21 300 0.7142857142857143
9 9 71 0.8765432098765432
15 23 290 0.8405797101449275
54 64 2231 0.6455439814814815
27 33 638 0.7160493827160493
14 18 207 0.8214285714285715
8 12 90 0.9375
15 16 185 0.7708333333333334
21 33 557 0.8037518037518038
8 14 106 0.9464285714285714
30 27 485 0.5987654320987654
23 30 519 0.7521739130434782
7 7 46 0.9387755102040816
26 30 549 0.7038461538461539
19 34 541 0.8374613003095975
23 38 703 0.8043478260869565
21 28 452 0.7687074829931974
22 36 639 0.8068181818181819
15 23 290 0.8405797101449275
17 31 449 0.8519924098671726
14 17 193 0.8109243697478992
53 67 2375 0.6688256829062236
59 68 2527 0.6298604187437686
15 18 215 0.7962962962962963
23 29 496 0.7436281859070465
17 20 262 0.7705882352941177
29 29 541 0.643281807372176
14 18 207 0.8214285714285715
21 24 368 0.7301587301587302
15 17 200 0.7843137254901961
15 19 230 0.8070175438596492
6 7 41 0.9761904761904762
52 55 1732 0.6055944055944056
23 29 496 0.7436281859070465
31 43 982 0.7366841710427606
18 22 305 0.7702020202020201
32 38 838 0.6891447368421053
45 46 1250 0.6038647342995169
38 48 1263 0.6924342105263158
46 55 1669 0.6596837944664031
25 31 565 0.7290322580645162
12 15 152 0.8444444444444444
18 22 305 0.7702020202020201
33 41 947 0.6999260901699925
36 47 1196 0.706855791962175
32 32 646 0.630859375
26 37 731 0.75987525987526
27 37 746 0.7467467467467468
16 21 270 0.8035714285714286
12 18 188 0.8703703703703703
18 27 395 0.8127572016460904
20 25 380 0.76
23 36 657 0.7934782608695652
56 69 2538 0.6568322981366459
26 37 731 0.75987525987526
19 26 389 0.7874493927125505
21 22 326 0.7056277056277056
33 47 1145 0.7382333978078659
44 50 1420 0.6454545454545455
13 15 159 0.8153846153846154
24 30 530 0.736111111111111
25 29 515 0.710344827586207
10 16 145 0.90625
57 64 2270 0.6222587719298246
15 19 230 0.8070175438596492
24 26 434 0.6955128205128205
15 17 200 0.7843137254901961
31 45 1044 0.7483870967741936
78 97 4865 0.6430081945545862
33 40 914 0.6924242424242424
21 21 305 0.691609977324263
34 51 1299 0.7491349480968857
46 60 1899 0.6880434782608695
12 11 104 0.7878787878787878
27 32 611 0.7071759259259259
25 35 665 0.76
18 14 161 0.638888888888889
30 30 575 0.638888888888889
41 41 1015 0.603807257584771
23 21 312 0.6459627329192547
14 15 165 0.7857142857142858
16 14 158 0.7053571428571429
14 35 445 0.9081632653061225
20 32 520 0.8125
27 44 935 0.787037037037037
53 72 2640 0.6918238993710691
