13 13 154 0.9112426035502958
4 6 24 1.0
33 36 863 0.7264309764309764
29 28 581 0.7155172413793104
26 24 453 0.7259615384615384
19 23 371 0.8489702517162472
22 18 291 0.7348484848484849
32 27 564 0.6527777777777778
23 20 340 0.7391304347826086
16 21 300 0.8928571428571429
14 15 189 0.9
31 27 561 0.6702508960573477
27 38 836 0.8148148148148148
9 19 170 0.9941520467836258
6 6 36 1.0
45 50 1547 0.6875555555555556
25 24 447 0.745
46 55 1789 0.7071146245059289
27 34 728 0.7930283224400871
34 51 1383 0.7975778546712803
33 35 830 0.7186147186147186
27 27 539 0.7393689986282579
41 42 1161 0.6742160278745645
11 15 159 0.9636363636363636
6 8 48 1.0
34 38 941 0.728328173374613
40 52 1552 0.7461538461538461
20 23 382 0.8304347826086957
37 44 1193 0.7328009828009828
15 18 242 0.8962962962962963
30 30 647 0.7188888888888889
17 21 312 0.8739495798319327
36 39 998 0.7108262108262108
31 37 871 0.7593722755013078
10 14 137 0.9785714285714285
4 7 28 1.0
60 62 2342 0.6295698924731182
31 29 623 0.6929922135706341
37 47 1304 0.7498562392179413
33 39 962 0.7474747474747475
39 42 1142 0.6971916971916972
29 27 552 0.7049808429118775
30 42 1007 0.7992063492063493
22 25 445 0.8090909090909091
10 13 127 0.9769230769230769
4 6 24 1.0
11 14 148 0.961038961038961
30 37 857 0.7720720720720721
34 38 941 0.728328173374613
25 28 547 0.7814285714285714
25 26 497 0.7646153846153846
26 29 583 0.7732095490716181
40 50 1472 0.736
37 32 749 0.6326013513513513
49 50 1589 0.6485714285714286
22 30 555 0.8409090909090909
29 30 639 0.7344827586206897
15 16 212 0.8833333333333333
18 20 305 0.8472222222222221
31 30 654 0.7032258064516129
27 26 512 0.7293447293447293
31 32 716 0.7217741935483871
13 14 167 0.9175824175824177
51 57 1961 0.674578603371173
59 72 2922 0.6878531073446328
28 29 602 0.7413793103448276
40 39 1032 0.6615384615384615
55 60 2172 0.6581818181818182
41 47 1366 0.7088738972496108
51 56 1910 0.6687675070028012
36 41 1070 0.7249322493224932
19 27 447 0.8713450292397661
38 65 2005 0.8117408906882592
41 48 1407 0.7149390243902439
51 54 1808 0.6564996368917938
27 30 620 0.7654320987654321
91 110 6524 0.6517482517482518
10 12 117 0.975
21 25 434 0.8266666666666667
6 8 48 1.0
27 38 836 0.8148148148148148
16 16 220 0.859375
21 26 455 0.8333333333333334
20 28 482 0.8607142857142858
21 27 476 0.8395061728395062
16 19 268 0.881578947368421
51 76 2930 0.7559339525283798
24 36 728 0.8425925925925926
18 24 377 0.8726851851851851
23 29 547 0.8200899550224888
23 24 432 0.782608695652174
44 44 1270 0.65599173553719
35 55 1547 0.8036363636363637
29 27 552 0.7049808429118775
15 18 242 0.8962962962962963
49 56 1883 0.6862244897959184
23 28 524 0.813664596273292
20 20 322 0.805
23 22 386 0.7628458498023716
34 50 1349 0.7935294117647059
14 19 245 0.9210526315789473
50 50 1597 0.6388
20 17 262 0.7705882352941176
30 31 677 0.7279569892473118
39 48 1376 0.7350427350427351
39 48 1376 0.7350427350427351
30 33 737 0.7444444444444445
27 25 485 0.7185185185185184
33 38 929 0.7408293460925041
33 38 929 0.7408293460925041
41 42 1161 0.6742160278745645
27 27 539 0.7393689986282579
47 57 1899 0.7088465845464725
6 6 36 1.0
92 142 9494 0.7267299448867116
28 41 938 0.8170731707317073
48 64 2252 0.7330729166666666
52 69 2598 0.7240802675585284
24 35 704 0.8380952380952381
75 100 5222 0.6962666666666667
56 69 2688 0.6956521739130435
51 68 2522 0.7272202998846597
46 52 1651 0.6902173913043478
25 35 722 0.8251428571428571
22 33 621 0.8553719008264462
41 60 1899 0.7719512195121951
40 61 1912 0.7836065573770491
23 37 731 0.8589894242068156
27 35 755 0.798941798941799
11 11 115 0.9504132231404959
54 69 2645 0.7098765432098766
22 30 555 0.8409090909090909
16 23 332 0.9021739130434783
56 59 2128 0.6440677966101694
29 39 900 0.7957559681697612
40 45 1272 0.7066666666666667
29 39 900 0.7957559681697612
63 59 2177 0.5856873822975518
34 54 1485 0.8088235294117647
47 68 2416 0.755944931163955
9 13 116 0.9914529914529915
24 33 656 0.8282828282828283
22 24 423 0.8011363636363636
21 35 644 0.8761904761904762
33 43 1094 0.7709654686398871
18 34 557 0.9101307189542484
12 25 290 0.9666666666666667
33 38 929 0.7408293460925041
19 27 447 0.8713450292397661
38 52 1511 0.7646761133603239
20 29 502 0.8655172413793104
20 27 462 0.8555555555555556
8 15 120 1.0
11 23 247 0.9762845849802371
8 10 80 1.0
40 45 1272 0.7066666666666667
35 43 1127 0.7488372093023257
34 39 975 0.7352941176470588
31 36 840 0.7526881720430108
23 25 455 0.791304347826087
19 23 371 0.8489702517162472
17 22 329 0.8796791443850267
52 61 2182 0.6878940731399747
38 35 865 0.650375939849624
27 32 674 0.7800925925925926
35 50 1372 0.784
43 61 1993 0.7598170034311856
13 14 167 0.9175824175824177
49 60 2079 0.7071428571428572
28 31 658 0.7580645161290323
15 14 182 0.8666666666666666
95 95 5197 0.5758448753462604
53 72 2781 0.7287735849056604
37 39 1008 0.6985446985446985
9 17 152 0.9934640522875817
40 41 1112 0.6780487804878049
52 66 2442 0.7115384615384616
47 52 1664 0.6808510638297872
19 22 352 0.8421052631578948
44 57 1842 0.7344497607655502
25 34 697 0.82
45 54 1727 0.7106995884773663
37 40 1045 0.706081081081081
4 4 16 1.0
41 54 1653 0.7466124661246613
23 31 593 0.8316970546984572
16 22 316 0.8977272727272727
47 51 1617 0.67459324155194
49 61 2128 0.711943793911007
9 11 98 0.98989898989899
38 43 1169 0.715422276621787
16 24 348 0.90625
33 41 1028 0.7597930524759793
37 39 1008 0.6985446985446985
90 92 4877 0.5890096618357488
28 32 686 0.765625
24 29 560 0.8045977011494252
36 42 1106 0.7314814814814815
15 14 182 0.8666666666666666
35 40 1022 0.73
13 17 206 0.9321266968325792
55 64 2392 0.6795454545454546
10 13 127 0.9769230769230769
13 13 154 0.9112426035502958
24 29 560 0.8045977011494252
27 34 728 0.7930283224400871
24 23 416 0.753623188405797
8 10 80 1.0
13 19 232 0.9392712550607287
6 9 54 1.0
29 34 755 0.7657200811359026
21 25 434 0.8266666666666667
17 23 346 0.8849104859335037
26 28 557 0.7651098901098902
9 9 80 0.9876543209876544
24 29 560 0.8045977011494252
36 37 926 0.6951951951951951
29 30 639 0.7344827586206897
22 22 379 0.7830578512396694
34 47 1247 0.7803504380475595
10 11 107 0.9727272727272727
38 45 1245 0.7280701754385965
7 8 56 1.0
19 20 314 0.8263157894736842
42 50 1505 0.7166666666666667
28 34 742 0.7794117647058824
38 49 1397 0.7502685284640171
18 18 269 0.8302469135802469
14 18 231 0.9166666666666666
18 24 377 0.8726851851851851
18 22 341 0.861111111111111
22 25 445 0.8090909090909091
34 44 1145 0.7653743315508023
6 7 42 1.0
15 16 212 0.8833333333333333
19 26 428 0.8663967611336033
17 20 295 0.8676470588235293
17 23 346 0.8849104859335037
41 45 1284 0.6959349593495935
38 41 1093 0.7015404364569962
14 21 273 0.9285714285714286
26 23 427 0.7140468227424749
23 31 593 0.8316970546984572
28 40 910 0.8125
17 19 278 0.8606811145510835
7 9 63 1.0
45 55 1772 0.715959595959596
29 30 639 0.7344827586206897
59 67 2627 0.6645585631166202
57 60 2195 0.6418128654970761
8 6 48 1.0
31 38 902 0.765704584040747
35 48 1302 0.775
39 36 908 0.6467236467236467
48 67 2396 0.7450248756218905
22 29 533 0.835423197492163
85 105 5922 0.6635294117647059
60 70 2822 0.6719047619047619
27 28 566 0.7486772486772486
4 4 16 1.0
42 47 1379 0.698581560283688
3 3 9 1.0
13 18 219 0.9358974358974359
14 22 287 0.9318181818181818
45 60 1997 0.7396296296296296
11 13 137 0.9580419580419581
42 53 1631 0.7327044025157233
16 19 268 0.881578947368421
10 16 157 0.98125
12 15 170 0.9444444444444444
46 65 2249 0.7521739130434782
22 26 467 0.8164335664335665
19 28 466 0.8759398496240601
13 20 245 0.9423076923076923
23 29 547 0.8200899550224888
16 25 364 0.91
29 37 842 0.7847157502329917
20 30 522 0.87
17 32 499 0.9172794117647058
22 25 445 0.8090909090909091
29 39 900 0.7957559681697612
10 14 137 0.9785714285714285
38 54 1587 0.7733918128654971
56 78 3192 0.7307692307692307
14 14 175 0.8928571428571429
26 39 843 0.831360946745562
12 17 194 0.9509803921568628
14 19 245 0.9210526315789473
17 19 278 0.8606811145510835
28 37 826 0.7972972972972973
41 52 1571 0.7368667917448406
29 34 755 0.7657200811359026
14 17 217 0.9117647058823529
22 30 555 0.8409090909090909
44 42 1182 0.6396103896103896
47 64 2228 0.7406914893617021
14 23 301 0.9347826086956522
59 82 3512 0.7259198015708971
45 60 1997 0.7396296296296296
21 28 497 0.8452380952380952
25 34 697 0.82
23 43 869 0.8786653185035389
26 38 817 0.826923076923077
46 62 2111 0.7401823281907434
33 48 1259 0.7948232323232323
23 39 777 0.8662207357859532
36 53 1502 0.7872117400419287
38 50 1435 0.7552631578947369
48 60 2060 0.7152777777777778
13 19 232 0.9392712550607287
7 8 56 1.0
29 39 900 0.7957559681697612
19 26 428 0.8663967611336033
30 37 857 0.7720720720720721
27 25 485 0.7185185185185184
19 20 314 0.8263157894736842
18 17 251 0.8202614379084967
9 9 80 0.9876543209876544
41 42 1161 0.6742160278745645
26 24 453 0.7259615384615384
41 41 1120 0.6662700773349197
16 16 220 0.859375
26 38 817 0.826923076923077
18 21 323 0.8544973544973544
7 10 70 1.0
32 39 948 0.7596153846153846
9 11 98 0.98989898989899
64 79 3460 0.6843354430379747
65 59 2182 0.5689700130378097
48 46 1388 0.6286231884057971
50 46 1397 0.6073913043478261
36 43 1142 0.7377260981912145
26 30 609 0.7807692307692308
14 16 203 0.90625
24 23 416 0.753623188405797
8 9 72 1.0
38 45 1245 0.7280701754385965
81 114 6533 0.7074940437513536
28 41 938 0.8170731707317073
97 130 8605 0.6823949246629659
38 39 1017 0.6862348178137652
99 126 8288 0.6644219977553312
56 67 2576 0.6865671641791045
13 25 310 0.9538461538461539
41 57 1776 0.7599486521181001
22 29 533 0.835423197492163
18 18 269 0.8302469135802469
43 58 1864 0.7473937449879711
18 28 449 0.8908730158730158
40 45 1272 0.7066666666666667
25 26 497 0.7646153846153846
35 47 1267 0.7702127659574469
15 16 212 0.8833333333333333
30 31 677 0.7279569892473118
31 44 1088 0.7976539589442815
9 8 71 0.9861111111111112
29 46 1103 0.8268365817091454
52 59 2078 0.6773142112125162
30 39 917 0.7837606837606838
23 28 524 0.813664596273292
10 19 187 0.9842105263157894
26 26 505 0.7470414201183432
21 38 707 0.8859649122807017
17 16 227 0.8345588235294118
26 36 765 0.8173076923076923
24 33 656 0.8282828282828283
12 17 194 0.9509803921568628
32 37 884 0.7466216216216216
41 39 1038 0.649155722326454
29 34 755 0.7657200811359026
14 18 231 0.9166666666666666
16 21 300 0.8928571428571429
37 34 823 0.6542130365659777
9 10 89 0.9888888888888889
71 90 4374 0.6845070422535211
67 92 4394 0.7128487994808567
37 39 1008 0.6985446985446985
19 28 466 0.8759398496240601
17 19 278 0.8606811145510835
40 47 1352 0.7191489361702127
9 15 134 0.9925925925925926
55 70 2722 0.707012987012987
14 19 245 0.9210526315789473
22 25 445 0.8090909090909091
51 79 3083 0.7652022834450236
79 136 8188 0.7620997766195086
55 81 3327 0.7468013468013468
10 18 177 0.9833333333333333
39 53 1571 0.7600387034349299
18 29 467 0.8946360153256705
33 53 1424 0.8141795311606632
20 33 582 0.8818181818181818
11 13 137 0.9580419580419581
46 60 2019 0.7315217391304347
70 91 4417 0.6934065934065934
22 27 489 0.8232323232323232
35 43 1127 0.7488372093023257
61 89 3998 0.7364155461410941
27 33 701 0.7867564534231201
34 44 1145 0.7653743315508023
7 12 84 1.0
48 66 2348 0.7411616161616161
24 26 488 0.782051282051282
30 34 767 0.7519607843137255
25 33 672 0.8145454545454545
16 13 172 0.8269230769230769
31 49 1243 0.8183015141540486
9 15 134 0.9925925925925926
34 45 1179 0.7705882352941177
34 44 1145 0.7653743315508023
7 8 56 1.0
48 56 1868 0.6949404761904762
34 35 839 0.7050420168067226
19 21 333 0.8345864661654135
15 23 317 0.9188405797101449
26 27 531 0.7564102564102564
47 40 1100 0.5851063829787234
20 24 402 0.8375
33 42 1061 0.7655122655122655
30 30 647 0.7188888888888889
24 32 632 0.8229166666666666
41 47 1366 0.7088738972496108
33 43 1094 0.7709654686398871
17 17 244 0.8442906574394464
38 57 1701 0.7853185595567868
51 73 2777 0.7459038409884502
13 15 180 0.9230769230769231
10 9 87 0.9666666666666666
45 65 2222 0.7596581196581197
10 18 177 0.9833333333333333
23 26 478 0.7993311036789298
48 75 2780 0.7722222222222221
11 12 126 0.9545454545454546
9 9 80 0.9876543209876544
88 120 7320 0.6931818181818182
59 72 2922 0.6878531073446328
27 33 701 0.7867564534231201
54 69 2645 0.7098765432098766
26 28 557 0.7651098901098902
27 24 458 0.70679012345679
30 38 887 0.7780701754385965
15 19 257 0.9017543859649123
59 80 3394 0.7190677966101695
50 55 1847 0.6716363636363636
21 19 308 0.7719298245614035
12 11 122 0.9242424242424242
32 39 948 0.7596153846153846
32 33 756 0.7159090909090909
31 33 747 0.7302052785923754
17 23 346 0.8849104859335037
19 17 257 0.7956656346749227
19 28 466 0.8759398496240601
15 15 197 0.8755555555555555
26 28 557 0.7651098901098902
14 20 259 0.925
46 70 2479 0.7698757763975155
21 31 560 0.8602150537634409
14 14 175 0.8928571428571429
22 24 423 0.8011363636363636
69 112 5837 0.7553053830227743
37 37 934 0.6822498173849525
50 73 2747 0.7526027397260273
12 14 158 0.9404761904761905
39 53 1571 0.7600387034349299
37 48 1341 0.7550675675675675
18 24 377 0.8726851851851851
23 28 524 0.813664596273292
25 31 622 0.8025806451612902
62 82 3599 0.7079071597167584
49 58 1981 0.6970443349753694
31 33 747 0.7302052785923754
13 18 219 0.9358974358974359
33 55 1490 0.8209366391184573
5 8 40 1.0
52 84 3378 0.7733516483516484
35 54 1512 0.8
24 48 1016 0.8819444444444445
33 63 1754 0.8436748436748436
15 18 242 0.8962962962962963
16 21 300 0.8928571428571429
64 86 3908 0.7100290697674418
61 78 3327 0.6992433795712484
64 99 4740 0.7481060606060606
18 24 377 0.8726851851851851
30 41 977 0.794308943089431
41 52 1571 0.7368667917448406
30 41 977 0.794308943089431
23 30 570 0.8260869565217391
54 68 2591 0.7056100217864923
23 29 547 0.8200899550224888
23 29 547 0.8200899550224888
56 66 2520 0.6818181818181818
30 33 737 0.7444444444444445
16 22 316 0.8977272727272727
40 47 1352 0.7191489361702127
20 29 502 0.8655172413793104
23 33 639 0.841897233201581
14 19 245 0.9210526315789473
40 45 1272 0.7066666666666667
20 32 562 0.878125
12 18 206 0.9537037037037037
11 14 148 0.961038961038961
17 25 380 0.8941176470588235
63 69 2807 0.6457326892109501
41 46 1325 0.7025450689289502
41 51 1530 0.7317073170731708
22 28 511 0.8295454545454545
58 57 2031 0.6143375680580762
50 61 2147 0.7039344262295082
30 26 527 0.6756410256410257
30 36 827 0.7657407407407407
32 34 788 0.7242647058823529
20 29 502 0.8655172413793104
19 26 428 0.8663967611336033
44 56 1798 0.7297077922077922
30 47 1157 0.8205673758865248
47 67 2369 0.7523023181962528
86 111 6465 0.6772470144563169
76 99 5178 0.6881977671451356
22 35 665 0.8636363636363636
16 21 300 0.8928571428571429
9 6 53 0.9814814814814815
27 33 701 0.7867564534231201
46 61 2065 0.7359230220955096
44 63 2106 0.7597402597402598
19 16 238 0.7828947368421053
18 18 269 0.8302469135802469
36 45 1214 0.7493827160493827
10 13 127 0.9769230769230769
21 21 350 0.7936507936507937
20 21 342 0.8142857142857144
9 9 80 0.9876543209876544
15 23 317 0.9188405797101449
54 64 2375 0.6872106481481481
27 33 701 0.7867564534231201
14 18 231 0.9166666666666666
8 12 96 1.0
15 16 212 0.8833333333333333
21 33 602 0.8686868686868687
8 14 112 1.0
30 27 557 0.6876543209876543
23 30 570 0.8260869565217391
7 7 49 1.0
26 30 609 0.7807692307692308
19 34 580 0.8978328173374613
23 38 754 0.8627002288329519
21 28 497 0.8452380952380952
22 36 687 0.8674242424242424
15 23 317 0.9188405797101449
17 31 482 0.9146110056925996
14 17 217 0.9117647058823529
53 67 2516 0.7085328076598141
59 68 2686 0.6694915254237288
15 18 242 0.8962962962962963
23 29 547 0.8200899550224888
17 20 295 0.8676470588235293
29 29 610 0.7253269916765755
14 18 231 0.9166666666666666
21 24 413 0.8194444444444445
15 17 227 0.8901960784313725
15 19 257 0.9017543859649123
6 7 42 1.0
52 55 1870 0.6538461538461539
23 29 547 0.8200899550224888
31 43 1057 0.7929482370592648
18 22 341 0.861111111111111
32 38 916 0.7532894736842105
45 46 1367 0.6603864734299517
38 48 1359 0.7450657894736842
46 55 1789 0.7071146245059289
25 31 622 0.8025806451612902
12 15 170 0.9444444444444444
18 22 341 0.861111111111111
33 41 1028 0.7597930524759793
36 47 1286 0.760047281323877
32 32 724 0.70703125
26 37 791 0.8222453222453222
27 37 809 0.8098098098098098
16 21 300 0.8928571428571429
12 18 206 0.9537037037037037
18 27 431 0.8868312757201645
20 25 422 0.8440000000000001
23 36 708 0.855072463768116
56 69 2688 0.6956521739130435
26 37 791 0.8222453222453222
19 26 428 0.8663967611336033
21 22 371 0.8030303030303031
33 47 1226 0.7904577691811734
44 50 1534 0.6972727272727274
13 15 180 0.9230769230769231
24 30 584 0.8111111111111111
25 29 572 0.7889655172413793
10 16 157 0.98125
57 64 2423 0.6641995614035088
15 19 257 0.9017543859649123
24 26 488 0.782051282051282
15 17 227 0.8901960784313725
31 45 1119 0.8021505376344086
78 97 5081 0.6715569653713983
33 40 995 0.7537878787878788
21 21 350 0.7936507936507937
34 51 1383 0.7975778546712803
46 60 2019 0.7315217391304347
12 11 122 0.9242424242424242
27 32 674 0.7800925925925926
25 35 722 0.8251428571428571
18 14 197 0.7817460317460317
30 30 647 0.7188888888888889
41 41 1120 0.6662700773349197
23 21 363 0.7515527950310559
14 15 189 0.9
16 14 188 0.8392857142857143
14 35 469 0.9571428571428572
20 32 562 0.878125
27 44 998 0.8400673400673401
53 72 2781 0.7287735849056604
