15 19 264 0.9263157894736843
4 7 28 1.0
41 47 1399 0.7259989621172808
38 37 971 0.6906116642958748
29 28 602 0.7413793103448275
30 34 789 0.7735294117647059
26 25 497 0.7646153846153847
33 29 657 0.6865203761755486
27 29 612 0.7816091954022989
24 27 528 0.8148148148148148
19 19 306 0.8476454293628809
38 36 933 0.6820175438596492
32 46 1196 0.8125
10 21 209 0.9952380952380951
6 8 48 1.0
49 56 1924 0.7011661807580174
34 37 933 0.7416534181240063
50 69 2589 0.7504347826086957
28 36 818 0.8115079365079365
36 56 1638 0.8125
43 46 1383 0.6991911021233569
28 27 566 0.7486772486772487
48 44 1332 0.6306818181818182
13 16 198 0.9519230769230769
8 9 72 1.0
37 42 1148 0.7387387387387387
48 57 1956 0.7149122807017544
21 24 426 0.8452380952380952
42 48 1455 0.7217261904761906
18 21 333 0.8809523809523809
34 35 865 0.726890756302521
19 21 344 0.8621553884711779
38 42 1161 0.7274436090225564
39 40 1095 0.7019230769230769
15 21 294 0.9333333333333333
4 8 32 1.0
74 82 3923 0.6465062623599209
35 37 944 0.728957528957529
47 59 2032 0.7327803822574828
36 48 1350 0.78125
51 54 1851 0.6721132897603487
32 30 684 0.7125
36 46 1278 0.7717391304347826
23 30 585 0.8478260869565217
13 14 172 0.945054945054945
4 7 28 1.0
14 15 195 0.9285714285714286
32 40 1004 0.784375
41 50 1522 0.742439024390244
27 33 720 0.8080808080808081
27 31 666 0.7956989247311829
31 35 832 0.7668202764976959
43 55 1770 0.748414376321353
40 34 864 0.6352941176470589
60 58 2154 0.6189655172413793
27 38 855 0.8333333333333334
34 36 899 0.7344771241830066
16 17 244 0.8970588235294118
19 22 363 0.8684210526315789
33 32 756 0.7159090909090909
30 28 609 0.725
35 37 944 0.728957528957529
13 16 198 0.9519230769230769
52 65 2434 0.7201183431952662
59 80 3445 0.7298728813559322
28 33 734 0.7943722943722944
40 47 1384 0.7361702127659575
58 70 2835 0.6982758620689655
42 54 1707 0.7526455026455027
53 62 2296 0.6987218502738892
38 45 1275 0.7456140350877193
21 30 552 0.8761904761904762
40 68 2224 0.8176470588235294
41 48 1440 0.7317073170731708
55 58 2109 0.661128526645768
27 30 639 0.788888888888889
100 123 8114 0.6596747967479675
10 13 129 0.9923076923076923
23 29 562 0.8425787106446777
6 9 54 1.0
32 45 1164 0.8083333333333333
20 20 334 0.835
21 26 468 0.8571428571428571
20 29 514 0.8862068965517241
25 32 664 0.83
17 22 338 0.9037433155080214
60 95 4374 0.7673684210526316
34 45 1205 0.7875816993464052
21 28 510 0.8673469387755102
24 35 720 0.8571428571428571
29 29 631 0.7502972651605231
52 62 2278 0.706575682382134
46 72 2609 0.7877415458937198
33 29 657 0.6865203761755486
18 28 459 0.9107142857142857
50 60 2139 0.713
24 30 600 0.8333333333333334
22 26 481 0.8409090909090909
28 28 594 0.7576530612244898
43 62 2071 0.7768192048012003
15 21 294 0.9333333333333333
52 59 2122 0.6916558018252933
23 20 355 0.7717391304347826
33 32 756 0.7159090909090909
42 48 1455 0.7217261904761906
42 52 1623 0.7431318681318682
30 36 849 0.7861111111111111
32 28 620 0.6919642857142857
33 41 1053 0.7782705099778271
34 41 1069 0.766857962697274
53 53 1819 0.647561409754361
30 33 759 0.7666666666666667
56 69 2736 0.7080745341614907
6 7 42 1.0
95 148 10319 0.7339260312944523
33 49 1317 0.8144712430426716
53 67 2561 0.7212052942833005
52 70 2694 0.7401098901098901
24 36 744 0.8611111111111112
76 101 5398 0.7032308494007296
56 75 3072 0.7314285714285714
53 73 2879 0.7441199276298786
47 53 1750 0.7025291047771979
28 36 818 0.8115079365079365
22 33 635 0.8746556473829201
41 61 1973 0.7888844462215114
40 65 2104 0.8092307692307692
23 38 769 0.8798627002288328
27 38 855 0.8333333333333334
11 11 118 0.9752066115702479
58 75 3125 0.7183908045977012
28 36 818 0.8115079365079365
19 24 401 0.8793859649122807
72 77 3528 0.6363636363636364
35 45 1224 0.777142857142857
48 60 2100 0.7291666666666666
30 41 999 0.8121951219512195
77 83 4045 0.632921295571898
40 57 1784 0.7824561403508772
61 91 4173 0.7517564402810305
10 14 139 0.9928571428571429
28 36 818 0.8115079365079365
24 26 504 0.8076923076923077
26 38 835 0.8451417004048583
38 47 1351 0.7564389697648377
21 36 678 0.8968253968253967
20 29 514 0.8862068965517241
47 48 1515 0.6715425531914893
24 28 552 0.8214285714285714
45 59 1989 0.7491525423728814
24 31 624 0.8387096774193549
26 31 653 0.8101736972704715
15 20 279 0.93
18 26 423 0.9038461538461539
8 11 88 1.0
44 54 1746 0.7348484848484849
38 46 1313 0.7511441647597255
34 41 1069 0.766857962697274
36 43 1170 0.7558139534883721
29 31 689 0.7664071190211346
19 25 420 0.8842105263157894
17 23 355 0.907928388746803
59 68 2737 0.6822033898305084
39 36 939 0.6688034188034188
27 32 693 0.8020833333333334
35 52 1469 0.807142857142857
43 61 2028 0.7731605032405642
14 16 209 0.9330357142857143
51 70 2667 0.7470588235294118
30 35 819 0.78
16 18 260 0.9027777777777778
98 104 6187 0.6070447409733124
54 74 2961 0.740990990990991
37 40 1074 0.7256756756756757
10 18 179 0.9944444444444444
46 50 1597 0.6943478260869566
61 67 2709 0.6628333741130413
50 57 1989 0.6978947368421052
19 22 363 0.8684210526315789
45 59 1989 0.7491525423728814
27 34 747 0.8137254901960784
50 63 2289 0.7266666666666667
43 40 1125 0.6540697674418604
5 5 25 1.0
42 61 2001 0.7810304449648713
24 33 672 0.8484848484848485
16 22 324 0.9204545454545454
51 51 1698 0.6528258362168398
49 62 2218 0.7300855826201448
16 13 180 0.8653846153846154
42 55 1749 0.7571428571428572
20 27 474 0.8777777777777778
42 46 1371 0.7096273291925467
42 49 1497 0.7274052478134111
100 112 7014 0.62625
36 46 1278 0.7717391304347826
32 36 876 0.7604166666666666
43 51 1598 0.7286821705426356
17 17 253 0.8754325259515571
40 46 1344 0.7304347826086957
14 18 237 0.9404761904761904
66 81 3693 0.6907968574635241
13 16 198 0.9519230769230769
13 13 159 0.9408284023668638
32 41 1036 0.7896341463414634
29 36 834 0.7988505747126436
24 23 432 0.782608695652174
9 10 90 1.0
17 21 321 0.8991596638655462
6 10 60 1.0
30 34 789 0.7735294117647059
21 25 447 0.8514285714285714
18 25 405 0.9
27 28 585 0.7738095238095238
10 10 99 0.99
25 34 714 0.84
38 39 1047 0.7064777327935223
30 32 729 0.759375
25 23 439 0.7634782608695652
43 53 1684 0.7389205792014041
10 12 119 0.9916666666666667
43 51 1598 0.7286821705426356
7 10 70 1.0
20 22 374 0.85
48 54 1812 0.6990740740740741
32 36 876 0.7604166666666666
44 54 1746 0.7348484848484849
22 24 437 0.8276515151515151
21 20 342 0.8142857142857143
19 28 477 0.8966165413533834
22 23 415 0.8201581027667985
25 28 564 0.8057142857142857
35 46 1259 0.7819875776397515
9 8 72 1.0
16 16 228 0.890625
21 27 489 0.8624338624338624
19 23 382 0.8741418764302059
19 26 439 0.888663967611336
44 51 1614 0.7192513368983957
40 43 1224 0.7116279069767443
17 23 355 0.907928388746803
35 32 769 0.6866071428571429
27 35 774 0.8190476190476191
30 43 1059 0.8209302325581395
18 20 315 0.875
8 9 72 1.0
48 60 2100 0.7291666666666666
32 31 716 0.7217741935483871
79 87 4388 0.638440273534119
64 74 3196 0.674831081081081
9 8 72 1.0
39 47 1368 0.7463175122749591
46 57 1919 0.7318840579710145
42 38 1035 0.6484962406015038
55 78 3209 0.748018648018648
25 30 614 0.8186666666666667
103 123 8204 0.6475649222511642
70 84 3989 0.6784013605442177
30 33 759 0.7666666666666667
5 5 25 1.0
50 49 1589 0.6485714285714286
3 3 9 1.0
15 19 264 0.9263157894736843
15 25 354 0.9440000000000001
48 69 2532 0.7644927536231884
11 18 195 0.9848484848484849
42 54 1707 0.7526455026455027
18 23 369 0.8913043478260869
10 16 159 0.99375
12 15 174 0.9666666666666667
46 66 2333 0.7684453227931489
22 26 481 0.8409090909090909
20 29 514 0.8862068965517241
13 20 250 0.9615384615384615
27 31 666 0.7956989247311829
16 25 372 0.93
30 38 909 0.7973684210526316
20 30 534 0.89
17 35 559 0.9394957983193277
25 28 564 0.8057142857142857
43 49 1512 0.7176079734219268
12 16 186 0.96875
42 63 2085 0.7879818594104309
66 91 4353 0.7247752247752247
18 16 243 0.84375
28 43 1014 0.8421926910299004
14 22 293 0.9512987012987012
14 20 265 0.9464285714285714
19 29 496 0.9001814882032668
31 49 1266 0.8334430546412113
43 59 1942 0.7654710287741426
31 36 863 0.7732974910394266
15 20 279 0.93
24 32 648 0.84375
45 47 1449 0.6851063829787235
51 74 2871 0.760731319554849
14 23 307 0.953416149068323
64 88 4092 0.7265625
45 63 2169 0.7650793650793651
22 30 569 0.8621212121212121
26 35 757 0.8318681318681319
35 48 1329 0.7910714285714285
31 40 987 0.7959677419354839
51 67 2514 0.7357330992098332
35 49 1364 0.7953352769679299
26 39 861 0.8491124260355029
39 57 1758 0.7908232118758435
42 50 1539 0.7328571428571429
50 61 2189 0.7177049180327869
13 19 237 0.9595141700404858
7 10 70 1.0
34 47 1273 0.7966207759699624
22 31 591 0.8665689149560117
30 37 879 0.7918918918918919
29 28 602 0.7413793103448275
21 22 384 0.8311688311688311
22 22 393 0.8119834710743802
9 9 81 1.0
48 50 1620 0.675
30 29 639 0.7344827586206897
42 46 1371 0.7096273291925467
16 18 260 0.9027777777777778
29 40 950 0.8189655172413793
18 21 333 0.8809523809523809
7 10 70 1.0
40 41 1144 0.6975609756097562
10 13 129 0.9923076923076923
73 90 4490 0.6834094368340944
73 83 3979 0.6567090278923915
53 72 2826 0.7405660377358491
63 77 3366 0.6938775510204082
44 59 1966 0.7573189522342064
32 46 1196 0.8125
15 18 249 0.9222222222222223
28 29 622 0.7660098522167488
8 9 72 1.0
39 47 1368 0.7463175122749591
86 118 7145 0.7040796216003153
31 42 1049 0.8056835637480798
101 143 10165 0.7038011493457038
39 40 1095 0.7019230769230769
106 136 9663 0.6702968923418424
57 69 2757 0.7009916094584288
25 34 714 0.84
42 60 1959 0.7773809523809524
25 33 689 0.8351515151515151
19 21 344 0.8621553884711779
50 75 2889 0.7704
18 28 459 0.9107142857142857
41 50 1522 0.742439024390244
27 26 531 0.7564102564102565
36 47 1314 0.776595744680851
16 18 260 0.9027777777777778
32 38 940 0.7730263157894737
34 45 1205 0.7875816993464052
11 8 85 0.9659090909090909
30 48 1209 0.8395833333333332
54 64 2421 0.7005208333333334
31 44 1111 0.814516129032258
26 28 575 0.7898351648351649
14 20 265 0.9464285714285714
28 29 622 0.7660098522167488
26 42 939 0.8598901098901098
19 16 249 0.819078947368421
31 37 894 0.7794245858761988
24 33 672 0.8484848484848485
12 19 222 0.9736842105263158
32 44 1132 0.8039772727272727
43 48 1469 0.7117248062015503
30 39 939 0.8025641025641026
14 19 251 0.9436090225563909
16 23 340 0.9239130434782609
37 38 1000 0.7112375533428166
9 11 99 1.0
78 105 5775 0.7051282051282051
74 107 5773 0.7290982571356404
40 44 1264 0.7181818181818183
23 32 631 0.8573369565217391
19 23 382 0.8741418764302059
41 47 1399 0.7259989621172808
11 18 195 0.9848484848484849
57 78 3270 0.7354925775978408
14 20 265 0.9464285714285714
22 25 459 0.8345454545454545
55 85 3594 0.7687700534759359
96 152 10764 0.7376644736842105
63 96 4563 0.7544642857142857
12 19 222 0.9736842105263158
48 64 2292 0.74609375
24 38 792 0.868421052631579
40 62 1984 0.8
21 33 615 0.8874458874458874
13 15 185 0.9487179487179487
55 70 2769 0.7192207792207792
77 95 4969 0.6792891319207109
24 27 528 0.8148148148148148
35 46 1259 0.7819875776397515
77 115 6509 0.7350649350649351
31 36 863 0.7732974910394266
37 52 1518 0.7889812889812889
10 18 179 0.9944444444444444
54 82 3393 0.766260162601626
27 33 720 0.8080808080808081
36 46 1278 0.7717391304347826
33 43 1119 0.788583509513742
24 20 360 0.75
37 61 1851 0.8201151971643774
13 22 276 0.965034965034965
41 52 1604 0.7523452157598499
43 56 1813 0.752906976744186
11 9 96 0.9696969696969696
51 63 2310 0.7189542483660131
36 38 990 0.7236842105263158
23 25 470 0.8173913043478261
16 25 372 0.93
32 36 876 0.7604166666666666
49 41 1189 0.5918367346938775
22 25 459 0.8345454545454545
38 51 1503 0.7755417956656347
33 32 756 0.7159090909090909
27 36 801 0.8240740740740741
43 50 1555 0.7232558139534884
36 48 1350 0.78125
17 19 287 0.8885448916408669
45 74 2664 0.8
59 82 3563 0.736461347664324
13 16 198 0.9519230769230769
10 11 109 0.990909090909091
46 67 2379 0.7719013627514602
10 18 179 0.9944444444444444
31 35 832 0.7668202764976959
49 79 3051 0.7881684319297338
13 15 185 0.9487179487179487
9 9 81 1.0
96 125 8172 0.681
62 80 3529 0.711491935483871
29 35 805 0.793103448275862
57 75 3099 0.7249122807017544
28 30 650 0.7738095238095238
28 24 482 0.7172619047619048
31 39 956 0.7907361455748553
15 20 279 0.93
62 88 4025 0.7377199413489737
51 65 2412 0.7276018099547512
21 22 384 0.8311688311688311
13 15 185 0.9487179487179487
32 44 1132 0.8039772727272727
33 38 954 0.7607655502392344
31 37 894 0.7794245858761988
18 28 459 0.9107142857142857
21 25 447 0.8514285714285714
19 30 515 0.9035087719298246
16 20 292 0.9125
27 38 855 0.8333333333333334
17 26 406 0.9185520361990951
54 83 3447 0.7690763052208835
25 33 689 0.8351515151515151
14 15 195 0.9285714285714286
22 24 437 0.8276515151515151
84 131 8154 0.7410032715376227
44 45 1350 0.6818181818181819
61 88 3990 0.7432935916542474
13 17 211 0.9547511312217194
51 70 2667 0.7470588235294118
43 61 2028 0.7731605032405642
21 27 489 0.8624338624338624
27 33 720 0.8080808080808081
35 40 1049 0.7492857142857143
77 89 4507 0.6576681745221071
54 63 2367 0.6957671957671958
33 36 888 0.7474747474747475
17 19 287 0.8885448916408669
37 57 1703 0.8074917022285443
6 9 54 1.0
62 89 4087 0.7406669083001087
39 57 1758 0.7908232118758435
27 49 1152 0.8707482993197279
48 71 2628 0.7711267605633803
15 18 249 0.9222222222222223
17 21 321 0.8991596638655462
64 91 4284 0.7355769230769231
61 78 3380 0.7103825136612022
65 100 4904 0.7544615384615385
18 24 387 0.8958333333333334
31 42 1049 0.8056835637480798
42 53 1665 0.747978436657682
30 46 1149 0.8326086956521739
26 33 705 0.8216783216783217
55 69 2714 0.7151515151515151
23 31 608 0.85273492286115
23 29 562 0.8425787106446777
63 69 2862 0.6583850931677019
30 34 789 0.7735294117647059
19 23 382 0.8741418764302059
41 50 1522 0.742439024390244
20 30 534 0.89
23 35 700 0.8695652173913043
14 19 251 0.9436090225563909
42 45 1329 0.7031746031746031
20 34 614 0.9029411764705882
12 18 210 0.9722222222222222
11 15 162 0.9818181818181818
18 25 405 0.9
66 83 3825 0.6982475355969332
41 47 1399 0.7259989621172808
44 55 1790 0.7396694214876033
24 33 672 0.8484848484848485
61 64 2526 0.6470286885245902
52 69 2642 0.7363433667781494
31 31 708 0.736732570239334
34 40 1035 0.7610294117647058
32 47 1228 0.8164893617021277
21 30 552 0.8761904761904762
22 28 525 0.8522727272727273
50 61 2189 0.7177049180327869
38 53 1579 0.7840119165839127
56 70 2792 0.7122448979591837
94 121 7719 0.6786530684016178
93 108 6474 0.6445639187574671
27 40 909 0.8416666666666666
19 21 344 0.8621553884711779
12 8 90 0.9375
34 45 1205 0.7875816993464052
54 69 2691 0.7222222222222222
51 77 3024 0.770053475935829
20 19 314 0.8263157894736842
22 21 371 0.803030303030303
42 66 2211 0.7976190476190477
12 20 234 0.975
25 33 689 0.8351515151515151
26 33 705 0.8216783216783217
10 12 119 0.9916666666666667
16 25 372 0.93
55 70 2769 0.7192207792207792
28 39 902 0.8260073260073261
14 21 279 0.9489795918367346
12 13 150 0.9615384615384616
16 21 308 0.9166666666666666
24 38 792 0.868421052631579
11 16 173 0.9829545454545454
33 35 855 0.7402597402597403
23 35 700 0.8695652173913043
8 9 72 1.0
27 37 828 0.8288288288288289
21 39 741 0.9047619047619048
26 41 913 0.8564727954971857
23 30 585 0.8478260869565217
24 36 744 0.8611111111111112
20 27 474 0.8777777777777778
21 34 636 0.8907563025210083
16 19 276 0.9078947368421053
67 78 3515 0.672598545732874
68 78 3534 0.666289592760181
15 18 249 0.9222222222222223
25 33 689 0.8351515151515151
17 20 304 0.8941176470588236
30 31 699 0.7516129032258064
21 22 384 0.8311688311688311
24 39 816 0.8717948717948718
22 21 371 0.803030303030303
19 23 382 0.8741418764302059
6 8 48 1.0
75 66 2739 0.5533333333333333
35 41 1084 0.7554006968641115
42 52 1623 0.7431318681318682
24 28 552 0.8214285714285714
35 42 1119 0.7612244897959184
52 49 1602 0.6287284144427001
45 51 1629 0.7098039215686275
53 58 2084 0.6779440468445024
35 41 1084 0.7554006968641115
15 19 264 0.9263157894736843
29 35 805 0.793103448275862
40 48 1424 0.7416666666666667
44 52 1658 0.7246503496503496
37 37 963 0.7034331628926224
34 44 1171 0.7827540106951871
32 44 1132 0.8039772727272727
17 25 389 0.9152941176470588
13 19 237 0.9595141700404858
19 28 477 0.8966165413533834
20 26 454 0.8730769230769231
24 37 768 0.8648648648648649
66 88 4155 0.715392561983471
30 41 999 0.8121951219512195
19 26 439 0.888663967611336
28 31 678 0.7811059907834101
37 50 1444 0.7805405405405405
52 57 2018 0.6808367071524966
13 19 237 0.9595141700404858
28 34 762 0.8004201680672269
27 34 747 0.8137254901960784
13 18 224 0.9572649572649572
61 71 2953 0.6818286769799122
15 20 279 0.93
26 32 679 0.8161057692307693
16 20 292 0.9125
31 46 1173 0.8225806451612903
89 104 6016 0.6499567847882454
41 47 1399 0.7259989621172808
24 24 456 0.7916666666666666
41 55 1727 0.7658536585365854
47 61 2126 0.7415416811998604
15 17 234 0.9176470588235294
32 41 1036 0.7896341463414634
38 45 1275 0.7456140350877193
19 21 344 0.8621553884711779
34 39 1001 0.7549019607843137
51 57 2004 0.6893704850361198
28 28 594 0.7576530612244898
16 17 244 0.8970588235294118
17 16 236 0.8676470588235294
22 40 789 0.8965909090909092
22 33 635 0.8746556473829201
34 48 1307 0.8008578431372548
58 79 3357 0.7326494980357923
