13 13 148 0.8757396449704142
4 6 24 1.0
33 36 837 0.7045454545454546
29 28 559 0.688423645320197
26 24 434 0.6955128205128206
19 23 359 0.8215102974828375
22 18 276 0.6969696969696969
32 27 539 0.6238425925925926
23 20 324 0.7043478260869566
16 21 291 0.8660714285714286
14 15 182 0.8666666666666667
31 27 537 0.6415770609318997
27 38 816 0.7953216374269005
9 19 168 0.9824561403508772
6 6 36 1.0
45 50 1509 0.6706666666666666
25 24 429 0.715
46 55 1750 0.691699604743083
27 34 708 0.7712418300653594
34 51 1356 0.7820069204152249
33 35 804 0.6961038961038961
27 27 519 0.7119341563786008
41 42 1127 0.6544715447154472
11 15 155 0.9393939393939394
6 8 48 1.0
34 38 914 0.7074303405572756
40 52 1519 0.7302884615384616
20 23 369 0.8021739130434782
37 44 1163 0.7143734643734644
15 18 234 0.8666666666666667
30 30 624 0.6933333333333334
17 21 302 0.84593837535014
36 39 969 0.6901709401709402
31 37 847 0.7384481255448998
10 14 134 0.9571428571428572
4 7 28 1.0
60 62 2289 0.6153225806451613
31 29 599 0.6662958843159066
37 47 1274 0.7326049453709029
33 39 936 0.7272727272727273
39 42 1110 0.6776556776556776
29 27 530 0.6768837803320561
30 42 984 0.7809523809523808
22 25 430 0.7818181818181819
10 13 124 0.9538461538461539
4 6 24 1.0
11 14 144 0.9350649350649352
30 37 834 0.7513513513513513
34 38 914 0.7074303405572756
25 28 529 0.7557142857142857
25 26 479 0.7369230769230769
26 29 564 0.7480106100795756
40 50 1439 0.7195
37 32 719 0.6072635135135135
49 50 1547 0.6314285714285715
22 30 540 0.8181818181818182
29 30 617 0.7091954022988506
15 16 204 0.85
18 20 294 0.8166666666666667
31 30 630 0.6774193548387097
27 26 492 0.7008547008547008
31 32 692 0.6975806451612904
13 14 161 0.8846153846153847
51 57 1917 0.6594427244582043
59 72 2870 0.6756120527306968
28 29 581 0.7155172413793104
40 39 999 0.6403846153846154
55 60 2124 0.6436363636363637
41 47 1332 0.6912298910223144
51 56 1866 0.6533613445378151
36 41 1041 0.7052845528455285
19 27 435 0.847953216374269
38 65 1974 0.7991902834008097
41 48 1373 0.6976626016260162
51 54 1764 0.6405228758169934
27 30 600 0.7407407407407407
91 110 6440 0.6433566433566434
10 12 114 0.9500000000000001
21 25 420 0.8
6 8 48 1.0
27 38 816 0.7953216374269005
16 16 211 0.82421875
21 26 441 0.8076923076923077
20 28 469 0.8375
21 27 462 0.8148148148148148
16 19 259 0.8519736842105263
51 76 2886 0.7445820433436532
24 36 711 0.8229166666666666
18 24 366 0.8472222222222222
23 29 531 0.7961019490254873
23 24 416 0.753623188405797
44 44 1233 0.6368801652892562
35 55 1519 0.7890909090909091
29 27 530 0.6768837803320561
15 18 234 0.8666666666666667
49 56 1841 0.6709183673469388
23 28 508 0.7888198757763975
20 20 309 0.7725
23 22 370 0.7312252964426876
34 50 1322 0.7776470588235295
14 19 238 0.8947368421052632
50 50 1554 0.6215999999999999
20 17 249 0.7323529411764705
30 31 654 0.7032258064516129
39 48 1344 0.717948717948718
39 48 1344 0.717948717948718
30 33 714 0.7212121212121212
27 25 465 0.6888888888888889
33 38 903 0.7200956937799043
33 38 903 0.7200956937799043
41 42 1127 0.6544715447154472
27 27 519 0.7119341563786008
47 57 1859 0.6939156401642403
6 6 36 1.0
92 142 9409 0.7202235150030618
28 41 917 0.7987804878048781
48 64 2211 0.7197265625
52 69 2553 0.7115384615384616
24 35 687 0.8178571428571428
75 100 5154 0.6872
56 69 2639 0.6829710144927537
51 68 2478 0.7145328719723183
46 52 1612 0.6739130434782609
25 35 704 0.8045714285714286
22 33 606 0.8347107438016529
41 60 1865 0.7581300813008129
40 61 1879 0.7700819672131147
23 37 715 0.8401880141010576
27 35 735 0.7777777777777778
11 11 111 0.9173553719008265
54 69 2598 0.6972624798711756
22 30 540 0.8181818181818182
16 23 323 0.8777173913043478
56 59 2079 0.6292372881355932
29 39 878 0.7763041556145004
40 45 1239 0.6883333333333334
29 39 878 0.7763041556145004
63 59 2121 0.5706214689265536
34 54 1458 0.7941176470588235
47 68 2376 0.7434292866082604
9 13 114 0.9743589743589743
24 33 639 0.8068181818181818
22 24 408 0.7727272727272728
21 35 630 0.8571428571428571
33 43 1068 0.7526427061310783
18 34 546 0.892156862745098
12 25 285 0.95
33 38 903 0.7200956937799043
19 27 435 0.847953216374269
38 52 1480 0.7489878542510121
20 29 489 0.843103448275862
20 27 449 0.8314814814814815
8 15 119 0.9916666666666667
11 23 243 0.9604743083003953
8 10 79 0.9875
40 45 1239 0.6883333333333334
35 43 1099 0.7302325581395348
34 39 948 0.7149321266968326
31 36 816 0.7311827956989247
23 25 439 0.7634782608695652
19 23 359 0.8215102974828375
17 22 319 0.8529411764705883
52 61 2137 0.6737074401008827
38 35 834 0.6270676691729323
27 32 654 0.7569444444444444
35 50 1344 0.768
43 61 1957 0.7460922607701105
13 14 161 0.8846153846153847
49 60 2037 0.6928571428571428
28 31 637 0.7338709677419355
15 14 174 0.8285714285714285
95 95 5109 0.5660941828254847
53 72 2735 0.7167190775681341
37 39 978 0.6777546777546777
9 17 150 0.9803921568627452
40 41 1079 0.6579268292682927
52 66 2397 0.6984265734265734
47 52 1624 0.6644844517184942
19 22 340 0.8133971291866029
44 57 1805 0.7196969696969697
25 34 679 0.7988235294117647
45 54 1689 0.6950617283950616
37 40 1015 0.6858108108108107
4 4 16 1.0
41 54 1619 0.7312556458897922
23 31 577 0.8092566619915849
16 22 307 0.8721590909090909
47 51 1577 0.6579057154776804
49 61 2086 0.6978922716627635
9 11 96 0.9696969696969696
38 43 1138 0.6964504283965728
16 24 339 0.8828125
33 41 1002 0.7405764966740577
37 39 978 0.6777546777546777
90 92 4794 0.5789855072463768
28 32 665 0.7421875
24 29 543 0.7801724137931034
36 42 1077 0.7123015873015873
15 14 174 0.8285714285714285
35 40 994 0.71
13 17 200 0.9049773755656109
55 64 2344 0.6659090909090909
10 13 124 0.9538461538461539
13 13 148 0.8757396449704142
24 29 543 0.7801724137931034
27 34 708 0.7712418300653594
24 23 399 0.7228260869565217
8 10 79 0.9875
13 19 226 0.9149797570850202
6 9 54 1.0
29 34 733 0.7434077079107505
21 25 420 0.8
17 23 336 0.8593350383631714
26 28 538 0.739010989010989
9 9 78 0.9629629629629629
24 29 543 0.7801724137931034
36 37 897 0.6734234234234234
29 30 617 0.7091954022988506
22 22 364 0.7520661157024794
34 47 1220 0.7634543178973717
10 11 104 0.9454545454545454
38 45 1214 0.7099415204678362
7 8 56 1.0
19 20 302 0.7947368421052632
42 50 1470 0.7
28 34 721 0.7573529411764706
38 49 1366 0.7336197636949516
18 18 258 0.7962962962962963
14 18 224 0.8888888888888888
18 24 366 0.8472222222222222
18 22 330 0.8333333333333333
22 25 430 0.7818181818181819
34 44 1118 0.7473262032085561
6 7 42 1.0
15 16 204 0.85
19 26 416 0.8421052631578948
17 20 285 0.8382352941176471
17 23 336 0.8593350383631714
41 45 1250 0.6775067750677507
38 41 1062 0.6816431322207959
14 21 266 0.9047619047619048
26 23 408 0.6822742474916388
23 31 577 0.8092566619915849
28 40 889 0.79375
17 19 268 0.8297213622291022
7 9 63 1.0
45 55 1734 0.7006060606060606
29 30 617 0.7091954022988506
59 67 2575 0.6514039969643308
57 60 2145 0.6271929824561403
8 6 47 0.9791666666666666
31 38 878 0.7453310696095077
35 48 1274 0.7583333333333333
39 36 876 0.6239316239316239
48 67 2355 0.7322761194029851
22 29 518 0.8119122257053292
85 105 5844 0.6547899159663866
60 70 2769 0.6592857142857143
27 28 546 0.7222222222222222
4 4 16 1.0
42 47 1344 0.6808510638297872
3 3 9 1.0
13 18 213 0.9102564102564101
14 22 280 0.9090909090909091
45 60 1959 0.7255555555555555
11 13 133 0.9300699300699301
42 53 1596 0.7169811320754716
16 19 259 0.8519736842105263
10 16 154 0.9625
12 15 165 0.9166666666666666
46 65 2210 0.7391304347826086
22 26 452 0.7902097902097902
19 28 454 0.8533834586466166
13 20 239 0.9192307692307692
23 29 531 0.7961019490254873
16 25 355 0.8875
29 37 820 0.7642124883504193
20 30 509 0.8483333333333333
17 32 489 0.8988970588235294
22 25 430 0.7818181818181819
29 39 878 0.7763041556145004
10 14 134 0.9571428571428572
38 54 1556 0.7582846003898636
56 78 3143 0.719551282051282
14 14 168 0.8571428571428571
26 39 824 0.8126232741617357
12 17 189 0.9264705882352942
14 19 238 0.8947368421052632
17 19 268 0.8297213622291022
28 37 805 0.777027027027027
41 52 1537 0.7209193245778611
29 34 733 0.7434077079107505
14 17 210 0.8823529411764706
22 30 540 0.8181818181818182
44 42 1145 0.6195887445887446
47 64 2188 0.7273936170212766
14 23 294 0.9130434782608695
59 82 3460 0.7151715584952459
45 60 1959 0.7255555555555555
21 28 483 0.8214285714285714
25 34 679 0.7988235294117647
23 43 853 0.8624873609706775
26 38 798 0.8076923076923077
46 62 2072 0.7265077138849929
33 48 1233 0.7784090909090909
23 39 761 0.8483835005574136
36 53 1473 0.7720125786163522
38 50 1404 0.7389473684210526
48 60 2019 0.7010416666666667
13 19 226 0.9149797570850202
7 8 56 1.0
29 39 878 0.7763041556145004
19 26 416 0.8421052631578948
30 37 834 0.7513513513513513
27 25 465 0.6888888888888889
19 20 302 0.7947368421052632
18 17 240 0.7843137254901961
9 9 78 0.9629629629629629
41 42 1127 0.6544715447154472
26 24 434 0.6955128205128206
41 41 1086 0.646044021415824
16 16 211 0.82421875
26 38 798 0.8076923076923077
18 21 312 0.8253968253968254
7 10 70 1.0
32 39 923 0.7395833333333334
9 11 96 0.9696969696969696
64 79 3403 0.6730617088607594
65 59 2124 0.5538461538461538
48 46 1347 0.6100543478260869
50 46 1354 0.588695652173913
36 43 1113 0.7189922480620156
26 30 590 0.7564102564102565
14 16 196 0.875
24 23 399 0.7228260869565217
8 9 71 0.9861111111111112
38 45 1214 0.7099415204678362
81 114 6459 0.6994801819363223
28 41 917 0.7987804878048781
97 130 8515 0.6752577319587628
38 39 986 0.6653171390013495
99 126 8196 0.657046657046657
56 67 2527 0.6735074626865671
13 25 304 0.9353846153846154
41 57 1742 0.7454000855798031
22 29 518 0.8119122257053292
18 18 258 0.7962962962962963
43 58 1828 0.7329591018444266
18 28 438 0.869047619047619
40 45 1239 0.6883333333333334
25 26 479 0.7369230769230769
35 47 1239 0.7531914893617021
15 16 204 0.85
30 31 654 0.7032258064516129
31 44 1064 0.7800586510263929
9 8 69 0.9583333333333334
29 46 1081 0.8103448275862069
52 59 2033 0.6626466753585398
30 39 894 0.7641025641025642
23 28 508 0.7888198757763975
10 19 184 0.9684210526315788
26 26 486 0.7189349112426036
21 38 693 0.868421052631579
17 16 217 0.7977941176470589
26 36 746 0.7970085470085471
24 33 639 0.8068181818181818
12 17 189 0.9264705882352942
32 37 859 0.7255067567567568
41 39 1004 0.6278924327704816
29 34 733 0.7434077079107505
14 18 224 0.8888888888888888
16 21 291 0.8660714285714286
37 34 793 0.6303656597774244
9 10 87 0.9666666666666666
71 90 4310 0.674491392801252
67 92 4334 0.7031148604802077
37 39 978 0.6777546777546777
19 28 454 0.8533834586466166
17 19 268 0.8297213622291022
40 47 1319 0.7015957446808511
9 15 132 0.9777777777777777
55 70 2674 0.6945454545454546
14 19 238 0.8947368421052632
22 25 430 0.7818181818181819
51 79 3039 0.7542814594192107
79 136 8116 0.7553983618763961
55 81 3279 0.736026936026936
10 18 174 0.9666666666666666
39 53 1539 0.7445573294629898
18 29 456 0.8735632183908045
33 53 1398 0.7993138936535163
20 33 569 0.8621212121212121
11 13 133 0.9300699300699301
46 60 1980 0.717391304347826
70 91 4354 0.6835164835164835
22 27 474 0.797979797979798
35 43 1099 0.7302325581395348
61 89 3944 0.7264689629766071
27 33 681 0.7643097643097643
34 44 1118 0.7473262032085561
7 12 84 1.0
48 66 2307 0.728219696969697
24 26 471 0.7548076923076923
30 34 744 0.7294117647058824
25 33 654 0.7927272727272727
16 13 163 0.7836538461538461
31 49 1219 0.8025016458196181
9 15 132 0.9777777777777777
34 45 1152 0.7529411764705882
34 44 1118 0.7473262032085561
7 8 56 1.0
48 56 1827 0.6796875
34 35 812 0.6823529411764706
19 21 321 0.8045112781954887
15 23 309 0.8956521739130435
26 27 512 0.7293447293447294
47 40 1060 0.5638297872340425
20 24 389 0.8104166666666667
33 42 1035 0.7467532467532467
30 30 624 0.6933333333333334
24 32 615 0.80078125
41 47 1332 0.6912298910223144
33 43 1068 0.7526427061310783
17 17 234 0.809688581314879
38 57 1670 0.7710064635272391
51 73 2733 0.7340854149879129
13 15 174 0.8923076923076924
10 9 84 0.9333333333333333
45 65 2184 0.7466666666666666
10 18 174 0.9666666666666666
23 26 462 0.7725752508361203
48 75 2739 0.7608333333333334
11 12 122 0.9242424242424243
9 9 78 0.9629629629629629
88 120 7239 0.6855113636363637
59 72 2870 0.6756120527306968
27 33 681 0.7643097643097643
54 69 2598 0.6972624798711756
26 28 538 0.739010989010989
27 24 438 0.6759259259259259
30 38 864 0.7578947368421053
15 19 249 0.8736842105263158
59 80 3342 0.708050847457627
50 55 1804 0.6559999999999999
21 19 294 0.7368421052631579
12 11 117 0.8863636363636364
32 39 923 0.7395833333333334
32 33 731 0.6922348484848485
31 33 723 0.7067448680351907
17 23 336 0.8593350383631714
19 17 245 0.7585139318885449
19 28 454 0.8533834586466166
15 15 189 0.84
26 28 538 0.739010989010989
14 20 252 0.9
46 70 2440 0.7577639751552795
21 31 546 0.8387096774193549
14 14 168 0.8571428571428571
22 24 408 0.7727272727272728
69 112 5775 0.7472826086956522
37 37 904 0.660336011687363
50 73 2704 0.7408219178082192
12 14 153 0.9107142857142857
39 53 1539 0.7445573294629898
37 48 1311 0.7381756756756758
18 24 366 0.8472222222222222
23 28 508 0.7888198757763975
25 31 604 0.7793548387096775
62 82 3544 0.6970889063729347
49 58 1939 0.6822660098522167
31 33 723 0.7067448680351907
13 18 213 0.9102564102564101
33 55 1464 0.806611570247934
5 8 40 1.0
52 84 3333 0.7630494505494505
35 54 1484 0.7851851851851852
24 48 999 0.8671875
33 63 1728 0.8311688311688312
15 18 234 0.8666666666666667
16 21 291 0.8660714285714286
64 86 3851 0.6996729651162791
61 78 3273 0.6878940731399747
64 99 4683 0.7391098484848485
18 24 366 0.8472222222222222
30 41 954 0.775609756097561
41 52 1537 0.7209193245778611
30 41 954 0.775609756097561
23 30 554 0.8028985507246377
54 68 2544 0.69281045751634
23 29 531 0.7961019490254873
23 29 531 0.7961019490254873
56 66 2471 0.6685606060606061
30 33 714 0.7212121212121212
16 22 307 0.8721590909090909
40 47 1319 0.7015957446808511
20 29 489 0.843103448275862
23 33 623 0.8208168642951251
14 19 238 0.8947368421052632
40 45 1239 0.6883333333333334
20 32 549 0.8578125
12 18 201 0.9305555555555556
11 14 144 0.9350649350649352
17 25 370 0.8705882352941177
63 69 2751 0.6328502415458936
41 46 1291 0.6845174973488866
41 51 1496 0.7154471544715446
22 28 496 0.8051948051948052
58 57 1980 0.5989110707803993
50 61 2104 0.6898360655737704
30 26 504 0.6461538461538462
30 36 804 0.7444444444444445
32 34 763 0.7012867647058824
20 29 489 0.843103448275862
19 26 416 0.8421052631578948
44 56 1761 0.7146915584415584
30 47 1134 0.8042553191489361
47 67 2329 0.7395998729755477
86 111 6386 0.6689712968782736
76 99 5109 0.6790271132376395
22 35 650 0.8441558441558442
16 21 291 0.8660714285714286
9 6 51 0.9444444444444445
27 33 681 0.7643097643097643
46 61 2026 0.7220242337847469
44 63 2069 0.7463924963924964
19 16 226 0.743421052631579
18 18 258 0.7962962962962963
36 45 1185 0.7314814814814814
10 13 124 0.9538461538461539
21 21 336 0.7619047619047619
20 21 329 0.7833333333333333
9 9 78 0.9629629629629629
15 23 309 0.8956521739130435
54 64 2328 0.6736111111111112
27 33 681 0.7643097643097643
14 18 224 0.8888888888888888
8 12 95 0.9895833333333334
15 16 204 0.85
21 33 588 0.8484848484848485
8 14 111 0.9910714285714286
30 27 534 0.6592592592592593
23 30 554 0.8028985507246377
7 7 49 1.0
26 30 590 0.7564102564102565
19 34 568 0.8792569659442725
23 38 738 0.8443935926773456
21 28 483 0.8214285714285714
22 36 672 0.8484848484848485
15 23 309 0.8956521739130435
17 31 472 0.8956356736242884
14 17 210 0.8823529411764706
53 67 2470 0.6955787102224725
59 68 2634 0.656530408773679
15 18 234 0.8666666666666667
23 29 531 0.7961019490254873
17 20 285 0.8382352941176471
29 29 588 0.699167657550535
14 18 224 0.8888888888888888
21 24 399 0.7916666666666666
15 17 219 0.8588235294117647
15 19 249 0.8736842105263158
6 7 42 1.0
52 55 1825 0.6381118881118881
23 29 531 0.7961019490254873
31 43 1033 0.7749437359339835
18 22 330 0.8333333333333333
32 38 891 0.7327302631578947
45 46 1329 0.6420289855072464
38 48 1328 0.7280701754385964
46 55 1750 0.691699604743083
25 31 604 0.7793548387096775
12 15 165 0.9166666666666666
18 22 330 0.8333333333333333
33 41 1002 0.7405764966740577
36 47 1257 0.7429078014184397
32 32 699 0.6826171875
26 37 772 0.8024948024948025
27 37 789 0.7897897897897898
16 21 291 0.8660714285714286
12 18 201 0.9305555555555556
18 27 420 0.8641975308641975
20 25 409 0.818
23 36 692 0.8357487922705313
56 69 2639 0.6829710144927537
26 37 772 0.8024948024948025
19 26 416 0.8421052631578948
21 22 357 0.7727272727272727
33 47 1200 0.7736943907156674
44 50 1497 0.6804545454545454
13 15 174 0.8923076923076924
24 30 567 0.7875
25 29 554 0.7641379310344828
10 16 154 0.9625
57 64 2373 0.6504934210526315
15 19 249 0.8736842105263158
24 26 471 0.7548076923076923
15 17 219 0.8588235294117647
31 45 1095 0.7849462365591398
78 97 5010 0.662172878667724
33 40 969 0.7340909090909091
21 21 336 0.7619047619047619
34 51 1356 0.7820069204152249
46 60 1980 0.717391304347826
12 11 117 0.8863636363636364
27 32 654 0.7569444444444444
25 35 704 0.8045714285714286
18 14 186 0.7380952380952381
30 30 624 0.6933333333333334
41 41 1086 0.646044021415824
23 21 347 0.7184265010351967
14 15 182 0.8666666666666667
16 14 179 0.7991071428571429
14 35 462 0.9428571428571428
20 32 549 0.8578125
27 44 978 0.8232323232323232
53 72 2735 0.7167190775681341
