13 13 103 0.6094674556213018
4 6 21 0.875
33 36 692 0.5824915824915825
29 28 434 0.5344827586206896
26 24 324 0.5192307692307693
19 23 284 0.6498855835240275
22 18 189 0.4772727272727273
32 27 405 0.46875
23 20 230 0.5
16 21 231 0.6875
14 15 132 0.6285714285714286
31 27 405 0.4838709677419355
27 38 701 0.6832358674463938
9 19 143 0.8362573099415205
6 6 26 0.7222222222222222
45 50 1304 0.5795555555555556
25 24 324 0.54
46 55 1540 0.6086956521739131
27 34 593 0.6459694989106753
34 51 1206 0.6955017301038062
33 35 659 0.5705627705627705
27 27 404 0.5541838134430728
41 42 942 0.5470383275261325
11 15 120 0.7272727272727272
6 8 38 0.7916666666666666
34 38 764 0.5913312693498451
40 52 1339 0.64375
20 23 289 0.6282608695652173
37 44 998 0.613022113022113
15 18 179 0.662962962962963
30 30 494 0.5488888888888889
17 21 237 0.6638655462184874
36 39 809 0.5762108262108262
31 37 712 0.6207497820401047
10 14 104 0.7428571428571429
4 7 25 0.8928571428571429
60 62 2009 0.5400537634408602
31 29 464 0.5161290322580645
37 47 1109 0.6377228292121909
33 39 791 0.6146076146076146
39 42 935 0.5708180708180708
29 27 405 0.5172413793103448
30 42 854 0.6777777777777777
22 25 340 0.6181818181818182
10 13 94 0.7230769230769231
4 6 21 0.875
11 14 109 0.7077922077922078
30 37 704 0.6342342342342342
34 38 764 0.5913312693498451
25 28 424 0.6057142857142858
25 26 374 0.5753846153846154
26 29 454 0.6021220159151193
40 50 1259 0.6295000000000001
37 32 560 0.47297297297297297
49 50 1322 0.5395918367346939
22 30 450 0.6818181818181818
29 30 492 0.5655172413793104
15 16 149 0.6208333333333333
18 20 224 0.6222222222222222
31 30 495 0.532258064516129
27 26 377 0.5370370370370371
31 32 557 0.561491935483871
13 14 116 0.6373626373626374
51 57 1682 0.5786033711730305
59 72 2595 0.6108757062146892
28 29 461 0.5677339901477833
40 39 819 0.525
55 60 1869 0.5663636363636364
41 47 1147 0.5952257394914375
51 56 1631 0.571078431372549
36 41 881 0.5968834688346883
19 27 360 0.7017543859649122
38 65 1804 0.7303643724696356
41 48 1188 0.6036585365853658
51 54 1529 0.5551924473493101
27 30 485 0.5987654320987654
91 110 6005 0.5999000999001
10 12 84 0.7000000000000001
21 25 335 0.638095238095238
6 8 38 0.7916666666666666
27 38 701 0.6832358674463938
16 16 151 0.58984375
21 26 356 0.652014652014652
20 28 389 0.6946428571428571
21 27 377 0.6649029982363316
16 19 199 0.6546052631578947
51 76 2651 0.6839525283797729
24 36 611 0.7071759259259259
18 24 296 0.6851851851851851
23 29 436 0.6536731634182908
23 24 321 0.5815217391304348
44 44 1033 0.5335743801652892
35 55 1364 0.7085714285714285
29 27 405 0.5172413793103448
15 18 179 0.662962962962963
49 56 1616 0.5889212827988338
23 28 413 0.6413043478260869
20 20 229 0.5725
23 22 275 0.5434782608695653
34 50 1172 0.6894117647058823
14 19 188 0.706766917293233
50 50 1324 0.5296
20 17 170 0.5
30 31 524 0.5634408602150537
39 48 1169 0.624465811965812
39 48 1169 0.624465811965812
30 33 584 0.5898989898989898
27 25 350 0.5185185185185186
33 38 758 0.6044657097288676
33 38 758 0.6044657097288676
41 42 942 0.5470383275261325
27 27 404 0.5541838134430728
47 57 1644 0.6136618141097424
6 6 26 0.7222222222222222
92 142 8969 0.6865431720759338
28 41 797 0.6942508710801394
48 64 1991 0.6481119791666666
52 69 2313 0.6446488294314382
24 35 587 0.6988095238095238
75 100 4799 0.6398666666666667
56 69 2379 0.6156832298136645
51 68 2243 0.6467704728950403
46 52 1402 0.5861204013377926
25 35 599 0.6845714285714286
22 33 516 0.7107438016528925
41 60 1680 0.6829268292682927
40 61 1699 0.6963114754098361
23 37 620 0.7285546415981198
27 35 620 0.656084656084656
11 11 76 0.628099173553719
54 69 2348 0.6301663982823403
22 30 450 0.6818181818181818
16 23 263 0.7146739130434783
56 59 1819 0.5505447941888619
29 39 753 0.6657824933687002
40 45 1059 0.5883333333333334
29 39 753 0.6657824933687002
63 59 1829 0.49206349206349204
34 54 1308 0.7124183006535948
47 68 2161 0.6761576971214017
9 13 89 0.7606837606837608
24 33 539 0.6805555555555555
22 24 318 0.6022727272727273
21 35 545 0.7414965986394558
33 43 923 0.6504580690627202
18 34 476 0.7777777777777777
12 25 245 0.8166666666666668
33 38 758 0.6044657097288676
19 27 360 0.7017543859649122
38 52 1310 0.6629554655870445
20 29 409 0.7051724137931035
20 27 369 0.6833333333333333
8 15 99 0.825
11 23 208 0.8221343873517787
8 10 59 0.7375
40 45 1059 0.5883333333333334
35 43 944 0.6272425249169435
34 39 798 0.6018099547511312
31 36 681 0.6102150537634409
23 25 344 0.5982608695652174
19 23 284 0.6498855835240275
17 22 254 0.679144385026738
52 61 1897 0.5980453972257251
38 35 665 0.5
27 32 539 0.6238425925925926
35 50 1189 0.6794285714285714
43 61 1762 0.6717499046892871
13 14 116 0.6373626373626374
49 60 1812 0.6163265306122448
28 31 517 0.5956221198156683
15 14 119 0.5666666666666667
95 95 4654 0.5156786703601107
53 72 2490 0.6525157232704403
37 39 813 0.5634095634095634
9 17 125 0.8169934640522876
40 41 899 0.5481707317073171
52 66 2157 0.6284965034965035
47 52 1409 0.5765139116202946
19 22 265 0.6339712918660287
44 57 1605 0.6399521531100478
25 34 574 0.6752941176470588
45 54 1484 0.6106995884773662
37 40 850 0.5743243243243243
4 4 13 0.8125
41 54 1434 0.6476964769647696
23 31 482 0.6760168302945301
16 22 247 0.7017045454545454
47 51 1362 0.5682102628285357
49 61 1861 0.6226162596186015
9 11 71 0.7171717171717172
38 43 968 0.5924112607099143
16 24 279 0.7265625
33 41 857 0.6334072431633407
37 39 813 0.5634095634095634
90 92 4364 0.5270531400966183
28 32 545 0.6082589285714286
24 29 443 0.6364942528735632
36 42 917 0.6064814814814815
15 14 119 0.5666666666666667
35 40 839 0.5992857142857143
13 17 155 0.7013574660633485
55 64 2089 0.5934659090909091
10 13 94 0.7230769230769231
13 13 103 0.6094674556213018
24 29 443 0.6364942528735632
27 34 593 0.6459694989106753
24 23 299 0.5416666666666667
8 10 59 0.7375
13 19 181 0.7327935222672065
6 9 44 0.8148148148148148
29 34 608 0.6166328600405679
21 25 335 0.638095238095238
17 23 271 0.6930946291560103
26 28 428 0.5879120879120878
9 9 53 0.654320987654321
24 29 443 0.6364942528735632
36 37 737 0.5533033033033032
29 30 492 0.5655172413793104
22 22 274 0.5661157024793388
34 47 1070 0.6695869837296621
10 11 74 0.6727272727272727
38 45 1044 0.6105263157894737
7 8 41 0.7321428571428571
19 20 227 0.5973684210526315
42 50 1280 0.6095238095238095
28 34 601 0.6313025210084033
38 49 1196 0.6423200859291085
18 18 188 0.5802469135802469
14 18 174 0.6904761904761905
18 24 296 0.6851851851851851
18 22 260 0.6565656565656566
22 25 340 0.6181818181818182
34 44 968 0.6470588235294117
6 7 32 0.7619047619047619
15 16 149 0.6208333333333333
19 26 341 0.6902834008097165
17 20 220 0.6470588235294118
17 23 271 0.6930946291560103
41 45 1065 0.5772357723577236
38 41 892 0.5725288831835686
14 21 216 0.7346938775510204
26 23 299 0.5
23 31 482 0.6760168302945301
28 40 769 0.6866071428571429
17 19 203 0.628482972136223
7 9 48 0.7619047619047619
45 55 1529 0.6177777777777778
29 30 492 0.5655172413793104
59 67 2300 0.5818365798128003
57 60 1880 0.5497076023391813
8 6 27 0.5625
31 38 743 0.6307300509337861
35 48 1119 0.6660714285714285
39 36 702 0.5
48 67 2135 0.66386815920398
22 29 428 0.670846394984326
85 105 5439 0.6094117647058823
60 70 2489 0.5926190476190476
27 28 431 0.5701058201058201
4 4 13 0.8125
42 47 1154 0.5845997973657547
3 3 8 0.8888888888888888
13 18 168 0.717948717948718
14 22 230 0.7467532467532467
45 60 1754 0.6496296296296296
11 13 98 0.6853146853146852
42 53 1406 0.6316262353998203
16 19 199 0.6546052631578947
10 16 124 0.775
12 15 125 0.6944444444444444
46 65 2000 0.6688963210702341
22 26 362 0.6328671328671328
19 28 379 0.7124060150375939
13 20 194 0.7461538461538462
23 29 436 0.6536731634182908
16 25 295 0.7375
29 37 695 0.6477166821994408
20 30 429 0.715
17 32 424 0.7794117647058824
22 25 340 0.6181818181818182
29 39 753 0.6657824933687002
10 14 104 0.7428571428571429
38 54 1386 0.6754385964912281
56 78 2883 0.6600274725274725
14 14 118 0.6020408163265306
26 39 714 0.7041420118343195
12 17 149 0.7303921568627451
14 19 188 0.706766917293233
17 19 203 0.628482972136223
28 37 685 0.6611969111969113
41 52 1352 0.6341463414634146
29 34 608 0.6166328600405679
14 17 160 0.6722689075630253
22 30 450 0.6818181818181818
44 42 945 0.5113636363636364
47 64 1973 0.6559175531914894
14 23 244 0.7577639751552795
59 82 3185 0.6583298883836296
45 60 1754 0.6496296296296296
21 28 398 0.6768707482993197
25 34 574 0.6752941176470588
23 43 758 0.7664307381193125
26 38 688 0.6963562753036436
46 62 1862 0.652875175315568
33 48 1088 0.6868686868686869
23 39 666 0.7424749163879598
36 53 1313 0.6881551362683438
38 50 1234 0.6494736842105263
48 60 1799 0.6246527777777777
13 19 181 0.7327935222672065
7 8 41 0.7321428571428571
29 39 753 0.6657824933687002
19 26 341 0.6902834008097165
30 37 704 0.6342342342342342
27 25 350 0.5185185185185186
19 20 227 0.5973684210526315
18 17 170 0.5555555555555556
9 9 53 0.654320987654321
41 42 942 0.5470383275261325
26 24 324 0.5192307692307693
41 41 901 0.5359904818560381
16 16 151 0.58984375
26 38 688 0.6963562753036436
18 21 242 0.6402116402116402
7 10 55 0.7857142857142857
32 39 783 0.6274038461538461
9 11 71 0.7171717171717172
64 79 3103 0.6137262658227848
65 59 1829 0.4769230769230769
48 46 1127 0.5104166666666667
50 46 1127 0.49
36 43 953 0.6156330749354005
26 30 480 0.6153846153846153
14 16 146 0.6517857142857143
24 23 299 0.5416666666666667
8 9 51 0.7083333333333334
38 45 1044 0.6105263157894737
81 114 6074 0.6577864414121725
28 41 797 0.6942508710801394
97 130 8050 0.6383822363203806
38 39 816 0.5506072874493927
99 126 7721 0.6189674523007856
56 67 2267 0.6042110874200426
13 25 259 0.796923076923077
41 57 1557 0.6662387676508345
22 29 428 0.670846394984326
18 18 188 0.5802469135802469
43 58 1633 0.6547714514835605
18 28 368 0.7301587301587301
40 45 1059 0.5883333333333334
25 26 374 0.5753846153846154
35 47 1084 0.6589665653495441
15 16 149 0.6208333333333333
30 31 524 0.5634408602150537
31 44 929 0.6810850439882699
9 8 44 0.6111111111111112
29 46 956 0.7166416791604198
52 59 1793 0.584419817470665
30 39 764 0.652991452991453
23 28 413 0.6413043478260869
10 19 154 0.8105263157894737
26 26 376 0.5562130177514792
21 38 608 0.7619047619047619
17 16 152 0.5588235294117647
26 36 636 0.6794871794871794
24 33 539 0.6805555555555555
12 17 149 0.7303921568627451
32 37 719 0.6072635135135135
41 39 819 0.5121951219512195
29 34 608 0.6166328600405679
14 18 174 0.6904761904761905
16 21 231 0.6875
37 34 629 0.5
9 10 62 0.6888888888888889
71 90 3975 0.6220657276995305
67 92 4019 0.6520116807268008
37 39 813 0.5634095634095634
19 28 379 0.7124060150375939
17 19 203 0.628482972136223
40 47 1139 0.6058510638297873
9 15 107 0.7925925925925926
55 70 2419 0.6283116883116884
14 19 188 0.706766917293233
22 25 340 0.6181818181818182
51 79 2804 0.6959543310995284
79 136 7741 0.7204951600893521
55 81 3024 0.6787878787878788
10 18 144 0.8
39 53 1364 0.6598935655539429
18 29 386 0.739463601532567
33 53 1253 0.7164093767867352
20 33 489 0.7409090909090909
11 13 98 0.6853146853146852
46 60 1770 0.641304347826087
70 91 4024 0.6317111459968603
22 27 384 0.6464646464646464
35 43 944 0.6272425249169435
61 89 3659 0.673973107386259
27 33 566 0.6352413019079686
34 44 968 0.6470588235294117
7 12 69 0.8214285714285715
48 66 2087 0.6587752525252525
24 26 371 0.594551282051282
30 34 614 0.6019607843137255
25 33 549 0.6654545454545455
16 13 104 0.5
31 49 1084 0.7136273864384464
9 15 107 0.7925925925925926
34 45 1002 0.6549019607843137
34 44 968 0.6470588235294117
7 8 41 0.7321428571428571
48 56 1607 0.5978422619047619
34 35 662 0.5563025210084033
19 21 246 0.6165413533834586
15 23 254 0.736231884057971
26 27 402 0.5726495726495726
47 40 860 0.4574468085106383
20 24 309 0.6437499999999999
33 42 890 0.6421356421356421
30 30 494 0.5488888888888889
24 32 515 0.6705729166666666
41 47 1147 0.5952257394914375
33 43 923 0.6504580690627202
17 17 169 0.5847750865051903
38 57 1500 0.6925207756232686
51 73 2498 0.6709642761214074
13 15 129 0.6615384615384615
10 9 54 0.6000000000000001
45 65 1979 0.6765811965811965
10 18 144 0.8
23 26 367 0.6137123745819398
48 75 2519 0.6997222222222222
11 12 87 0.6590909090909091
9 9 53 0.654320987654321
88 120 6819 0.6457386363636364
59 72 2595 0.6108757062146892
27 33 566 0.6352413019079686
54 69 2348 0.6301663982823403
26 28 428 0.5879120879120878
27 24 324 0.5
30 38 734 0.643859649122807
15 19 194 0.6807017543859649
59 80 3067 0.6497881355932204
50 55 1574 0.5723636363636364
21 19 209 0.5238095238095238
12 11 77 0.5833333333333334
32 39 783 0.6274038461538461
32 33 591 0.5596590909090909
31 33 588 0.5747800586510264
17 23 271 0.6930946291560103
19 17 170 0.5263157894736842
19 28 379 0.7124060150375939
15 15 134 0.5955555555555556
26 28 428 0.5879120879120878
14 20 202 0.7214285714285714
46 70 2230 0.6925465838509317
21 31 461 0.7081413210445469
14 14 118 0.6020408163265306
22 24 318 0.6022727272727273
69 112 5450 0.7052277432712215
37 37 739 0.5398100803506208
50 73 2474 0.6778082191780821
12 14 113 0.6726190476190476
39 53 1364 0.6598935655539429
37 48 1146 0.6452702702702703
18 24 296 0.6851851851851851
23 28 413 0.6413043478260869
25 31 499 0.6438709677419355
62 82 3254 0.6400472069236821
49 58 1714 0.6030964109781843
31 33 588 0.5747800586510264
13 18 168 0.717948717948718
33 55 1319 0.7267217630853995
5 8 34 0.85
52 84 3093 0.7081043956043956
35 54 1329 0.7031746031746031
24 48 899 0.7803819444444445
33 63 1583 0.7614237614237614
15 18 179 0.662962962962963
16 21 231 0.6875
64 86 3551 0.6451671511627907
61 78 2988 0.6279949558638084
64 99 4383 0.6917613636363636
18 24 296 0.6851851851851851
30 41 824 0.6699186991869919
41 52 1352 0.6341463414634146
30 41 824 0.6699186991869919
23 30 459 0.6652173913043478
54 68 2294 0.6247276688453159
23 29 436 0.6536731634182908
23 29 436 0.6536731634182908
56 66 2211 0.5982142857142857
30 33 584 0.5898989898989898
16 22 247 0.7017045454545454
40 47 1139 0.6058510638297873
20 29 409 0.7051724137931035
23 33 528 0.6956521739130435
14 19 188 0.706766917293233
40 45 1059 0.5883333333333334
20 32 469 0.7328125
12 18 161 0.7453703703703703
11 14 109 0.7077922077922078
17 25 305 0.7176470588235294
63 69 2456 0.5649873475960432
41 46 1106 0.5864262990455992
41 51 1311 0.6269727403156384
22 28 406 0.6590909090909091
58 57 1710 0.5172413793103449
50 61 1874 0.6144262295081967
30 26 377 0.48333333333333334
30 36 674 0.624074074074074
32 34 623 0.5726102941176471
20 29 409 0.7051724137931035
19 26 341 0.6902834008097165
44 56 1561 0.6335227272727273
30 47 1004 0.7120567375886525
47 67 2114 0.6713242299142586
86 111 5976 0.6260213702074168
76 99 4749 0.6311802232854864
22 35 560 0.7272727272727272
16 21 231 0.6875
9 6 27 0.5
27 33 566 0.6352413019079686
46 61 1816 0.647184604419102
44 63 1869 0.6742424242424242
19 16 152 0.5
18 18 188 0.5802469135802469
36 45 1025 0.6327160493827161
10 13 94 0.7230769230769231
21 21 251 0.5691609977324263
20 21 249 0.5928571428571429
9 9 53 0.654320987654321
15 23 254 0.736231884057971
54 64 2078 0.6012731481481481
27 33 566 0.6352413019079686
14 18 174 0.6904761904761905
8 12 75 0.78125
15 16 149 0.6208333333333333
21 33 503 0.7258297258297258
8 14 91 0.8125
30 27 405 0.5
23 30 459 0.6652173913043478
7 7 34 0.6938775510204082
26 30 480 0.6153846153846153
19 34 493 0.763157894736842
23 38 643 0.7356979405034325
21 28 398 0.6768707482993197
22 36 582 0.7348484848484849
15 23 254 0.736231884057971
17 31 407 0.7722960151802657
14 17 160 0.6722689075630253
53 67 2225 0.6265840608279358
59 68 2359 0.5879860418743769
15 18 179 0.662962962962963
23 29 436 0.6536731634182908
17 20 220 0.6470588235294118
29 29 463 0.5505350772889417
14 18 174 0.6904761904761905
21 24 314 0.623015873015873
15 17 164 0.6431372549019608
15 19 194 0.6807017543859649
6 7 32 0.7619047619047619
52 55 1585 0.5541958041958042
23 29 436 0.6536731634182908
31 43 898 0.673668417104276
18 22 260 0.6565656565656566
32 38 751 0.6175986842105263
45 46 1124 0.5429951690821256
38 48 1158 0.6348684210526315
46 55 1540 0.6086956521739131
25 31 499 0.6438709677419355
12 15 125 0.6944444444444444
18 22 260 0.6565656565656566
33 41 857 0.6334072431633407
36 47 1097 0.6483451536643026
32 32 559 0.5458984375
26 37 662 0.6881496881496881
27 37 674 0.6746746746746747
16 21 231 0.6875
12 18 161 0.7453703703703703
18 27 350 0.7201646090534979
20 25 329 0.6579999999999999
23 36 597 0.7210144927536232
56 69 2379 0.6156832298136645
26 37 662 0.6881496881496881
19 26 341 0.6902834008097165
21 22 272 0.5887445887445888
33 47 1055 0.6802063185041908
44 50 1297 0.5895454545454545
13 15 129 0.6615384615384615
24 30 467 0.648611111111111
25 29 449 0.6193103448275863
10 16 124 0.775
57 64 2108 0.5778508771929824
15 19 194 0.6807017543859649
24 26 371 0.594551282051282
15 17 164 0.6431372549019608
31 45 960 0.6881720430107527
78 97 4640 0.6132698916204071
33 40 824 0.6242424242424243
21 21 251 0.5691609977324263
34 51 1206 0.6955017301038062
46 60 1770 0.641304347826087
12 11 77 0.5833333333333334
27 32 539 0.6238425925925926
25 35 599 0.6845714285714286
18 14 119 0.4722222222222222
30 30 494 0.5488888888888889
41 41 901 0.5359904818560381
23 21 252 0.5217391304347826
14 15 132 0.6285714285714286
16 14 119 0.53125
14 35 412 0.8408163265306122
20 32 469 0.7328125
27 44 863 0.7264309764309764
53 72 2490 0.6525157232704403
