15 19 257 0.9017543859649123
4 7 28 1.0
41 47 1366 0.7088738972496108
38 37 941 0.6692745376955903
29 28 581 0.7155172413793104
30 34 767 0.7519607843137255
26 25 479 0.7369230769230769
33 29 632 0.6603970741901777
27 29 593 0.7573435504469986
24 27 512 0.7901234567901234
19 19 295 0.8171745152354571
38 36 903 0.6600877192982456
32 46 1172 0.7961956521739131
10 21 207 0.9857142857142857
6 8 48 1.0
49 56 1883 0.6862244897959184
34 37 907 0.7209856915739269
50 69 2547 0.7382608695652173
28 36 798 0.7916666666666666
36 56 1610 0.798611111111111
43 46 1348 0.6814964610717896
28 27 546 0.7222222222222222
48 44 1292 0.6117424242424243
13 16 193 0.9278846153846154
8 9 72 1.0
37 42 1119 0.7200772200772201
48 57 1916 0.7002923976608186
21 24 413 0.8194444444444445
42 48 1421 0.7048611111111112
18 21 323 0.8544973544973544
34 35 839 0.7050420168067226
19 21 333 0.8345864661654135
38 42 1131 0.7086466165413534
39 40 1064 0.6820512820512821
15 21 287 0.9111111111111111
4 8 32 1.0
74 82 3857 0.6356295319709954
35 37 917 0.7081081081081081
47 59 1993 0.718716191849982
36 48 1322 0.7650462962962963
51 54 1808 0.6564996368917938
32 30 660 0.6875
36 46 1250 0.7548309178743962
23 30 570 0.8260869565217391
13 14 167 0.9175824175824177
4 7 28 1.0
14 15 189 0.9
32 40 980 0.765625
41 50 1489 0.7263414634146342
27 33 701 0.7867564534231201
27 31 647 0.7729988052568697
31 35 809 0.7456221198156682
43 55 1735 0.733615221987315
40 34 832 0.611764705882353
60 58 2102 0.6040229885057471
27 38 836 0.8148148148148148
34 36 873 0.7132352941176471
16 17 236 0.8676470588235294
19 22 352 0.8421052631578948
33 32 731 0.6922348484848485
30 28 587 0.6988095238095238
35 37 917 0.7081081081081081
13 16 193 0.9278846153846154
52 65 2390 0.7071005917159763
59 80 3394 0.7190677966101695
28 33 714 0.7727272727272727
40 47 1352 0.7191489361702127
58 70 2785 0.6859605911330049
42 54 1673 0.7376543209876544
53 62 2251 0.6850273889227023
38 45 1245 0.7280701754385965
21 30 539 0.8555555555555556
40 68 2192 0.8058823529411764
41 48 1407 0.7149390243902439
55 58 2062 0.6463949843260188
27 30 620 0.7654320987654321
100 123 8022 0.6521951219512195
10 13 127 0.9769230769230769
23 29 547 0.8200899550224888
6 9 54 1.0
32 45 1140 0.7916666666666666
20 20 322 0.805
21 26 455 0.8333333333333334
20 29 502 0.8655172413793104
25 32 647 0.80875
17 22 329 0.8796791443850267
60 95 4322 0.7582456140350877
34 45 1179 0.7705882352941177
21 28 497 0.8452380952380952
24 35 704 0.8380952380952381
29 29 610 0.7253269916765755
52 62 2234 0.6929280397022333
46 72 2571 0.7762681159420289
33 29 632 0.6603970741901777
18 28 449 0.8908730158730158
50 60 2097 0.699
24 30 584 0.8111111111111111
22 26 467 0.8164335664335665
28 28 574 0.7321428571428571
43 62 2036 0.7636909227306826
15 21 287 0.9111111111111111
52 59 2078 0.6773142112125162
23 20 340 0.7391304347826086
33 32 731 0.6922348484848485
42 48 1421 0.7048611111111112
42 52 1589 0.7275641025641026
30 36 827 0.7657407407407407
32 28 596 0.6651785714285714
33 41 1028 0.7597930524759793
34 41 1043 0.7482065997130559
53 53 1774 0.6315414738341046
30 33 737 0.7444444444444445
56 69 2688 0.6956521739130435
6 7 42 1.0
95 148 10232 0.7277382645803698
33 49 1292 0.7990105132962275
53 67 2516 0.7085328076598141
52 70 2650 0.728021978021978
24 36 728 0.8425925925925926
76 101 5330 0.694372068785826
56 75 3024 0.72
53 73 2834 0.7324890152494185
47 53 1711 0.6868727418707347
28 36 798 0.7916666666666666
22 33 621 0.8553719008264462
41 61 1940 0.7756897241103559
40 65 2072 0.7969230769230768
23 38 754 0.8627002288329519
27 38 836 0.8148148148148148
11 11 115 0.9504132231404959
58 75 3075 0.7068965517241379
28 36 798 0.7916666666666666
19 24 390 0.8552631578947368
72 77 3464 0.6248196248196248
35 45 1197 0.76
48 60 2060 0.7152777777777778
30 41 977 0.794308943089431
77 83 3976 0.6221248630887185
40 57 1752 0.7684210526315789
61 91 4120 0.7422086110610701
10 14 137 0.9785714285714285
28 36 798 0.7916666666666666
24 26 488 0.782051282051282
26 38 817 0.826923076923077
38 47 1321 0.7396416573348265
21 36 665 0.8796296296296297
20 29 502 0.8655172413793104
47 48 1476 0.6542553191489362
24 28 536 0.7976190476190476
45 59 1952 0.7352165725047082
24 31 608 0.8172043010752688
26 31 635 0.7878411910669976
15 20 272 0.9066666666666666
18 26 413 0.8824786324786325
8 11 88 1.0
44 54 1710 0.7196969696969697
38 46 1283 0.7339816933638444
34 41 1043 0.7482065997130559
36 43 1142 0.7377260981912145
29 31 668 0.7430478309232481
19 25 409 0.8610526315789474
17 23 346 0.8849104859335037
59 68 2686 0.6694915254237288
39 36 908 0.6467236467236467
27 32 674 0.7800925925925926
35 52 1442 0.7923076923076924
43 61 1993 0.7598170034311856
14 16 203 0.90625
51 70 2624 0.735014005602241
30 35 797 0.7590476190476191
16 18 252 0.875
98 104 6097 0.5982142857142857
54 74 2915 0.7294794794794794
37 40 1045 0.706081081081081
10 18 177 0.9833333333333333
46 50 1559 0.6778260869565217
61 67 2656 0.6498654269635429
50 57 1947 0.6831578947368421
19 22 352 0.8421052631578948
45 59 1952 0.7352165725047082
27 34 728 0.7930283224400871
50 63 2247 0.7133333333333333
43 40 1090 0.6337209302325582
5 5 25 1.0
42 61 1967 0.7677595628415301
24 33 656 0.8282828282828283
16 22 316 0.8977272727272727
51 51 1655 0.6362937331795464
49 62 2177 0.7165898617511521
16 13 172 0.8269230769230769
42 55 1715 0.7424242424242424
20 27 462 0.8555555555555556
42 46 1337 0.6920289855072463
42 49 1463 0.7108843537414966
100 112 6922 0.6180357142857142
36 46 1250 0.7548309178743962
32 36 852 0.7395833333333334
43 51 1563 0.7127222982216143
17 17 244 0.8442906574394464
40 46 1312 0.7130434782608696
14 18 231 0.9166666666666666
66 81 3635 0.6799476243920689
13 16 193 0.9278846153846154
13 13 154 0.9112426035502958
32 41 1012 0.7713414634146342
29 36 813 0.7787356321839081
24 23 416 0.753623188405797
9 10 89 0.9888888888888889
17 21 312 0.8739495798319327
6 10 60 1.0
30 34 767 0.7519607843137255
21 25 434 0.8266666666666667
18 25 395 0.8777777777777778
27 28 566 0.7486772486772486
10 10 97 0.97
25 34 697 0.82
38 39 1017 0.6862348178137652
30 32 707 0.7364583333333333
25 23 422 0.7339130434782608
43 53 1649 0.7235629662132514
10 12 117 0.975
43 51 1563 0.7127222982216143
7 10 70 1.0
20 22 362 0.8227272727272728
48 54 1772 0.6836419753086419
32 36 852 0.7395833333333334
44 54 1710 0.7196969696969697
22 24 423 0.8011363636363636
21 20 329 0.7833333333333333
19 28 466 0.8759398496240601
22 23 401 0.7924901185770751
25 28 547 0.7814285714285714
35 46 1232 0.7652173913043478
9 8 71 0.9861111111111112
16 16 220 0.859375
21 27 476 0.8395061728395062
19 23 371 0.8489702517162472
19 26 428 0.8663967611336033
44 51 1578 0.7032085561497327
40 43 1192 0.6930232558139535
17 23 346 0.8849104859335037
35 32 742 0.6625
27 35 755 0.798941798941799
30 43 1037 0.8038759689922481
18 20 305 0.8472222222222221
8 9 72 1.0
48 60 2060 0.7152777777777778
32 31 692 0.6975806451612904
79 87 4317 0.6281099956350938
64 74 3140 0.6630067567567568
9 8 71 0.9861111111111112
39 47 1337 0.729405346426623
46 57 1881 0.717391304347826
42 38 1001 0.6271929824561403
55 78 3162 0.7370629370629371
25 30 597 0.7959999999999999
103 123 8109 0.6400663035756571
70 84 3927 0.6678571428571429
30 33 737 0.7444444444444445
5 5 25 1.0
50 49 1547 0.6314285714285715
3 3 9 1.0
15 19 257 0.9017543859649123
15 25 347 0.9253333333333333
48 69 2492 0.7524154589371981
11 18 192 0.9696969696969696
42 54 1673 0.7376543209876544
18 23 359 0.8671497584541062
10 16 157 0.98125
12 15 170 0.9444444444444444
46 66 2295 0.7559288537549407
22 26 467 0.8164335664335665
20 29 502 0.8655172413793104
13 20 245 0.9423076923076923
27 31 647 0.7729988052568697
16 25 364 0.91
30 38 887 0.7780701754385965
20 30 522 0.87
17 35 550 0.9243697478991596
25 28 547 0.7814285714285714
43 49 1477 0.7009966777408637
12 16 182 0.9479166666666666
42 63 2051 0.7751322751322751
66 91 4295 0.7151182151182152
18 16 233 0.8090277777777778
28 43 994 0.8255813953488372
14 22 287 0.9318181818181818
14 20 259 0.925
19 29 485 0.8802177858439202
31 49 1243 0.8183015141540486
43 59 1907 0.7516752069373275
31 36 840 0.7526881720430108
15 20 272 0.9066666666666666
24 32 632 0.8229166666666666
45 47 1412 0.667612293144208
51 74 2828 0.7493375728669847
14 23 301 0.9347826086956522
64 88 4036 0.7166193181818182
45 63 2132 0.7520282186948853
22 30 555 0.8409090909090909
26 35 739 0.8120879120879121
35 48 1302 0.775
31 40 964 0.7774193548387097
51 67 2471 0.7231489610769681
35 49 1337 0.7795918367346939
26 39 843 0.831360946745562
39 57 1727 0.7768780926675664
42 50 1505 0.7166666666666667
50 61 2147 0.7039344262295082
13 19 232 0.9392712550607287
7 10 70 1.0
34 47 1247 0.7803504380475595
22 31 577 0.8460410557184751
30 37 857 0.7720720720720721
29 28 581 0.7155172413793104
21 22 371 0.8030303030303031
22 22 379 0.7830578512396694
9 9 80 0.9876543209876544
48 50 1580 0.6583333333333333
30 29 617 0.7091954022988506
42 46 1337 0.6920289855072463
16 18 252 0.875
29 40 929 0.8008620689655173
18 21 323 0.8544973544973544
7 10 70 1.0
40 41 1112 0.6780487804878049
10 13 127 0.9769230769230769
73 90 4425 0.6735159817351598
73 83 3914 0.6459811850140287
53 72 2781 0.7287735849056604
63 77 3311 0.6825396825396826
44 59 1930 0.7434514637904469
32 46 1172 0.7961956521739131
15 18 242 0.8962962962962963
28 29 602 0.7413793103448276
8 9 72 1.0
39 47 1337 0.729405346426623
86 118 7067 0.6963933780055184
31 42 1026 0.7880184331797234
101 143 10072 0.6973620438966973
39 40 1064 0.6820512820512821
106 136 9565 0.6634988901220865
57 69 2708 0.6885329265191965
25 34 697 0.82
42 60 1925 0.763888888888889
25 33 672 0.8145454545454545
19 21 333 0.8345864661654135
50 75 2847 0.7592
18 28 449 0.8908730158730158
41 50 1489 0.7263414634146342
27 26 512 0.7293447293447293
36 47 1286 0.760047281323877
16 18 252 0.875
32 38 916 0.7532894736842105
34 45 1179 0.7705882352941177
11 8 82 0.9318181818181818
30 48 1187 0.8243055555555556
54 64 2375 0.6872106481481481
31 44 1088 0.7976539589442815
26 28 557 0.7651098901098902
14 20 259 0.925
28 29 602 0.7413793103448276
26 42 921 0.8434065934065933
19 16 238 0.7828947368421053
31 37 871 0.7593722755013078
24 33 656 0.8282828282828283
12 19 218 0.9561403508771931
32 44 1108 0.7869318181818182
43 48 1434 0.6947674418604651
30 39 917 0.7837606837606838
14 19 245 0.9210526315789473
16 23 332 0.9021739130434783
37 38 971 0.6906116642958748
9 11 98 0.98989898989899
78 105 5705 0.6965811965811965
74 107 5707 0.7207628188936601
40 44 1232 0.7000000000000001
23 32 616 0.8369565217391305
19 23 371 0.8489702517162472
41 47 1366 0.7088738972496108
11 18 192 0.9696969696969696
57 78 3221 0.7244714349977508
14 20 259 0.925
22 25 445 0.8090909090909091
55 85 3547 0.7587165775401069
96 152 10676 0.7316337719298245
63 96 4508 0.7453703703703703
12 19 218 0.9561403508771931
48 64 2252 0.7330729166666666
24 38 776 0.8508771929824562
40 62 1952 0.7870967741935483
21 33 602 0.8686868686868687
13 15 180 0.9230769230769231
55 70 2722 0.707012987012987
77 95 4900 0.6698564593301435
24 27 512 0.7901234567901234
35 46 1232 0.7652173913043478
77 115 6440 0.7272727272727273
31 36 840 0.7526881720430108
37 52 1489 0.7739085239085239
10 18 177 0.9833333333333333
54 82 3347 0.7558717253839204
27 33 701 0.7867564534231201
36 46 1250 0.7548309178743962
33 43 1094 0.7709654686398871
24 20 344 0.7166666666666667
37 61 1822 0.8072662826761188
13 22 271 0.9475524475524476
41 52 1571 0.7368667917448406
43 56 1778 0.7383720930232558
11 9 93 0.9393939393939394
51 63 2267 0.7055711173358232
36 38 962 0.7032163742690059
23 25 455 0.791304347826087
16 25 364 0.91
32 36 852 0.7395833333333334
49 41 1148 0.5714285714285714
22 25 445 0.8090909090909091
38 51 1473 0.760061919504644
33 32 731 0.6922348484848485
27 36 782 0.8045267489711934
43 50 1520 0.7069767441860465
36 48 1322 0.7650462962962963
17 19 278 0.8606811145510835
45 74 2627 0.788888888888889
59 82 3512 0.7259198015708971
13 16 193 0.9278846153846154
10 11 107 0.9727272727272727
46 67 2341 0.7595717066839714
10 18 177 0.9833333333333333
31 35 809 0.7456221198156682
49 79 3010 0.7775768535262206
13 15 180 0.9230769230769231
9 9 80 0.9876543209876544
96 125 8084 0.6736666666666666
62 80 3475 0.7006048387096774
29 35 784 0.7724137931034483
57 75 3050 0.7134502923976608
28 30 630 0.75
28 24 462 0.6875
31 39 933 0.7717121588089331
15 20 272 0.9066666666666666
62 88 3971 0.7278225806451613
51 65 2369 0.7146304675716441
21 22 371 0.8030303030303031
13 15 180 0.9230769230769231
32 44 1108 0.7869318181818182
33 38 929 0.7408293460925041
31 37 871 0.7593722755013078
18 28 449 0.8908730158730158
21 25 434 0.8266666666666667
19 30 504 0.8842105263157894
16 20 284 0.8875
27 38 836 0.8148148148148148
17 26 397 0.8981900452488687
54 83 3401 0.7588130298973672
25 33 672 0.8145454545454545
14 15 189 0.9
22 24 423 0.8011363636363636
84 131 8078 0.7340966921119593
44 45 1314 0.6636363636363636
61 88 3937 0.7334202682563338
13 17 206 0.9321266968325792
51 70 2624 0.735014005602241
43 61 1993 0.7598170034311856
21 27 476 0.8395061728395062
27 33 701 0.7867564534231201
35 40 1022 0.73
77 89 4438 0.6475995914198162
54 63 2321 0.6822457378012934
33 36 863 0.7264309764309764
17 19 278 0.8606811145510835
37 57 1674 0.7937411095305832
6 9 54 1.0
62 89 4033 0.7308807538963392
39 57 1727 0.7768780926675664
27 49 1133 0.8563869992441421
48 71 2588 0.7593896713615023
15 18 242 0.8962962962962963
17 21 312 0.8739495798319327
64 91 4228 0.7259615384615384
61 78 3327 0.6992433795712484
65 100 4847 0.7456923076923077
18 24 377 0.8726851851851851
31 42 1026 0.7880184331797234
42 53 1631 0.7327044025157233
30 46 1127 0.8166666666666668
26 33 687 0.8006993006993007
55 69 2667 0.7027667984189724
23 31 593 0.8316970546984572
23 29 547 0.8200899550224888
63 69 2807 0.6457326892109501
30 34 767 0.7519607843137255
19 23 371 0.8489702517162472
41 50 1489 0.7263414634146342
20 30 522 0.87
23 35 685 0.8509316770186336
14 19 245 0.9210526315789473
42 45 1295 0.6851851851851851
20 34 602 0.8852941176470589
12 18 206 0.9537037037037037
11 15 159 0.9636363636363636
18 25 395 0.8777777777777778
66 83 3767 0.6876597298284045
41 47 1366 0.7088738972496108
44 55 1754 0.7247933884297522
24 33 656 0.8282828282828283
61 64 2473 0.633452868852459
52 69 2598 0.7240802675585284
31 31 685 0.712799167533819
34 40 1009 0.7419117647058824
32 47 1204 0.800531914893617
21 30 539 0.8555555555555556
22 28 511 0.8295454545454545
50 61 2147 0.7039344262295082
38 53 1549 0.769116186693148
56 70 2744 0.7
94 121 7633 0.6710919641287146
93 108 6389 0.6361011549183593
27 40 890 0.8240740740740741
19 21 333 0.8345864661654135
12 8 86 0.8958333333333334
34 45 1179 0.7705882352941177
54 69 2645 0.7098765432098766
51 77 2981 0.7591036414565827
20 19 302 0.7947368421052632
22 21 357 0.7727272727272727
42 66 2177 0.7853535353535354
12 20 230 0.9583333333333334
25 33 672 0.8145454545454545
26 33 687 0.8006993006993007
10 12 117 0.975
16 25 364 0.91
55 70 2722 0.707012987012987
28 39 882 0.8076923076923077
14 21 273 0.9285714285714286
12 13 146 0.9358974358974359
16 21 300 0.8928571428571429
24 38 776 0.8508771929824562
11 16 170 0.9659090909090909
33 35 830 0.7186147186147186
23 35 685 0.8509316770186336
8 9 72 1.0
27 37 809 0.8098098098098098
21 39 728 0.8888888888888888
26 41 895 0.8395872420262663
23 30 570 0.8260869565217391
24 36 728 0.8425925925925926
20 27 462 0.8555555555555556
21 34 623 0.8725490196078431
16 19 268 0.881578947368421
67 78 3456 0.661308840413318
68 78 3474 0.6549773755656109
15 18 242 0.8962962962962963
25 33 672 0.8145454545454545
17 20 295 0.8676470588235293
30 31 677 0.7279569892473118
21 22 371 0.8030303030303031
24 39 800 0.8547008547008548
22 21 357 0.7727272727272727
19 23 371 0.8489702517162472
6 8 48 1.0
75 66 2673 0.54
35 41 1057 0.7365853658536585
42 52 1589 0.7275641025641026
24 28 536 0.7976190476190476
35 42 1092 0.7428571428571429
52 49 1558 0.6114599686028257
45 51 1592 0.693681917211329
53 58 2039 0.6633051398828888
35 41 1057 0.7365853658536585
15 19 257 0.9017543859649123
29 35 784 0.7724137931034483
40 48 1392 0.725
44 52 1622 0.708916083916084
37 37 934 0.6822498173849525
34 44 1145 0.7653743315508023
32 44 1108 0.7869318181818182
17 25 380 0.8941176470588235
13 19 232 0.9392712550607287
19 28 466 0.8759398496240601
20 26 442 0.8500000000000001
24 37 752 0.8468468468468469
66 88 4097 0.7054063360881543
30 41 977 0.794308943089431
19 26 428 0.8663967611336033
28 31 658 0.7580645161290323
37 50 1415 0.7648648648648648
52 57 1974 0.6659919028340081
13 19 232 0.9392712550607287
28 34 742 0.7794117647058824
27 34 728 0.7930283224400871
13 18 219 0.9358974358974359
61 71 2900 0.6695913184022165
15 20 272 0.9066666666666666
26 32 661 0.7944711538461539
16 20 284 0.8875
31 46 1150 0.8064516129032258
89 104 5935 0.6412057044079517
41 47 1366 0.7088738972496108
24 24 440 0.7638888888888888
41 55 1694 0.751219512195122
47 61 2087 0.7279386117893268
15 17 227 0.8901960784313725
32 41 1012 0.7713414634146342
38 45 1245 0.7280701754385965
19 21 333 0.8345864661654135
34 39 975 0.7352941176470588
51 57 1961 0.674578603371173
28 28 574 0.7321428571428571
16 17 236 0.8676470588235294
17 16 227 0.8345588235294118
22 40 775 0.8806818181818181
22 33 621 0.8553719008264462
34 48 1281 0.7849264705882354
58 79 3307 0.721737232649498
