15 19 180 0.631578947368421
4 7 22 0.7857142857142857
41 47 1107 0.574468085106383
38 37 703 0.5
29 28 406 0.5
30 34 585 0.5735294117647058
26 25 325 0.5
33 29 435 0.45454545454545453
27 29 432 0.5517241379310345
24 27 372 0.5740740740740741
19 19 190 0.5263157894736842
38 36 666 0.4868421052631579
32 46 976 0.6630434782608695
10 21 165 0.7857142857142857
6 8 33 0.6875
49 56 1568 0.5714285714285714
34 37 697 0.5540540540540541
50 69 2225 0.644927536231884
28 36 630 0.625
36 56 1386 0.6875
43 46 1075 0.5434782608695652
28 27 378 0.5
48 44 990 0.46875
13 16 130 0.625
8 9 44 0.6111111111111112
37 42 888 0.5714285714285714
48 57 1608 0.5877192982456141
21 24 294 0.5833333333333334
42 48 1155 0.5729166666666666
18 21 225 0.5952380952380952
34 35 629 0.5285714285714286
19 21 228 0.5714285714285714
38 42 893 0.5595238095238095
39 40 819 0.525
15 21 210 0.6666666666666666
4 8 26 0.8125
74 82 3367 0.5548780487804879
35 37 700 0.5405405405405406
47 59 1692 0.6101694915254238
36 48 1098 0.6354166666666666
51 54 1479 0.5370370370370371
32 30 465 0.484375
36 46 1026 0.6195652173913043
23 30 437 0.6333333333333333
13 14 104 0.5714285714285714
4 7 22 0.7857142857142857
14 15 119 0.5666666666666667
32 40 784 0.6125
41 50 1230 0.6
27 33 540 0.6060606060606061
27 31 486 0.5806451612903226
31 35 620 0.5714285714285714
43 55 1462 0.6181818181818182
40 34 595 0.4375
60 58 1711 0.49166666666666664
27 38 675 0.6578947368421053
34 36 663 0.5416666666666666
16 17 152 0.5588235294117647
19 22 247 0.5909090909090909
33 32 528 0.5
30 28 406 0.48333333333333334
35 37 700 0.5405405405405406
13 16 130 0.625
52 65 2054 0.6076923076923076
59 80 3009 0.6375
28 33 546 0.5909090909090909
40 47 1100 0.5851063829787234
58 70 2407 0.5928571428571429
42 54 1407 0.6203703703703703
53 62 1908 0.5806451612903226
38 45 1007 0.5888888888888889
21 30 420 0.6666666666666666
40 68 1940 0.7132352941176471
41 48 1148 0.5833333333333334
55 58 1705 0.5344827586206896
27 30 459 0.5666666666666667
100 123 7350 0.5975609756097561
10 13 85 0.6538461538461539
23 29 414 0.6206896551724138
6 9 39 0.7222222222222222
32 45 944 0.6555555555555556
20 20 210 0.525
21 26 336 0.6153846153846154
20 29 390 0.6724137931034483
25 32 500 0.625
17 22 238 0.6363636363636364
60 95 3930 0.6894736842105263
34 45 969 0.6333333333333333
21 28 378 0.6428571428571429
24 35 564 0.6714285714285714
29 29 435 0.5172413793103449
52 62 1898 0.5887096774193549
46 72 2277 0.6875
33 29 435 0.45454545454545453
18 28 351 0.6964285714285714
50 60 1775 0.5916666666666667
24 30 444 0.6166666666666667
22 26 341 0.5961538461538461
28 28 406 0.5178571428571429
43 62 1763 0.6612903225806451
15 21 210 0.6666666666666666
52 59 1742 0.5677966101694916
23 20 210 0.45652173913043476
33 32 528 0.5
42 48 1155 0.5729166666666666
42 52 1323 0.6057692307692307
30 36 645 0.5972222222222222
32 28 406 0.453125
33 41 825 0.6097560975609756
34 41 833 0.5975609756097561
53 53 1431 0.5094339622641509
30 33 555 0.5606060606060606
56 69 2324 0.6014492753623188
6 7 27 0.6428571428571429
95 148 9595 0.6824324324324325
33 49 1089 0.673469387755102
53 67 2173 0.6119402985074627
52 70 2314 0.6357142857142857
24 36 588 0.6805555555555556
76 101 4826 0.6287128712871287
56 75 2660 0.6333333333333333
53 73 2491 0.6438356164383562
47 53 1410 0.5660377358490566
28 36 630 0.625
22 33 495 0.6818181818181818
41 61 1681 0.6721311475409836
40 65 1820 0.7
23 38 621 0.7105263157894737
27 38 675 0.6578947368421053
11 11 66 0.5454545454545454
58 75 2697 0.62
28 36 630 0.625
19 24 285 0.625
72 77 2988 0.538961038961039
35 45 980 0.6222222222222222
48 60 1752 0.6083333333333333
30 41 795 0.6463414634146342
77 83 3465 0.5421686746987951
40 57 1500 0.6578947368421053
61 91 3721 0.6703296703296703
10 14 95 0.6785714285714286
28 36 630 0.625
24 26 348 0.5576923076923077
26 38 663 0.6710526315789473
38 47 1083 0.6063829787234043
21 36 546 0.7222222222222222
20 29 390 0.6724137931034483
47 48 1175 0.5208333333333334
24 28 396 0.5892857142857143
45 59 1665 0.6271186440677966
24 31 468 0.6290322580645161
26 31 481 0.5967741935483871
15 20 195 0.65
18 26 315 0.6730769230769231
8 11 60 0.6818181818181818
44 54 1430 0.6018518518518519
38 46 1045 0.5978260869565217
34 41 833 0.5975609756097561
36 43 918 0.5930232558139535
29 31 493 0.5483870967741935
19 25 304 0.64
17 23 255 0.6521739130434783
59 68 2301 0.5735294117647058
39 36 666 0.47435897435897434
27 32 513 0.59375
35 52 1225 0.6730769230769231
43 61 1720 0.6557377049180327
14 16 133 0.59375
51 70 2295 0.6428571428571429
30 35 615 0.5857142857142857
16 18 168 0.5833333333333334
98 104 5439 0.5336538461538461
54 74 2565 0.6418918918918919
37 40 814 0.55
10 18 135 0.75
46 50 1265 0.55
61 67 2257 0.5522388059701493
50 57 1625 0.5701754385964912
19 22 247 0.5909090909090909
45 59 1665 0.6271186440677966
27 34 567 0.6176470588235294
50 63 1925 0.6111111111111112
43 40 820 0.4767441860465116
5 5 15 0.6
42 61 1701 0.6639344262295082
24 33 516 0.6515151515151515
16 22 232 0.6590909090909091
51 51 1326 0.5098039215686274
49 62 1862 0.6129032258064516
16 13 91 0.4375
42 55 1449 0.6272727272727273
20 27 350 0.6481481481481481
42 46 1071 0.5543478260869565
42 49 1197 0.5816326530612245
100 112 6250 0.5580357142857143
36 46 1026 0.6195652173913043
32 36 656 0.5694444444444444
43 51 1290 0.5882352941176471
17 17 153 0.5294117647058824
40 46 1060 0.5760869565217391
14 18 161 0.6388888888888888
66 81 3201 0.5987654320987654
13 16 130 0.625
13 13 91 0.5384615384615384
32 41 816 0.6219512195121951
29 36 638 0.6111111111111112
24 23 276 0.5
9 10 54 0.6
17 21 221 0.6190476190476191
6 10 45 0.75
30 34 585 0.5735294117647058
21 25 315 0.6
18 25 297 0.66
27 28 405 0.5357142857142857
10 10 55 0.55
25 34 550 0.6470588235294118
38 39 779 0.5256410256410257
30 32 525 0.546875
25 23 276 0.48
43 53 1376 0.6037735849056604
10 12 75 0.625
43 51 1290 0.5882352941176471
7 10 49 0.7
20 22 250 0.5681818181818182
48 54 1464 0.5648148148148148
32 36 656 0.5694444444444444
44 54 1430 0.6018518518518519
22 24 297 0.5625
21 20 210 0.5
19 28 361 0.6785714285714286
22 23 275 0.5434782608695652
25 28 400 0.5714285714285714
35 46 1015 0.6304347826086957
9 8 36 0.5
16 16 136 0.53125
21 27 357 0.6296296296296297
19 23 266 0.6086956521739131
19 26 323 0.6538461538461539
44 51 1298 0.5784313725490197
40 43 940 0.5465116279069767
17 23 255 0.6521739130434783
35 32 528 0.4714285714285714
27 35 594 0.6285714285714286
30 43 855 0.6627906976744186
18 20 207 0.575
8 9 44 0.6111111111111112
48 60 1752 0.6083333333333333
32 31 496 0.5
79 87 3792 0.5517241379310345
64 74 2720 0.5743243243243243
9 8 36 0.5
39 47 1092 0.5957446808510638
46 57 1587 0.6052631578947368
42 38 741 0.46428571428571425
55 78 2805 0.6538461538461539
25 30 450 0.6
103 123 7416 0.5853658536585366
70 84 3465 0.5892857142857143
30 33 555 0.5606060606060606
5 5 15 0.6
50 49 1225 0.5
3 3 6 0.6666666666666666
15 19 180 0.631578947368421
15 25 270 0.72
48 69 2184 0.6594202898550725
11 18 143 0.7222222222222222
42 54 1407 0.6203703703703703
18 23 261 0.6304347826086957
10 16 115 0.71875
12 15 114 0.6333333333333333
46 66 2001 0.6590909090909091
22 26 341 0.5961538461538461
20 29 390 0.6724137931034483
13 20 182 0.7
27 31 486 0.5806451612903226
16 25 280 0.7
30 38 705 0.618421052631579
20 30 410 0.6833333333333333
17 35 459 0.7714285714285715
25 28 400 0.5714285714285714
43 49 1204 0.5714285714285714
12 16 126 0.65625
42 63 1785 0.6746031746031746
66 91 3861 0.6428571428571429
18 16 136 0.4722222222222222
28 43 826 0.686046511627907
14 22 217 0.7045454545454546
14 20 189 0.675
19 29 380 0.6896551724137931
31 49 1054 0.6938775510204082
43 59 1634 0.6440677966101694
31 36 651 0.5833333333333334
15 20 195 0.65
24 32 492 0.640625
45 47 1125 0.5319148936170213
51 74 2499 0.6621621621621622
14 23 231 0.717391304347826
64 88 3616 0.6420454545454546
45 63 1845 0.6507936507936508
22 30 429 0.65
26 35 585 0.6428571428571429
35 48 1085 0.6458333333333334
31 40 775 0.625
51 67 2142 0.6268656716417911
35 49 1120 0.6530612244897959
26 39 689 0.6794871794871795
39 57 1482 0.6666666666666666
42 50 1239 0.59
50 61 1825 0.5983606557377049
13 19 169 0.6842105263157895
7 10 49 0.7
34 47 1037 0.648936170212766
22 31 451 0.6612903225806451
30 37 675 0.6081081081081081
29 28 406 0.5
21 22 252 0.5454545454545454
22 22 253 0.5227272727272727
9 9 45 0.5555555555555556
48 50 1272 0.53
30 29 435 0.5
42 46 1071 0.5543478260869565
16 18 168 0.5833333333333334
29 40 754 0.65
18 21 225 0.5952380952380952
7 10 49 0.7
40 41 860 0.524390243902439
10 13 85 0.6538461538461539
73 90 3942 0.6
73 83 3431 0.5662650602409639
53 72 2438 0.6388888888888888
63 77 2898 0.5974025974025974
44 59 1650 0.635593220338983
32 46 976 0.6630434782608695
15 18 165 0.6111111111111112
28 29 434 0.5344827586206896
8 9 44 0.6111111111111112
39 47 1092 0.5957446808510638
86 118 6493 0.6398305084745762
31 42 837 0.6428571428571429
101 143 9393 0.6503496503496503
39 40 819 0.525
106 136 8851 0.6139705882352942
57 69 2337 0.5942028985507246
25 34 550 0.6470588235294118
42 60 1659 0.6583333333333333
25 33 525 0.6363636363636364
19 21 228 0.5714285714285714
50 75 2525 0.6733333333333333
18 28 351 0.6964285714285714
41 50 1230 0.6
27 26 351 0.5
36 47 1062 0.6276595744680851
16 18 168 0.5833333333333334
32 38 720 0.5921052631578947
34 45 969 0.6333333333333333
11 8 36 0.4090909090909091
30 48 1005 0.6979166666666666
54 64 2025 0.5859375
31 44 899 0.6590909090909091
26 28 403 0.5535714285714286
14 20 189 0.675
28 29 434 0.5344827586206896
26 42 767 0.7023809523809523
19 16 136 0.4473684210526316
31 37 682 0.5945945945945946
24 33 516 0.6515151515151515
12 19 162 0.7105263157894737
32 44 912 0.6477272727272727
43 48 1161 0.5625
30 39 735 0.6282051282051282
14 19 175 0.6578947368421053
16 23 248 0.6739130434782609
37 38 740 0.5263157894736842
9 11 63 0.6363636363636364
78 105 5187 0.6333333333333333
74 107 5217 0.6588785046728972
40 44 980 0.5568181818181818
23 32 483 0.65625
19 23 266 0.6086956521739131
41 47 1107 0.574468085106383
11 18 143 0.7222222222222222
57 78 2850 0.6410256410256411
14 20 189 0.675
22 25 319 0.58
55 85 3190 0.6823529411764706
96 152 10032 0.6875
63 96 4095 0.6770833333333334
12 19 162 0.7105263157894737
48 64 1944 0.6328125
24 38 636 0.6973684210526315
40 62 1700 0.6854838709677419
21 33 483 0.696969696969697
13 15 117 0.6
55 70 2365 0.6142857142857143
77 95 4389 0.6
24 27 372 0.5740740740740741
35 46 1015 0.6304347826086957
77 115 5929 0.6695652173913044
31 36 651 0.5833333333333334
37 52 1258 0.6538461538461539
10 18 135 0.75
54 82 2997 0.676829268292683
27 33 540 0.6060606060606061
36 46 1026 0.6195652173913043
33 43 891 0.627906976744186
24 20 210 0.4375
37 61 1591 0.7049180327868853
13 22 208 0.7272727272727273
41 52 1312 0.6153846153846154
43 56 1505 0.625
11 9 45 0.45454545454545453
51 63 1938 0.6031746031746031
36 38 738 0.5394736842105263
23 25 322 0.56
16 25 280 0.7
32 36 656 0.5694444444444444
49 41 861 0.4285714285714286
22 25 319 0.58
38 51 1235 0.6372549019607843
33 32 528 0.5
27 36 621 0.6388888888888888
43 50 1247 0.58
36 48 1098 0.6354166666666666
17 19 187 0.5789473684210527
45 74 2340 0.7027027027027027
59 82 3127 0.6463414634146342
13 16 130 0.625
10 11 65 0.5909090909090909
46 67 2047 0.664179104477612
10 18 135 0.75
31 35 620 0.5714285714285714
49 79 2695 0.6962025316455697
13 15 117 0.6
9 9 45 0.5555555555555556
96 125 7440 0.62
62 80 3069 0.61875
29 35 609 0.6
57 75 2679 0.6266666666666667
28 30 462 0.55
28 24 300 0.4464285714285714
31 39 744 0.6153846153846154
15 20 195 0.65
62 88 3565 0.6534090909090909
51 65 2040 0.6153846153846154
21 22 252 0.5454545454545454
13 15 117 0.6
32 44 912 0.6477272727272727
33 38 726 0.5789473684210527
31 37 682 0.5945945945945946
18 28 351 0.6964285714285714
21 25 315 0.6
19 30 399 0.7
16 20 200 0.625
27 38 675 0.6578947368421053
17 26 306 0.6923076923076923
54 83 3051 0.6807228915662651
25 33 525 0.6363636363636364
14 15 119 0.5666666666666667
22 24 297 0.5625
84 131 7518 0.683206106870229
44 45 1034 0.5222222222222223
61 88 3538 0.6590909090909091
13 17 143 0.6470588235294118
51 70 2295 0.6428571428571429
43 61 1720 0.6557377049180327
21 27 357 0.6296296296296297
27 33 540 0.6060606060606061
35 40 805 0.575
77 89 3927 0.5730337078651685
54 63 1971 0.5793650793650794
33 36 660 0.5555555555555556
17 19 187 0.5789473684210527
37 57 1443 0.6842105263157895
6 9 39 0.7222222222222222
62 89 3627 0.6573033707865169
39 57 1482 0.6666666666666666
27 49 972 0.7346938775510204
48 71 2280 0.6690140845070423
15 18 165 0.6111111111111112
17 21 221 0.6190476190476191
64 91 3808 0.6538461538461539
61 78 2928 0.6153846153846154
65 100 4420 0.68
18 24 279 0.6458333333333334
31 42 837 0.6428571428571429
42 53 1365 0.6132075471698113
30 46 945 0.6847826086956522
26 33 533 0.6212121212121212
55 69 2310 0.6086956521739131
23 31 460 0.6451612903225806
23 29 414 0.6206896551724138
63 69 2394 0.5507246376811594
30 34 585 0.5735294117647058
19 23 266 0.6086956521739131
41 50 1230 0.6
20 30 410 0.6833333333333333
23 35 552 0.6857142857142857
14 19 175 0.6578947368421053
42 45 1029 0.5444444444444444
20 34 490 0.7205882352941176
12 18 150 0.6944444444444444
11 15 110 0.6666666666666666
18 25 297 0.66
66 83 3333 0.608433734939759
41 47 1107 0.574468085106383
44 55 1474 0.6090909090909091
24 33 516 0.6515151515151515
61 64 2074 0.53125
52 69 2262 0.6304347826086957
31 31 496 0.5161290322580645
34 40 799 0.5875
32 47 1008 0.6702127659574468
21 30 420 0.6666666666666666
22 28 385 0.625
50 61 1825 0.5983606557377049
38 53 1311 0.6509433962264151
56 70 2380 0.6071428571428571
94 121 7003 0.6157024793388429
93 108 5766 0.5740740740740741
27 40 729 0.675
19 21 228 0.5714285714285714
12 8 36 0.375
34 45 969 0.6333333333333333
54 69 2295 0.6159420289855072
51 77 2652 0.6753246753246753
20 19 190 0.5
22 21 231 0.5
42 66 1911 0.6893939393939394
12 20 174 0.725
25 33 525 0.6363636363636364
26 33 533 0.6212121212121212
10 12 75 0.625
16 25 280 0.7
55 70 2365 0.6142857142857143
28 39 714 0.6538461538461539
14 21 203 0.6904761904761905
12 13 90 0.5769230769230769
16 21 216 0.6428571428571429
24 38 636 0.6973684210526315
11 16 121 0.6875
33 35 627 0.5428571428571428
23 35 552 0.6857142857142857
8 9 44 0.6111111111111112
27 37 648 0.6486486486486487
21 39 609 0.7435897435897436
26 41 741 0.6951219512195121
23 30 437 0.6333333333333333
24 36 588 0.6805555555555556
20 27 350 0.6481481481481481
21 34 504 0.7058823529411765
16 19 184 0.6052631578947368
67 78 3015 0.5769230769230769
68 78 3026 0.5705128205128205
15 18 165 0.6111111111111112
25 33 525 0.6363636363636364
17 20 204 0.6
30 31 495 0.532258064516129
21 22 252 0.5454545454545454
24 39 660 0.7051282051282052
22 21 231 0.5
19 23 266 0.6086956521739131
6 8 33 0.6875
75 66 2211 0.44666666666666666
35 41 840 0.5853658536585366
42 52 1323 0.6057692307692307
24 28 396 0.5892857142857143
35 42 875 0.5952380952380952
52 49 1225 0.4807692307692307
45 51 1305 0.5686274509803921
53 58 1696 0.5517241379310345
35 41 840 0.5853658536585366
15 19 180 0.631578947368421
29 35 609 0.6
40 48 1140 0.59375
44 52 1342 0.5865384615384616
37 37 703 0.5135135135135135
34 44 935 0.625
32 44 912 0.6477272727272727
17 25 289 0.68
13 19 169 0.6842105263157895
19 28 361 0.6785714285714286
20 26 330 0.6346153846153846
24 37 612 0.6891891891891891
66 88 3663 0.6306818181818182
30 41 795 0.6463414634146342
19 26 323 0.6538461538461539
28 31 490 0.5645161290322581
37 50 1184 0.64
52 57 1638 0.5526315789473685
13 19 169 0.6842105263157895
28 34 574 0.6029411764705882
27 34 567 0.6176470588235294
13 18 156 0.6666666666666666
61 71 2501 0.5774647887323944
15 20 195 0.65
26 32 507 0.609375
16 20 200 0.625
31 46 961 0.6739130434782609
89 104 5340 0.5769230769230769
41 47 1107 0.574468085106383
24 24 300 0.5208333333333334
41 55 1435 0.6363636363636364
47 61 1786 0.6229508196721312
15 17 150 0.5882352941176471
32 41 816 0.6219512195121951
38 45 1007 0.5888888888888889
19 21 228 0.5714285714285714
34 39 765 0.5769230769230769
51 57 1632 0.5614035087719298
28 28 406 0.5178571428571429
16 17 152 0.5588235294117647
17 16 136 0.5
22 40 649 0.7375
22 33 495 0.6818181818181818
34 48 1071 0.65625
58 79 2929 0.6392405063291139
