15 19 249 0.8736842105263158
4 7 28 1.0
41 47 1332 0.6912298910223144
38 37 910 0.647226173541963
29 28 559 0.688423645320197
30 34 744 0.7294117647058824
26 25 460 0.7076923076923077
33 29 606 0.6332288401253918
27 29 573 0.7318007662835249
24 27 495 0.7638888888888888
19 19 283 0.7839335180055402
38 36 872 0.6374269005847952
32 46 1147 0.7792119565217391
10 21 204 0.9714285714285713
6 8 48 1.0
49 56 1841 0.6709183673469388
34 37 880 0.699523052464229
50 69 2504 0.7257971014492753
28 36 777 0.7708333333333334
36 56 1581 0.7842261904761905
43 46 1312 0.6632962588473206
28 27 525 0.6944444444444444
48 44 1251 0.5923295454545454
13 16 187 0.8990384615384616
8 9 71 0.9861111111111112
37 42 1089 0.7007722007722007
48 57 1875 0.6853070175438597
21 24 399 0.7916666666666666
42 48 1386 0.6875
18 21 312 0.8253968253968254
34 35 812 0.6823529411764706
19 21 321 0.8045112781954887
38 42 1100 0.6892230576441103
39 40 1032 0.6615384615384615
15 21 279 0.8857142857142858
4 8 32 1.0
74 82 3790 0.6245880026367832
35 37 889 0.6864864864864865
47 59 1953 0.7042913811756221
36 48 1293 0.7482638888888888
51 54 1764 0.6405228758169934
32 30 635 0.6614583333333334
36 46 1221 0.7373188405797101
23 30 554 0.8028985507246377
13 14 161 0.8846153846153847
4 7 28 1.0
14 15 182 0.8666666666666667
32 40 955 0.74609375
41 50 1455 0.7097560975609756
27 33 681 0.7643097643097643
27 31 627 0.7491039426523297
31 35 785 0.7235023041474655
43 55 1699 0.7183932346723044
40 34 799 0.5875
60 58 2049 0.5887931034482758
27 38 816 0.7953216374269005
34 36 846 0.6911764705882353
16 17 227 0.8345588235294118
19 22 340 0.8133971291866029
33 32 705 0.6676136363636364
30 28 564 0.6714285714285715
35 37 889 0.6864864864864865
13 16 187 0.8990384615384616
52 65 2345 0.6937869822485208
59 80 3342 0.708050847457627
28 33 693 0.75
40 47 1319 0.7015957446808511
58 70 2734 0.6733990147783252
42 54 1638 0.7222222222222222
53 62 2205 0.6710286062081559
38 45 1214 0.7099415204678362
21 30 525 0.8333333333333334
40 68 2159 0.7937500000000001
41 48 1373 0.6976626016260162
55 58 2014 0.6313479623824452
27 30 600 0.7407407407407407
100 123 7929 0.6446341463414634
10 13 124 0.9538461538461539
23 29 531 0.7961019490254873
6 9 54 1.0
32 45 1115 0.7743055555555556
20 20 309 0.7725
21 26 441 0.8076923076923077
20 29 489 0.843103448275862
25 32 629 0.78625
17 22 319 0.8529411764705883
60 95 4269 0.7489473684210527
34 45 1152 0.7529411764705882
21 28 483 0.8214285714285714
24 35 687 0.8178571428571428
29 29 588 0.699167657550535
52 62 2189 0.6789702233250621
46 72 2532 0.7644927536231884
33 29 606 0.6332288401253918
18 28 438 0.869047619047619
50 60 2054 0.6846666666666666
24 30 567 0.7875
22 26 452 0.7902097902097902
28 28 553 0.7053571428571429
43 62 2000 0.7501875468867216
15 21 279 0.8857142857142858
52 59 2033 0.6626466753585398
23 20 324 0.7043478260869566
33 32 705 0.6676136363636364
42 48 1386 0.6875
42 52 1554 0.7115384615384616
30 36 804 0.7444444444444445
32 28 571 0.6372767857142857
33 41 1002 0.7405764966740577
34 41 1016 0.7288378766140603
53 53 1728 0.6151655393378427
30 33 714 0.7212121212121212
56 69 2639 0.6829710144927537
6 7 42 1.0
95 148 10144 0.7214793741109531
33 49 1266 0.7829313543599259
53 67 2470 0.6955787102224725
52 70 2605 0.7156593406593407
24 36 711 0.8229166666666666
76 101 5261 0.6853830119854091
56 75 2975 0.7083333333333334
53 73 2788 0.7205996381493927
47 53 1671 0.6708149337615416
28 36 777 0.7708333333333334
22 33 606 0.8347107438016529
41 61 1906 0.7620951619352259
40 65 2039 0.7842307692307693
23 38 738 0.8443935926773456
27 38 816 0.7953216374269005
11 11 111 0.9173553719008265
58 75 3024 0.6951724137931035
28 36 777 0.7708333333333334
19 24 378 0.8289473684210527
72 77 3399 0.6130952380952381
35 45 1169 0.7422222222222222
48 60 2019 0.7010416666666667
30 41 954 0.775609756097561
77 83 3906 0.6111719605695509
40 57 1719 0.7539473684210527
61 91 4066 0.7324806341199784
10 14 134 0.9571428571428572
28 36 777 0.7708333333333334
24 26 471 0.7548076923076923
26 38 798 0.8076923076923077
38 47 1290 0.7222844344904815
21 36 651 0.8611111111111112
20 29 489 0.843103448275862
47 48 1436 0.6365248226950354
24 28 519 0.7723214285714286
45 59 1914 0.7209039548022599
24 31 591 0.7943548387096774
26 31 616 0.7642679900744417
15 20 264 0.8800000000000001
18 26 402 0.8589743589743589
8 11 87 0.9886363636363636
44 54 1673 0.7041245791245792
38 46 1252 0.7162471395881006
34 41 1016 0.7288378766140603
36 43 1113 0.7189922480620156
29 31 646 0.7185761957730812
19 25 397 0.8357894736842105
17 23 336 0.8593350383631714
59 68 2634 0.656530408773679
39 36 876 0.6239316239316239
27 32 654 0.7569444444444444
35 52 1414 0.7769230769230769
43 61 1957 0.7460922607701105
14 16 196 0.875
51 70 2580 0.7226890756302521
30 35 774 0.7371428571428572
16 18 243 0.84375
98 104 6006 0.5892857142857143
54 74 2868 0.7177177177177178
37 40 1015 0.6858108108108107
10 18 174 0.9666666666666666
46 50 1520 0.6608695652173913
61 67 2602 0.6366528015659407
50 57 1904 0.6680701754385965
19 22 340 0.8133971291866029
45 59 1914 0.7209039548022599
27 34 708 0.7712418300653594
50 63 2204 0.6996825396825397
43 40 1054 0.6127906976744186
5 5 25 1.0
42 61 1932 0.7540983606557377
24 33 639 0.8068181818181818
16 22 307 0.8721590909090909
51 51 1611 0.6193771626297578
49 62 2135 0.7027649769585254
16 13 163 0.7836538461538461
42 55 1680 0.7272727272727273
20 27 449 0.8314814814814815
42 46 1302 0.6739130434782609
42 49 1428 0.6938775510204082
100 112 6829 0.609732142857143
36 46 1221 0.7373188405797101
32 36 827 0.7178819444444444
43 51 1527 0.6963064295485636
17 17 234 0.809688581314879
40 46 1279 0.6951086956521739
14 18 224 0.8888888888888888
66 81 3576 0.6689113355780022
13 16 187 0.8990384615384616
13 13 148 0.8757396449704142
32 41 987 0.7522865853658537
29 36 791 0.7576628352490421
24 23 399 0.7228260869565217
9 10 87 0.9666666666666666
17 21 302 0.84593837535014
6 10 60 1.0
30 34 744 0.7294117647058824
21 25 420 0.8
18 25 384 0.8533333333333333
27 28 546 0.7222222222222222
10 10 94 0.9400000000000001
25 34 679 0.7988235294117647
38 39 986 0.6653171390013495
30 32 684 0.7125
25 23 404 0.7026086956521739
43 53 1613 0.70776656428258
10 12 114 0.9500000000000001
43 51 1527 0.6963064295485636
7 10 70 1.0
20 22 349 0.7931818181818181
48 54 1731 0.6678240740740741
32 36 827 0.7178819444444444
44 54 1673 0.7041245791245792
22 24 408 0.7727272727272728
21 20 315 0.75
19 28 454 0.8533834586466166
22 23 386 0.7628458498023716
25 28 529 0.7557142857142857
35 46 1204 0.7478260869565218
9 8 69 0.9583333333333334
16 16 211 0.82421875
21 27 462 0.8148148148148148
19 23 359 0.8215102974828375
19 26 416 0.8421052631578948
44 51 1541 0.6867201426024956
40 43 1159 0.6738372093023256
17 23 336 0.8593350383631714
35 32 714 0.6375
27 35 735 0.7777777777777778
30 43 1014 0.786046511627907
18 20 294 0.8166666666666667
8 9 71 0.9861111111111112
48 60 2019 0.7010416666666667
32 31 667 0.6723790322580645
79 87 4245 0.6176342208642515
64 74 3083 0.6509712837837838
9 8 69 0.9583333333333334
39 47 1305 0.7119476268412438
46 57 1842 0.7025171624713958
42 38 966 0.6052631578947368
55 78 3114 0.7258741258741258
25 30 579 0.772
103 123 8013 0.6324887520719867
70 84 3864 0.6571428571428571
30 33 714 0.7212121212121212
5 5 25 1.0
50 49 1504 0.6138775510204081
3 3 9 1.0
15 19 249 0.8736842105263158
15 25 339 0.904
48 69 2451 0.740036231884058
11 18 188 0.9494949494949494
42 54 1638 0.7222222222222222
18 23 348 0.8405797101449275
10 16 154 0.9625
12 15 165 0.9166666666666666
46 66 2256 0.7430830039525691
22 26 452 0.7902097902097902
20 29 489 0.843103448275862
13 20 239 0.9192307692307692
27 31 627 0.7491039426523297
16 25 355 0.8875
30 38 864 0.7578947368421053
20 30 509 0.8483333333333333
17 35 540 0.907563025210084
25 28 529 0.7557142857142857
43 49 1441 0.6839107736117702
12 16 177 0.921875
42 63 2016 0.7619047619047619
66 91 4236 0.7052947052947054
18 16 222 0.7708333333333334
28 43 973 0.8081395348837209
14 22 280 0.9090909090909091
14 20 252 0.9
19 29 473 0.8584392014519057
31 49 1219 0.8025016458196181
43 59 1871 0.7374852187623177
31 36 816 0.7311827956989247
15 20 264 0.8800000000000001
24 32 615 0.80078125
45 47 1374 0.649645390070922
51 74 2784 0.7376788553259142
14 23 294 0.9130434782608695
64 88 3979 0.7064985795454546
45 63 2094 0.7386243386243386
22 30 540 0.8181818181818182
26 35 720 0.7912087912087913
35 48 1274 0.7583333333333333
31 40 940 0.7580645161290323
51 67 2427 0.7102721685689201
35 49 1309 0.7632653061224489
26 39 824 0.8126232741617357
39 57 1695 0.7624831309041835
42 50 1470 0.7
50 61 2104 0.6898360655737704
13 19 226 0.9149797570850202
7 10 70 1.0
34 47 1220 0.7634543178973717
22 31 562 0.8240469208211144
30 37 834 0.7513513513513513
29 28 559 0.688423645320197
21 22 357 0.7727272727272727
22 22 364 0.7520661157024794
9 9 78 0.9629629629629629
48 50 1539 0.64125
30 29 594 0.6827586206896552
42 46 1302 0.6739130434782609
16 18 243 0.84375
29 40 907 0.7818965517241379
18 21 312 0.8253968253968254
7 10 70 1.0
40 41 1079 0.6579268292682927
10 13 124 0.9538461538461539
73 90 4359 0.6634703196347032
73 83 3848 0.6350882983990758
53 72 2735 0.7167190775681341
63 77 3255 0.6709956709956709
44 59 1893 0.7291987673343606
32 46 1147 0.7792119565217391
15 18 234 0.8666666666666667
28 29 581 0.7155172413793104
8 9 71 0.9861111111111112
39 47 1305 0.7119476268412438
86 118 6988 0.6886085928261726
31 42 1002 0.7695852534562212
101 143 9978 0.6908537007546909
39 40 1032 0.6615384615384615
106 136 9466 0.6566315205327414
57 69 2658 0.6758199847444698
25 34 679 0.7988235294117647
42 60 1890 0.75
25 33 654 0.7927272727272727
19 21 321 0.8045112781954887
50 75 2804 0.7477333333333334
18 28 438 0.869047619047619
41 50 1455 0.7097560975609756
27 26 492 0.7008547008547008
36 47 1257 0.7429078014184397
16 18 243 0.84375
32 38 891 0.7327302631578947
34 45 1152 0.7529411764705882
11 8 78 0.8863636363636364
30 48 1164 0.8083333333333332
54 64 2328 0.6736111111111112
31 44 1064 0.7800586510263929
26 28 538 0.739010989010989
14 20 252 0.9
28 29 581 0.7155172413793104
26 42 902 0.8260073260073261
19 16 226 0.743421052631579
31 37 847 0.7384481255448998
24 33 639 0.8068181818181818
12 19 213 0.9342105263157895
32 44 1083 0.7691761363636364
43 48 1398 0.6773255813953488
30 39 894 0.7641025641025642
14 19 238 0.8947368421052632
16 23 323 0.8777173913043478
37 38 941 0.6692745376955903
9 11 96 0.9696969696969696
78 105 5634 0.6879120879120879
74 107 5640 0.7123010861328618
40 44 1199 0.68125
23 32 600 0.8152173913043478
19 23 359 0.8215102974828375
41 47 1332 0.6912298910223144
11 18 188 0.9494949494949494
57 78 3171 0.7132253711201079
14 20 252 0.9
22 25 430 0.7818181818181819
55 85 3499 0.7484491978609625
96 152 10587 0.7255345394736842
63 96 4452 0.7361111111111112
12 19 213 0.9342105263157895
48 64 2211 0.7197265625
24 38 759 0.8322368421052632
40 62 1919 0.7737903225806452
21 33 588 0.8484848484848485
13 15 174 0.8923076923076924
55 70 2674 0.6945454545454546
77 95 4830 0.6602870813397129
24 27 495 0.7638888888888888
35 46 1204 0.7478260869565218
77 115 6370 0.7193675889328064
31 36 816 0.7311827956989247
37 52 1459 0.7583160083160083
10 18 174 0.9666666666666666
54 82 3300 0.7452574525745258
27 33 681 0.7643097643097643
36 46 1221 0.7373188405797101
33 43 1068 0.7526427061310783
24 20 327 0.68125
37 61 1792 0.7939743021710235
13 22 265 0.9265734265734266
41 52 1537 0.7209193245778611
43 56 1742 0.7234219269102989
11 9 89 0.8989898989898991
51 63 2223 0.6918767507002801
36 38 933 0.6820175438596492
23 25 439 0.7634782608695652
16 25 355 0.8875
32 36 827 0.7178819444444444
49 41 1107 0.5510204081632654
22 25 430 0.7818181818181819
38 51 1442 0.7440660474716202
33 32 705 0.6676136363636364
27 36 762 0.7839506172839505
43 50 1484 0.6902325581395349
36 48 1293 0.7482638888888888
17 19 268 0.8297213622291022
45 74 2589 0.7774774774774774
59 82 3460 0.7151715584952459
13 16 187 0.8990384615384616
10 11 104 0.9454545454545454
46 67 2302 0.7469175859831279
10 18 174 0.9666666666666666
31 35 785 0.7235023041474655
49 79 2968 0.7667269439421338
13 15 174 0.8923076923076924
9 9 78 0.9629629629629629
96 125 7995 0.66625
62 80 3420 0.6895161290322581
29 35 762 0.7507389162561576
57 75 3000 0.7017543859649122
28 30 609 0.725
28 24 441 0.65625
31 39 909 0.7518610421836228
15 20 264 0.8800000000000001
62 88 3916 0.717741935483871
51 65 2325 0.7013574660633484
21 22 357 0.7727272727272727
13 15 174 0.8923076923076924
32 44 1083 0.7691761363636364
33 38 903 0.7200956937799043
31 37 847 0.7384481255448998
18 28 438 0.869047619047619
21 25 420 0.8
19 30 492 0.8631578947368421
16 20 275 0.859375
27 38 816 0.7953216374269005
17 26 387 0.8755656108597285
54 83 3354 0.748326639892905
25 33 654 0.7927272727272727
14 15 182 0.8666666666666667
22 24 408 0.7727272727272728
84 131 8001 0.7270992366412213
44 45 1277 0.6449494949494949
61 88 3883 0.7233606557377049
13 17 200 0.9049773755656109
51 70 2580 0.7226890756302521
43 61 1957 0.7460922607701105
21 27 462 0.8148148148148148
27 33 681 0.7643097643097643
35 40 994 0.71
77 89 4368 0.6373850868232891
54 63 2274 0.6684303350970018
33 36 837 0.7045454545454546
17 19 268 0.8297213622291022
37 57 1644 0.7795163584637269
6 9 54 1.0
62 89 3978 0.7209133744110184
39 57 1695 0.7624831309041835
27 49 1113 0.8412698412698413
48 71 2547 0.7473591549295775
15 18 234 0.8666666666666667
17 21 302 0.84593837535014
64 91 4171 0.7161744505494505
61 78 3273 0.6878940731399747
65 100 4789 0.7367692307692307
18 24 366 0.8472222222222222
31 42 1002 0.7695852534562212
42 53 1596 0.7169811320754716
30 46 1104 0.7999999999999999
26 33 668 0.7785547785547786
55 69 2619 0.6901185770750988
23 31 577 0.8092566619915849
23 29 531 0.7961019490254873
63 69 2751 0.6328502415458936
30 34 744 0.7294117647058824
19 23 359 0.8215102974828375
41 50 1455 0.7097560975609756
20 30 509 0.8483333333333333
23 35 669 0.831055900621118
14 19 238 0.8947368421052632
42 45 1260 0.6666666666666666
20 34 589 0.8661764705882353
12 18 201 0.9305555555555556
11 15 155 0.9393939393939394
18 25 384 0.8533333333333333
66 83 3708 0.6768893756845564
41 47 1332 0.6912298910223144
44 55 1717 0.709504132231405
24 33 639 0.8068181818181818
61 64 2419 0.6196209016393442
52 69 2553 0.7115384615384616
31 31 661 0.6878251821019772
34 40 982 0.7220588235294118
32 47 1179 0.7839095744680851
21 30 525 0.8333333333333334
22 28 496 0.8051948051948052
50 61 2104 0.6898360655737704
38 53 1518 0.7537239324726911
56 70 2695 0.6875
94 121 7546 0.6634429400386846
93 108 6303 0.6275388291517324
27 40 870 0.8055555555555556
19 21 321 0.8045112781954887
12 8 81 0.84375
34 45 1152 0.7529411764705882
54 69 2598 0.6972624798711756
51 77 2937 0.7478991596638656
20 19 289 0.7605263157894736
22 21 342 0.7402597402597403
42 66 2142 0.7727272727272727
12 20 225 0.9375
25 33 654 0.7927272727272727
26 33 668 0.7785547785547786
10 12 114 0.9500000000000001
16 25 355 0.8875
55 70 2674 0.6945454545454546
28 39 861 0.7884615384615384
14 21 266 0.9047619047619048
12 13 141 0.9038461538461539
16 21 291 0.8660714285714286
24 38 759 0.8322368421052632
11 16 166 0.9431818181818182
33 35 804 0.6961038961038961
23 35 669 0.831055900621118
8 9 71 0.9861111111111112
27 37 789 0.7897897897897898
21 39 714 0.8717948717948718
26 41 876 0.8217636022514072
23 30 554 0.8028985507246377
24 36 711 0.8229166666666666
20 27 449 0.8314814814814815
21 34 609 0.8529411764705882
16 19 259 0.8519736842105263
67 78 3396 0.6498277841561423
68 78 3413 0.6434766214177978
15 18 234 0.8666666666666667
25 33 654 0.7927272727272727
17 20 285 0.8382352941176471
30 31 654 0.7032258064516129
21 22 357 0.7727272727272727
24 39 783 0.8365384615384616
22 21 342 0.7402597402597403
19 23 359 0.8215102974828375
6 8 48 1.0
75 66 2607 0.5266666666666666
35 41 1029 0.7170731707317073
42 52 1554 0.7115384615384616
24 28 519 0.7723214285714286
35 42 1064 0.7238095238095238
52 49 1513 0.5937990580847724
45 51 1554 0.6771241830065359
53 58 1993 0.6483409238776838
35 41 1029 0.7170731707317073
15 19 249 0.8736842105263158
29 35 762 0.7507389162561576
40 48 1359 0.7078125000000001
44 52 1585 0.6927447552447552
37 37 904 0.660336011687363
34 44 1118 0.7473262032085561
32 44 1083 0.7691761363636364
17 25 370 0.8705882352941177
13 19 226 0.9149797570850202
19 28 454 0.8533834586466166
20 26 429 0.825
24 37 735 0.8277027027027027
66 88 4038 0.6952479338842975
30 41 954 0.775609756097561
19 26 416 0.8421052631578948
28 31 637 0.7338709677419355
37 50 1385 0.7486486486486487
52 57 1929 0.6508097165991903
13 19 226 0.9149797570850202
28 34 721 0.7573529411764706
27 34 708 0.7712418300653594
13 18 213 0.9102564102564101
61 71 2846 0.6571230662664511
15 20 264 0.8800000000000001
26 32 642 0.7716346153846154
16 20 275 0.859375
31 46 1126 0.7896213183730715
89 104 5853 0.6323465859982714
41 47 1332 0.6912298910223144
24 24 423 0.734375
41 55 1660 0.7361419068736141
47 61 2047 0.713986745727241
15 17 219 0.8588235294117647
32 41 987 0.7522865853658537
38 45 1214 0.7099415204678362
19 21 321 0.8045112781954887
34 39 948 0.7149321266968326
51 57 1917 0.6594427244582043
28 28 553 0.7053571428571429
16 17 227 0.8345588235294118
17 16 217 0.7977941176470589
22 40 760 0.8636363636363636
22 33 606 0.8347107438016529
34 48 1254 0.7683823529411765
58 79 3256 0.710606721955478
