15 19 219 0.7684210526315789
4 7 28 1.0
41 47 1224 0.6351842241826674
38 37 811 0.5768136557610242
29 28 487 0.5997536945812808
30 34 669 0.6558823529411765
26 25 397 0.6107692307692308
33 29 522 0.5454545454545454
27 29 507 0.6475095785440613
24 27 438 0.6759259259259259
19 19 241 0.667590027700831
38 36 773 0.5650584795321637
32 46 1066 0.7241847826086957
10 21 189 0.8999999999999999
6 8 45 0.9375
49 56 1709 0.6228134110787172
34 37 793 0.6303656597774245
50 69 2369 0.6866666666666668
28 36 708 0.7023809523809523
36 56 1488 0.7380952380952381
43 46 1198 0.6056622851365016
28 27 456 0.6031746031746031
48 44 1122 0.53125
13 16 163 0.7836538461538461
8 9 62 0.8611111111111112
37 42 993 0.638996138996139
48 57 1746 0.6381578947368421
21 24 351 0.6964285714285715
42 48 1275 0.6324404761904762
18 21 273 0.7222222222222222
34 35 725 0.6092436974789917
19 21 279 0.6992481203007519
38 42 1001 0.6271929824561403
39 40 930 0.5961538461538461
15 21 249 0.7904761904761906
4 8 32 1.0
74 82 3583 0.5904746209624259
35 37 799 0.616988416988417
47 59 1827 0.6588532275513884
36 48 1200 0.6944444444444445
51 54 1626 0.5904139433551199
32 30 554 0.5770833333333333
36 46 1128 0.6811594202898551
23 30 500 0.7246376811594203
13 14 137 0.7527472527472527
4 7 28 1.0
14 15 155 0.738095238095238
32 40 874 0.6828125
41 50 1347 0.6570731707317072
27 33 615 0.6902356902356903
27 31 561 0.6702508960573477
31 35 707 0.6516129032258065
43 55 1585 0.6701902748414377
40 34 697 0.5125000000000001
60 58 1884 0.5413793103448276
27 38 750 0.7309941520467836
34 36 759 0.6200980392156863
16 17 194 0.7132352941176471
19 22 298 0.7129186602870813
33 32 621 0.5880681818181818
30 28 489 0.5821428571428572
35 37 799 0.616988416988417
13 16 163 0.7836538461538461
52 65 2204 0.6520710059171598
59 80 3180 0.673728813559322
28 33 624 0.6753246753246753
40 47 1214 0.6457446808510638
58 70 2575 0.6342364532019704
42 54 1527 0.6732804232804233
53 62 2061 0.6272063298843579
38 45 1115 0.652046783625731
21 30 477 0.7571428571428572
40 68 2054 0.7551470588235294
41 48 1265 0.6427845528455285
55 58 1864 0.5843260188087774
27 30 534 0.6592592592592593
100 123 7644 0.6214634146341463
10 13 109 0.8384615384615385
23 29 477 0.7151424287856072
6 9 51 0.9444444444444444
32 45 1034 0.7180555555555556
20 20 264 0.6599999999999999
21 26 393 0.7197802197802198
20 29 444 0.7655172413793103
25 32 569 0.71125
17 22 283 0.7566844919786097
60 95 4104 0.7200000000000001
34 45 1065 0.696078431372549
21 28 435 0.7397959183673469
24 35 630 0.75
29 29 516 0.6135552913198573
52 62 2048 0.6352357320099256
46 72 2409 0.7273550724637681
33 29 522 0.5454545454545454
18 28 399 0.7916666666666667
50 60 1919 0.6396666666666667
24 30 510 0.7083333333333334
22 26 401 0.701048951048951
28 28 484 0.6173469387755102
43 62 1886 0.7074268567141786
15 21 249 0.7904761904761906
52 59 1892 0.6166883963494133
23 20 270 0.5869565217391305
33 32 621 0.5880681818181818
42 48 1275 0.6324404761904762
42 52 1443 0.6607142857142857
30 36 729 0.675
32 28 490 0.546875
33 41 918 0.6784922394678492
34 41 929 0.6664275466284075
53 53 1584 0.5639017443930224
30 33 639 0.6454545454545455
56 69 2486 0.6433747412008282
6 7 39 0.9285714285714286
95 148 9874 0.7022759601706969
33 49 1182 0.7309833024118739
53 67 2326 0.6550267530273162
52 70 2464 0.676923076923077
24 36 654 0.7569444444444444
76 101 5048 0.6576341844710787
56 75 2822 0.6719047619047619
53 73 2644 0.6833807185319204
47 53 1545 0.6202328382175833
28 36 708 0.7023809523809523
22 33 555 0.7644628099173554
41 61 1798 0.7189124350259896
40 65 1934 0.7438461538461538
23 38 684 0.782608695652174
27 38 750 0.7309941520467836
11 11 93 0.768595041322314
58 75 2865 0.6586206896551724
28 36 708 0.7023809523809523
19 24 336 0.736842105263158
72 77 3198 0.5768398268398268
35 45 1079 0.6850793650793651
48 60 1890 0.65625
30 41 879 0.7146341463414634
77 83 3690 0.5773744327961196
40 57 1614 0.7078947368421052
61 91 3898 0.7022158169699153
10 14 119 0.85
28 36 708 0.7023809523809523
24 26 414 0.6634615384615384
26 38 735 0.7439271255060729
38 47 1191 0.6668533034714446
21 36 603 0.7976190476190477
20 29 444 0.7655172413793103
47 48 1310 0.5806737588652482
24 28 462 0.6875
45 59 1794 0.6757062146892655
24 31 534 0.717741935483871
26 31 553 0.6861042183622829
15 20 234 0.78
18 26 363 0.7756410256410257
8 11 78 0.8863636363636364
44 54 1556 0.654882154882155
38 46 1153 0.6596109839816934
34 41 929 0.6664275466284075
36 43 1020 0.6589147286821705
29 31 574 0.6384872080088988
19 25 355 0.7473684210526317
17 23 300 0.7672634271099745
59 68 2472 0.6161515453639083
39 36 774 0.5512820512820513
27 32 588 0.6805555555555556
35 52 1324 0.7274725274725274
43 61 1843 0.7026305756767062
14 16 169 0.7544642857142857
51 70 2442 0.6840336134453782
30 35 699 0.6657142857142857
16 18 210 0.7291666666666666
98 104 5727 0.5619113029827315
54 74 2721 0.6809309309309309
37 40 919 0.620945945945946
10 18 159 0.8833333333333333
46 50 1397 0.6073913043478261
61 67 2434 0.5955468558845118
50 57 1769 0.620701754385965
19 22 298 0.7129186602870813
45 59 1794 0.6757062146892655
27 34 642 0.6993464052287582
50 63 2069 0.6568253968253969
43 40 940 0.5465116279069767
5 5 24 0.96
42 61 1821 0.7107728337236533
24 33 582 0.7348484848484849
16 22 274 0.7784090909090909
51 51 1473 0.566320645905421
49 62 2003 0.6593153390388413
16 13 130 0.625
42 55 1569 0.6792207792207792
20 27 404 0.7481481481481481
42 46 1191 0.6164596273291926
42 49 1317 0.6399416909620992
100 112 6544 0.5842857142857143
36 46 1128 0.6811594202898551
32 36 746 0.6475694444444444
43 51 1413 0.6443228454172367
17 17 198 0.6851211072664359
40 46 1174 0.6380434782608696
14 18 197 0.7817460317460317
66 81 3393 0.6346801346801346
13 16 163 0.7836538461538461
13 13 124 0.7337278106508875
32 41 906 0.6905487804878049
29 36 719 0.6886973180076628
24 23 342 0.6195652173913043
9 10 75 0.8333333333333334
17 21 266 0.7450980392156863
6 10 57 0.95
30 34 669 0.6558823529411765
21 25 372 0.7085714285714286
18 25 345 0.7666666666666667
27 28 480 0.634920634920635
10 10 79 0.79
25 34 619 0.7282352941176471
38 39 887 0.5985155195681511
30 32 609 0.634375
25 23 344 0.5982608695652174
43 53 1499 0.6577446248354543
10 12 99 0.8250000000000001
43 51 1413 0.6443228454172367
7 10 64 0.9142857142857143
20 22 304 0.6909090909090909
48 54 1602 0.6180555555555556
32 36 746 0.6475694444444444
44 54 1556 0.654882154882155
22 24 357 0.6761363636363636
21 20 267 0.6357142857142857
19 28 412 0.7744360902255639
22 23 335 0.6620553359683794
25 28 469 0.67
35 46 1114 0.6919254658385093
9 8 57 0.7916666666666666
16 16 178 0.6953125
21 27 414 0.7301587301587302
19 23 317 0.725400457665904
19 26 374 0.757085020242915
44 51 1424 0.6345811051693405
40 43 1054 0.6127906976744186
17 23 300 0.7672634271099745
35 32 624 0.5571428571428572
27 35 669 0.707936507936508
30 43 939 0.727906976744186
18 20 255 0.7083333333333333
8 9 62 0.8611111111111112
48 60 1890 0.65625
32 31 586 0.5907258064516129
79 87 4023 0.5853339153208207
64 74 2906 0.613597972972973
9 8 57 0.7916666666666666
39 47 1203 0.6563011456628478
46 57 1719 0.6556064073226545
42 38 855 0.5357142857142857
55 78 2964 0.6909090909090909
25 30 519 0.6920000000000001
103 123 7719 0.6092825005919962
70 84 3669 0.6239795918367347
30 33 639 0.6454545454545455
5 5 24 0.96
50 49 1369 0.5587755102040816
3 3 9 1.0
15 19 219 0.7684210526315789
15 25 309 0.8240000000000001
48 69 2322 0.7010869565217391
11 18 170 0.8585858585858586
42 54 1527 0.6732804232804233
18 23 309 0.746376811594203
10 16 139 0.86875
12 15 144 0.8
46 66 2133 0.7025691699604744
22 26 401 0.701048951048951
20 29 444 0.7655172413793103
13 20 215 0.826923076923077
27 31 561 0.6702508960573477
16 25 322 0.805
30 38 789 0.6921052631578948
20 30 464 0.7733333333333333
17 35 504 0.8470588235294118
25 28 469 0.67
43 49 1327 0.6298054105363076
12 16 156 0.8125
42 63 1905 0.719954648526077
66 91 4053 0.6748251748251748
18 16 183 0.6354166666666666
28 43 904 0.7508305647840531
14 22 253 0.8214285714285715
14 20 225 0.8035714285714286
19 29 431 0.7822141560798549
31 49 1141 0.7511520737327189
43 59 1757 0.6925502562081198
31 36 738 0.6612903225806451
15 20 234 0.78
24 32 558 0.7265625
45 47 1254 0.5929078014184397
51 74 2646 0.7011128775834659
14 23 267 0.829192546583851
64 88 3802 0.6750710227272727
45 63 1974 0.6962962962962963
22 30 489 0.7409090909090909
26 35 657 0.721978021978022
35 48 1184 0.7047619047619048
31 40 862 0.6951612903225806
51 67 2289 0.6698858647936786
35 49 1219 0.7107871720116619
26 39 761 0.7504930966469429
39 57 1593 0.7165991902834008
42 50 1359 0.6471428571428571
50 61 1969 0.6455737704918033
13 19 202 0.8178137651821862
7 10 64 0.9142857142857143
34 47 1133 0.7090112640801001
22 31 511 0.749266862170088
30 37 759 0.6837837837837838
29 28 487 0.5997536945812808
21 22 309 0.6688311688311688
22 22 313 0.6466942148760331
9 9 66 0.8148148148148148
48 50 1410 0.5875
30 29 519 0.596551724137931
42 46 1191 0.6164596273291926
16 18 210 0.7291666666666666
29 40 835 0.7198275862068966
18 21 273 0.7222222222222222
7 10 64 0.9142857142857143
40 41 974 0.5939024390243903
10 13 109 0.8384615384615385
73 90 4155 0.632420091324201
73 83 3644 0.6014193761346757
53 72 2591 0.6789832285115304
63 77 3081 0.6351267779839208
44 59 1776 0.6841294298921418
32 46 1066 0.7241847826086957
15 18 204 0.7555555555555555
28 29 512 0.6305418719211823
8 9 62 0.8611111111111112
39 47 1203 0.6563011456628478
86 118 6745 0.6646629877808435
31 42 924 0.7096774193548386
101 143 9690 0.6709132451706709
39 40 930 0.5961538461538461
106 136 9163 0.6356132075471698
57 69 2502 0.6361556064073226
25 34 619 0.7282352941176471
42 60 1779 0.7059523809523809
25 33 594 0.7200000000000001
19 21 279 0.6992481203007519
50 75 2669 0.7117333333333333
18 28 399 0.7916666666666667
41 50 1347 0.6570731707317072
27 26 426 0.6068376068376069
36 47 1164 0.6879432624113476
16 18 210 0.7291666666666666
32 38 810 0.6661184210526315
34 45 1065 0.696078431372549
11 8 60 0.6818181818181818
30 48 1089 0.75625
54 64 2181 0.6310763888888888
31 44 986 0.722873900293255
26 28 475 0.6524725274725275
14 20 225 0.8035714285714286
28 29 512 0.6305418719211823
26 42 839 0.7683150183150182
19 16 184 0.6052631578947368
31 37 769 0.6704446381865736
24 33 582 0.7348484848484849
12 19 192 0.8421052631578947
32 44 1002 0.7116477272727273
43 48 1284 0.622093023255814
30 39 819 0.7000000000000001
14 19 211 0.793233082706767
16 23 290 0.7880434782608695
37 38 845 0.60099573257468
9 11 84 0.8484848484848485
78 105 5415 0.6611721611721612
74 107 5433 0.68615812073756
40 44 1094 0.6215909090909091
23 32 546 0.7418478260869565
19 23 317 0.725400457665904
41 47 1224 0.6351842241826674
11 18 170 0.8585858585858586
57 78 3015 0.6781376518218624
14 20 225 0.8035714285714286
22 25 379 0.6890909090909091
55 85 3349 0.7163636363636363
96 152 10314 0.7068256578947368
63 96 4278 0.7073412698412698
12 19 192 0.8421052631578947
48 64 2082 0.677734375
24 38 702 0.7697368421052632
40 62 1814 0.7314516129032258
21 33 540 0.7792207792207793
13 15 150 0.7692307692307693
55 70 2524 0.6555844155844156
77 95 4614 0.6307587149692413
24 27 438 0.6759259259259259
35 46 1114 0.6919254658385093
77 115 6154 0.6949745906267645
31 36 738 0.6612903225806451
37 52 1363 0.7084199584199584
10 18 159 0.8833333333333333
54 82 3153 0.712059620596206
27 33 615 0.6902356902356903
36 46 1128 0.6811594202898551
33 43 984 0.693446088794926
24 20 270 0.5625
37 61 1696 0.7514399645547186
13 22 241 0.8426573426573427
41 52 1429 0.6702626641651032
43 56 1628 0.6760797342192691
11 9 71 0.7171717171717171
51 63 2085 0.6489262371615313
36 38 840 0.6140350877192983
23 25 385 0.6695652173913044
16 25 322 0.805
32 36 746 0.6475694444444444
49 41 984 0.4897959183673469
22 25 379 0.6890909090909091
38 51 1343 0.6929824561403509
33 32 621 0.5880681818181818
27 36 696 0.7160493827160495
43 50 1370 0.6372093023255814
36 48 1200 0.6944444444444445
17 19 232 0.718266253869969
45 74 2469 0.7414414414414414
59 82 3298 0.6816866473749483
13 16 163 0.7836538461538461
10 11 89 0.8090909090909091
46 67 2179 0.7070084360804673
10 18 159 0.8833333333333333
31 35 707 0.6516129032258065
49 79 2836 0.7326272281064324
13 15 150 0.7692307692307693
9 9 66 0.8148148148148148
96 125 7722 0.6435
62 80 3249 0.6550403225806452
29 35 690 0.6798029556650246
57 75 2844 0.6652631578947368
28 30 540 0.6428571428571428
28 24 372 0.5535714285714286
31 39 831 0.6873449131513647
15 20 234 0.78
62 88 3745 0.686400293255132
51 65 2187 0.6597285067873303
21 22 309 0.6688311688311688
13 15 150 0.7692307692307693
32 44 1002 0.7116477272727273
33 38 819 0.6531100478468899
31 37 769 0.6704446381865736
18 28 399 0.7916666666666667
21 25 372 0.7085714285714286
19 30 450 0.7894736842105263
16 20 242 0.75625
27 38 750 0.7309941520467836
17 26 351 0.7941176470588236
54 83 3207 0.715528781793842
25 33 594 0.7200000000000001
14 15 155 0.738095238095238
22 24 357 0.6761363636363636
84 131 7764 0.7055616139585605
44 45 1160 0.5858585858585859
61 88 3715 0.692064083457526
13 17 176 0.7963800904977375
51 70 2442 0.6840336134453782
43 61 1843 0.7026305756767062
21 27 414 0.7301587301587302
27 33 615 0.6902356902356903
35 40 904 0.6457142857142857
77 89 4152 0.6058660440682913
54 63 2127 0.6252204585537918
33 36 753 0.6338383838383838
17 19 232 0.718266253869969
37 57 1548 0.7339971550497867
6 9 51 0.9444444444444444
62 89 3807 0.6899238854657485
39 57 1593 0.7165991902834008
27 49 1047 0.7913832199546486
48 71 2418 0.7095070422535211
15 18 204 0.7555555555555555
17 21 266 0.7450980392156863
64 91 3994 0.685782967032967
61 78 3105 0.6525851197982345
65 100 4609 0.709076923076923
18 24 327 0.7569444444444445
31 42 924 0.7096774193548386
42 53 1485 0.6671159029649595
30 46 1029 0.7456521739130434
26 33 605 0.7051282051282052
55 69 2469 0.6505928853754941
23 31 523 0.7335203366058907
23 29 477 0.7151424287856072
63 69 2577 0.5928226363008972
30 34 669 0.6558823529411765
19 23 317 0.725400457665904
41 50 1347 0.6570731707317072
20 30 464 0.7733333333333333
23 35 615 0.7639751552795031
14 19 211 0.793233082706767
42 45 1149 0.607936507936508
20 34 544 0.7999999999999999
12 18 180 0.8333333333333334
11 15 137 0.8303030303030303
18 25 345 0.7666666666666667
66 83 3525 0.6434830230010953
41 47 1224 0.6351842241826674
44 55 1600 0.6611570247933884
24 33 582 0.7348484848484849
61 64 2251 0.5765881147540983
52 69 2412 0.6722408026755853
31 31 583 0.6066597294484911
34 40 895 0.6580882352941176
32 47 1098 0.7300531914893617
21 30 477 0.7571428571428572
22 28 445 0.7224025974025974
50 61 1969 0.6455737704918033
38 53 1419 0.7045680238331679
56 70 2542 0.6484693877551021
94 121 7279 0.6399683488658343
93 108 6039 0.6012544802867383
27 40 804 0.7444444444444445
19 21 279 0.6992481203007519
12 8 60 0.625
34 45 1065 0.696078431372549
54 69 2451 0.6578099838969403
51 77 2799 0.7127578304048893
20 19 244 0.6421052631578947
22 21 291 0.6298701298701298
42 66 2031 0.7326839826839826
12 20 204 0.85
25 33 594 0.7200000000000001
26 33 605 0.7051282051282052
10 12 99 0.8250000000000001
16 25 322 0.805
55 70 2524 0.6555844155844156
28 39 792 0.7252747252747253
14 21 239 0.8129251700680273
12 13 120 0.7692307692307693
16 21 258 0.7678571428571429
24 38 702 0.7697368421052632
11 16 148 0.8409090909090909
33 35 720 0.6233766233766234
23 35 615 0.7639751552795031
8 9 62 0.8611111111111112
27 37 723 0.7237237237237237
21 39 666 0.8131868131868132
26 41 813 0.7626641651031895
23 30 500 0.7246376811594203
24 36 654 0.7569444444444444
20 27 404 0.7481481481481481
21 34 561 0.7857142857142857
16 19 226 0.743421052631579
67 78 3210 0.6142365097588978
68 78 3224 0.607843137254902
15 18 204 0.7555555555555555
25 33 594 0.7200000000000001
17 20 249 0.7323529411764705
30 31 579 0.6225806451612903
21 22 309 0.6688311688311688
24 39 726 0.7756410256410257
22 21 291 0.6298701298701298
19 23 317 0.725400457665904
6 8 45 0.9375
75 66 2409 0.48666666666666664
35 41 939 0.6543554006968642
42 52 1443 0.6607142857142857
24 28 462 0.6875
35 42 974 0.6625850340136055
52 49 1372 0.5384615384615384
45 51 1434 0.6248366013071895
53 58 1849 0.6014964216005204
35 41 939 0.6543554006968642
15 19 219 0.7684210526315789
29 35 690 0.6798029556650246
40 48 1254 0.6531250000000001
44 52 1468 0.6416083916083917
37 37 808 0.5902118334550768
34 44 1031 0.6891711229946524
32 44 1002 0.7116477272727273
17 25 334 0.7858823529411765
13 19 202 0.8178137651821862
19 28 412 0.7744360902255639
20 26 384 0.7384615384615384
24 37 678 0.7635135135135135
66 88 3855 0.6637396694214875
30 41 879 0.7146341463414634
19 26 374 0.757085020242915
28 31 568 0.6543778801843317
37 50 1289 0.6967567567567567
52 57 1788 0.6032388663967612
13 19 202 0.8178137651821862
28 34 652 0.6848739495798319
27 34 642 0.6993464052287582
13 18 189 0.8076923076923077
61 71 2678 0.6183329485107365
15 20 234 0.78
26 32 579 0.6959134615384616
16 20 242 0.75625
31 46 1048 0.7349228611500701
89 104 5601 0.6051210025929127
41 47 1224 0.6351842241826674
24 24 366 0.6354166666666666
41 55 1552 0.6882483370288248
47 61 1921 0.6700383676316708
15 17 189 0.7411764705882353
32 41 906 0.6905487804878049
38 45 1115 0.652046783625731
19 21 279 0.6992481203007519
34 39 861 0.6493212669683258
51 57 1779 0.6119711042311662
28 28 484 0.6173469387755102
16 17 194 0.7132352941176471
17 16 181 0.6654411764705882
22 40 709 0.8056818181818182
22 33 555 0.7644628099173554
34 48 1167 0.7150735294117646
58 79 3097 0.6759057180270623
