15 19 270 0.9473684210526315
4 7 28 1.0
41 47 1431 0.7426050856253245
38 37 1000 0.7112375533428165
29 28 622 0.7660098522167488
30 34 810 0.7941176470588235
26 25 514 0.7907692307692308
33 29 681 0.7115987460815048
27 29 630 0.8045977011494252
24 27 543 0.8379629629629629
19 19 316 0.8753462603878116
38 36 962 0.7032163742690059
32 46 1219 0.828125
10 21 210 1.0
6 8 48 1.0
49 56 1964 0.7157434402332362
34 37 958 0.7615262321144673
50 69 2630 0.7623188405797101
28 36 837 0.8303571428571428
36 56 1665 0.8258928571428571
43 46 1417 0.7163801820020224
28 27 585 0.7738095238095238
48 44 1371 0.6491477272727273
13 16 202 0.9711538461538461
8 9 72 1.0
37 42 1176 0.7567567567567567
48 57 1995 0.7291666666666666
21 24 438 0.8690476190476191
42 48 1488 0.7380952380952381
18 21 342 0.9047619047619048
34 35 890 0.7478991596638656
19 21 354 0.887218045112782
38 42 1190 0.7456140350877193
39 40 1125 0.7211538461538461
15 21 300 0.9523809523809523
4 8 32 1.0
74 82 3988 0.6572181938035597
35 37 970 0.7490347490347491
47 59 2070 0.7464839523981248
36 48 1377 0.796875
51 54 1893 0.6873638344226579
32 30 707 0.7364583333333333
36 46 1305 0.7880434782608695
23 30 599 0.8681159420289856
13 14 176 0.967032967032967
4 7 28 1.0
14 15 200 0.9523809523809524
32 40 1027 0.80234375
41 50 1554 0.758048780487805
27 33 738 0.8282828282828283
27 31 684 0.8172043010752688
31 35 854 0.7870967741935484
43 55 1804 0.7627906976744186
40 34 895 0.6580882352941176
60 58 2205 0.6336206896551724
27 38 873 0.8508771929824562
34 36 924 0.7549019607843137
16 17 251 0.9227941176470589
19 22 373 0.8923444976076556
33 32 780 0.7386363636363636
30 28 630 0.75
35 37 970 0.7490347490347491
13 16 202 0.9711538461538461
52 65 2477 0.7328402366863905
59 80 3495 0.7404661016949152
28 33 753 0.814935064935065
40 47 1415 0.7526595744680851
58 70 2884 0.7103448275862069
42 54 1740 0.7671957671957672
53 62 2340 0.7121119902617165
38 45 1304 0.7625730994152047
21 30 564 0.8952380952380953
40 68 2255 0.8290441176470589
41 48 1472 0.7479674796747968
55 58 2155 0.6755485893416927
27 30 657 0.8111111111111111
100 123 8205 0.6670731707317072
10 13 130 1.0
23 29 576 0.863568215892054
6 9 54 1.0
32 45 1187 0.8243055555555555
20 20 345 0.8625
21 26 480 0.8791208791208791
20 29 525 0.9051724137931034
25 32 680 0.85
17 22 346 0.9251336898395721
60 95 4425 0.7763157894736842
34 45 1230 0.803921568627451
21 28 522 0.8877551020408163
24 35 735 0.875
29 29 651 0.7740784780023781
52 62 2321 0.7199131513647643
46 72 2646 0.7989130434782609
33 29 681 0.7115987460815048
18 28 468 0.9285714285714286
50 60 2180 0.7266666666666667
24 30 615 0.8541666666666666
22 26 494 0.8636363636363635
28 28 613 0.7818877551020408
43 62 2105 0.7895723930982746
15 21 300 0.9523809523809523
52 59 2165 0.7056714471968709
23 20 369 0.8021739130434783
33 32 780 0.7386363636363636
42 48 1488 0.7380952380952381
42 52 1656 0.7582417582417583
30 36 870 0.8055555555555556
32 28 643 0.7176339285714286
33 41 1077 0.7960088691796008
34 41 1094 0.7847919655667146
53 53 1863 0.6632253470986116
30 33 780 0.7878787878787878
56 69 2783 0.7202380952380952
6 7 42 1.0
95 148 10405 0.7400426742532006
33 49 1341 0.8293135435992578
53 67 2605 0.7335961700929315
52 70 2737 0.7519230769230769
24 36 759 0.8784722222222222
76 101 5465 0.7119593538301199
56 75 3119 0.7426190476190476
53 73 2923 0.7554923752907728
47 53 1788 0.7177840224809313
28 36 837 0.8303571428571428
22 33 648 0.8925619834710743
41 61 2005 0.8016793282686926
40 65 2135 0.8211538461538461
23 38 783 0.8958810068649885
27 38 873 0.8508771929824562
11 11 120 0.9917355371900826
58 75 3174 0.7296551724137931
28 36 837 0.8303571428571428
19 24 411 0.9013157894736842
72 77 3591 0.6477272727272727
35 45 1250 0.7936507936507937
48 60 2139 0.7427083333333333
30 41 1020 0.8292682926829268
77 83 4113 0.6435612580190893
40 57 1815 0.7960526315789473
61 91 4225 0.7611241217798594
10 14 140 1.0
28 36 837 0.8303571428571428
24 26 519 0.8317307692307693
26 38 852 0.8623481781376517
38 47 1380 0.7726763717805152
21 36 690 0.9126984126984126
20 29 525 0.9051724137931034
47 48 1553 0.688386524822695
24 28 567 0.84375
45 59 2025 0.7627118644067796
24 31 639 0.8588709677419355
26 31 670 0.8312655086848636
15 20 285 0.95
18 26 432 0.9230769230769231
8 11 88 1.0
44 54 1781 0.7495791245791246
38 46 1342 0.7677345537757437
34 41 1094 0.7847919655667146
36 43 1197 0.7732558139534884
29 31 709 0.7886540600667408
19 25 430 0.9052631578947369
17 23 363 0.928388746803069
59 68 2787 0.694666001994018
39 36 969 0.6901709401709402
27 32 711 0.8229166666666666
35 52 1495 0.8214285714285714
43 61 2062 0.7861227601982463
14 16 214 0.9553571428571429
51 70 2709 0.7588235294117647
30 35 840 0.8
16 18 267 0.9270833333333334
98 104 6276 0.6157770800627944
54 74 3006 0.7522522522522522
37 40 1102 0.7445945945945945
10 18 180 1.0
46 50 1634 0.7104347826086956
61 67 2761 0.675556643014436
50 57 2030 0.712280701754386
19 22 373 0.8923444976076556
45 59 2025 0.7627118644067796
27 34 765 0.8333333333333333
50 63 2330 0.7396825396825397
43 40 1159 0.6738372093023256
5 5 25 1.0
42 61 2034 0.7939110070257611
24 33 687 0.8674242424242424
16 22 331 0.9403409090909091
51 51 1740 0.6689734717416378
49 62 2258 0.7432521395655036
16 13 187 0.8990384615384616
42 55 1782 0.7714285714285715
20 27 485 0.8981481481481481
42 46 1404 0.7267080745341615
42 49 1530 0.7434402332361516
100 112 7105 0.634375
36 46 1305 0.7880434782608695
32 36 899 0.7803819444444444
43 51 1632 0.744186046511628
17 17 261 0.9031141868512111
40 46 1375 0.7472826086956522
14 18 242 0.9603174603174602
66 81 3750 0.7014590347923682
13 16 202 0.9711538461538461
13 13 163 0.9644970414201184
32 41 1059 0.8071646341463414
29 36 854 0.8180076628352491
24 23 447 0.8097826086956522
9 10 90 1.0
17 21 329 0.9215686274509803
6 10 60 1.0
30 34 810 0.7941176470588235
21 25 459 0.8742857142857143
18 25 414 0.92
27 28 603 0.7976190476190476
10 10 100 1.0
25 34 730 0.8588235294117647
38 39 1076 0.7260458839406208
30 32 750 0.78125
25 23 455 0.7913043478260869
43 53 1718 0.7538394032470382
10 12 120 1.0
43 51 1632 0.744186046511628
7 10 70 1.0
20 22 385 0.875
48 54 1851 0.7141203703703703
32 36 899 0.7803819444444444
44 54 1781 0.7495791245791246
22 24 450 0.8522727272727272
21 20 354 0.8428571428571429
19 28 487 0.9154135338345865
22 23 428 0.8458498023715414
25 28 580 0.8285714285714285
35 46 1285 0.7981366459627329
9 8 72 1.0
16 16 235 0.91796875
21 27 501 0.8835978835978836
19 23 392 0.897025171624714
19 26 449 0.9089068825910931
44 51 1649 0.7348484848484849
40 43 1255 0.7296511627906976
17 23 363 0.928388746803069
35 32 795 0.7098214285714286
27 35 792 0.8380952380952381
30 43 1080 0.8372093023255814
18 20 324 0.9
8 9 72 1.0
48 60 2139 0.7427083333333333
32 31 739 0.7449596774193549
79 87 4458 0.6486250545613269
64 74 3251 0.6864442567567568
9 8 72 1.0
39 47 1398 0.7626841243862521
46 57 1956 0.745995423340961
42 38 1068 0.669172932330827
55 78 3255 0.7587412587412588
25 30 630 0.84
103 123 8298 0.6549846080985081
70 84 4050 0.6887755102040816
30 33 780 0.7878787878787878
5 5 25 1.0
50 49 1630 0.6653061224489796
3 3 9 1.0
15 19 270 0.9473684210526315
15 25 360 0.96
48 69 2571 0.7762681159420289
11 18 197 0.994949494949495
42 54 1740 0.7671957671957672
18 23 378 0.9130434782608695
10 16 160 1.0
12 15 177 0.9833333333333333
46 66 2370 0.7806324110671936
22 26 494 0.8636363636363635
20 29 525 0.9051724137931034
13 20 254 0.976923076923077
27 31 684 0.8172043010752688
16 25 379 0.9475
30 38 930 0.8157894736842105
20 30 545 0.9083333333333333
17 35 567 0.9529411764705882
25 28 580 0.8285714285714285
43 49 1546 0.7337446606549597
12 16 189 0.984375
42 63 2118 0.8004535147392291
66 91 4410 0.7342657342657342
18 16 252 0.875
28 43 1033 0.8579734219269104
14 22 298 0.9675324675324675
14 20 270 0.9642857142857142
19 29 506 0.9183303085299456
31 49 1288 0.847926267281106
43 59 1976 0.7788726842727631
31 36 885 0.793010752688172
15 20 285 0.95
24 32 663 0.86328125
45 47 1485 0.7021276595744681
51 74 2913 0.7718600953895072
14 23 312 0.9689440993788819
64 88 4147 0.736328125
45 63 2205 0.7777777777777778
22 30 582 0.8818181818181817
26 35 774 0.8505494505494505
35 48 1355 0.8065476190476191
31 40 1009 0.8137096774193548
51 67 2556 0.7480245829675154
35 49 1390 0.8104956268221575
26 39 878 0.8658777120315582
39 57 1788 0.8043184885290149
42 50 1572 0.7485714285714287
50 61 2230 0.7311475409836066
13 19 241 0.9757085020242916
7 10 70 1.0
34 47 1298 0.8122653316645808
22 31 604 0.8856304985337243
30 37 900 0.8108108108108109
29 28 622 0.7660098522167488
21 22 396 0.8571428571428572
22 22 406 0.8388429752066116
9 9 81 1.0
48 50 1659 0.69125
30 29 660 0.7586206896551724
42 46 1404 0.7267080745341615
16 18 267 0.9270833333333334
29 40 970 0.8362068965517242
18 21 342 0.9047619047619048
7 10 70 1.0
40 41 1175 0.7164634146341463
10 13 130 1.0
73 90 4554 0.6931506849315069
73 83 4043 0.6672718270341641
53 72 2870 0.7520964360587002
63 77 3420 0.7050092764378478
44 59 2001 0.7708012326656394
32 46 1219 0.828125
15 18 255 0.9444444444444444
28 29 641 0.7894088669950738
8 9 72 1.0
39 47 1398 0.7626841243862521
86 118 7222 0.7116673236105637
31 42 1071 0.8225806451612903
101 143 10257 0.7101710171017102
39 40 1125 0.7211538461538461
106 136 9760 0.6770255271920088
57 69 2805 0.7131960335621663
25 34 730 0.8588235294117647
42 60 1992 0.7904761904761906
25 33 705 0.8545454545454545
19 21 354 0.887218045112782
50 75 2930 0.7813333333333333
18 28 468 0.9285714285714286
41 50 1554 0.758048780487805
27 26 549 0.782051282051282
36 47 1341 0.7925531914893617
16 18 267 0.9270833333333334
32 38 963 0.7919407894736842
34 45 1230 0.803921568627451
11 8 87 0.9886363636363636
30 48 1230 0.8541666666666666
54 64 2466 0.7135416666666666
31 44 1133 0.8306451612903225
26 28 592 0.8131868131868132
14 20 270 0.9642857142857142
28 29 641 0.7894088669950738
26 42 956 0.8754578754578753
19 16 259 0.8519736842105263
31 37 916 0.7986050566695727
24 33 687 0.8674242424242424
12 19 225 0.9868421052631579
32 44 1155 0.8203125
43 48 1503 0.7281976744186047
30 39 960 0.8205128205128205
14 19 256 0.9624060150375939
16 23 347 0.9429347826086957
37 38 1028 0.7311522048364153
9 11 99 1.0
78 105 5844 0.7135531135531136
74 107 5838 0.7373074008588026
40 44 1295 0.7357954545454546
23 32 645 0.876358695652174
19 23 392 0.897025171624714
41 47 1431 0.7426050856253245
11 18 197 0.994949494949495
57 78 3318 0.7462887989203778
14 20 270 0.9642857142857142
22 25 472 0.8581818181818182
55 85 3640 0.7786096256684493
96 152 10851 0.7436266447368421
63 96 4617 0.7633928571428572
12 19 225 0.9868421052631579
48 64 2331 0.7587890625
24 38 807 0.8848684210526315
40 62 2015 0.8125
21 33 627 0.9047619047619048
13 15 189 0.9692307692307692
55 70 2815 0.7311688311688311
77 95 5037 0.688585099111415
24 27 543 0.8379629629629629
35 46 1285 0.7981366459627329
77 115 6577 0.7427442123094298
31 36 885 0.793010752688172
37 52 1546 0.8035343035343036
10 18 180 1.0
54 82 3438 0.7764227642276422
27 33 738 0.8282828282828283
36 46 1305 0.7880434782608695
33 43 1143 0.8054968287526426
24 20 375 0.78125
37 61 1879 0.8325210456357998
13 22 280 0.9790209790209791
41 52 1636 0.7673545966228894
43 56 1847 0.7670265780730897
11 9 98 0.9898989898989898
51 63 2352 0.7320261437908496
36 38 1017 0.743421052631579
23 25 484 0.8417391304347827
16 25 379 0.9475
32 36 899 0.7803819444444444
49 41 1229 0.611747137879542
22 25 472 0.8581818181818182
38 51 1532 0.7905056759545924
33 32 780 0.7386363636363636
27 36 819 0.8425925925925926
43 50 1589 0.7390697674418605
36 48 1377 0.796875
17 19 295 0.9133126934984519
45 74 2700 0.8108108108108109
59 82 3613 0.746796196775527
13 16 202 0.9711538461538461
10 11 110 1.0
46 67 2416 0.7839065541855937
10 18 180 1.0
31 35 854 0.7870967741935484
49 79 3091 0.7985016791526738
13 15 189 0.9692307692307692
9 9 81 1.0
96 125 8259 0.68825
62 80 3582 0.7221774193548387
29 35 825 0.812807881773399
57 75 3147 0.736140350877193
28 30 669 0.7964285714285714
28 24 501 0.7455357142857143
31 39 978 0.8089330024813896
15 20 285 0.95
62 88 4078 0.747434017595308
51 65 2454 0.7402714932126697
21 22 396 0.8571428571428572
13 15 189 0.9692307692307692
32 44 1155 0.8203125
33 38 978 0.7799043062200957
31 37 916 0.7986050566695727
18 28 468 0.9285714285714286
21 25 459 0.8742857142857143
19 30 525 0.9210526315789473
16 20 299 0.934375
27 38 873 0.8508771929824562
17 26 414 0.9366515837104072
54 83 3492 0.7791164658634538
25 33 705 0.8545454545454545
14 15 200 0.9523809523809524
22 24 450 0.8522727272727272
84 131 8229 0.7478189749182115
44 45 1385 0.6994949494949495
61 88 4042 0.7529806259314455
13 17 215 0.9728506787330318
51 70 2709 0.7588235294117647
43 61 2062 0.7861227601982463
21 27 501 0.8835978835978836
27 33 738 0.8282828282828283
35 40 1075 0.7678571428571429
77 89 4575 0.6675908361301619
54 63 2412 0.708994708994709
33 36 912 0.7676767676767677
17 19 295 0.9133126934984519
37 57 1731 0.8207681365576103
6 9 54 1.0
62 89 4140 0.750271837622327
39 57 1788 0.8043184885290149
27 49 1170 0.8843537414965987
48 71 2667 0.7825704225352113
15 18 255 0.9444444444444444
17 21 329 0.9215686274509803
64 91 4339 0.7450206043956044
61 78 3432 0.721311475409836
65 100 4960 0.7630769230769231
18 24 396 0.9166666666666666
31 42 1071 0.8225806451612903
42 53 1698 0.7628032345013478
30 46 1170 0.8478260869565217
26 33 722 0.8414918414918415
55 69 2760 0.7272727272727273
23 31 622 0.8723702664796634
23 29 576 0.863568215892054
63 69 2916 0.670807453416149
30 34 810 0.7941176470588235
19 23 392 0.897025171624714
41 50 1554 0.758048780487805
20 30 545 0.9083333333333333
23 35 714 0.8869565217391304
14 19 256 0.9624060150375939
42 45 1362 0.7206349206349206
20 34 625 0.9191176470588235
12 18 213 0.9861111111111112
11 15 164 0.9939393939393939
18 25 414 0.92
66 83 3882 0.7086527929901424
41 47 1431 0.7426050856253245
44 55 1825 0.7541322314049587
24 33 687 0.8674242424242424
61 64 2578 0.6603483606557377
52 69 2685 0.7483277591973244
31 31 730 0.7596253902185224
34 40 1060 0.7794117647058824
32 47 1251 0.831781914893617
21 30 564 0.8952380952380953
22 28 538 0.8733766233766234
50 61 2230 0.7311475409836066
38 53 1608 0.7984111221449851
56 70 2839 0.724234693877551
94 121 7804 0.686126252857394
93 108 6558 0.6529271206690561
27 40 927 0.8583333333333334
19 21 354 0.887218045112782
12 8 93 0.96875
34 45 1230 0.803921568627451
54 69 2736 0.7342995169082125
51 77 3066 0.7807486631016043
20 19 325 0.8552631578947368
22 21 384 0.8311688311688311
42 66 2244 0.8095238095238095
12 20 237 0.9875
25 33 705 0.8545454545454545
26 33 722 0.8414918414918415
10 12 120 1.0
16 25 379 0.9475
55 70 2815 0.7311688311688311
28 39 921 0.8434065934065935
14 21 284 0.9659863945578231
12 13 153 0.9807692307692307
16 21 315 0.9375
24 38 807 0.8848684210526315
11 16 175 0.9943181818181818
33 35 879 0.7610389610389611
23 35 714 0.8869565217391304
8 9 72 1.0
27 37 846 0.8468468468468469
21 39 753 0.9194139194139194
26 41 930 0.8724202626641651
23 30 599 0.8681159420289856
24 36 759 0.8784722222222222
20 27 485 0.8981481481481481
21 34 648 0.907563025210084
16 19 283 0.930921052631579
67 78 3573 0.6836969001148105
68 78 3593 0.6774132730015082
15 18 255 0.9444444444444444
25 33 705 0.8545454545454545
17 20 312 0.9176470588235294
30 31 720 0.7741935483870968
21 22 396 0.8571428571428572
24 39 831 0.8878205128205128
22 21 384 0.8311688311688311
19 23 392 0.897025171624714
6 8 48 1.0
75 66 2805 0.5666666666666667
35 41 1110 0.7735191637630662
42 52 1656 0.7582417582417583
24 28 567 0.84375
35 42 1145 0.7789115646258503
52 49 1645 0.6456043956043955
45 51 1665 0.7254901960784313
53 58 2128 0.6922576447625244
35 41 1110 0.7735191637630662
15 19 270 0.9473684210526315
29 35 825 0.812807881773399
40 48 1455 0.7578125
44 52 1693 0.7399475524475524
37 37 991 0.7238860482103725
34 44 1196 0.7994652406417113
32 44 1155 0.8203125
17 25 397 0.9341176470588235
13 19 241 0.9757085020242916
19 28 487 0.9154135338345865
20 26 465 0.8942307692307693
24 37 783 0.8817567567567568
66 88 4212 0.7252066115702479
30 41 1020 0.8292682926829268
19 26 449 0.9089068825910931
28 31 697 0.8029953917050691
37 50 1472 0.7956756756756757
52 57 2061 0.6953441295546559
13 19 241 0.9757085020242916
28 34 781 0.8203781512605042
27 34 765 0.8333333333333333
13 18 228 0.9743589743589745
61 71 3005 0.6938351419995382
15 20 285 0.95
26 32 696 0.8365384615384616
16 20 299 0.934375
31 46 1195 0.8380084151472651
89 104 6096 0.658599827139153
41 47 1431 0.7426050856253245
24 24 471 0.8177083333333334
41 55 1759 0.7800443458980045
47 61 2164 0.754795953958842
15 17 240 0.9411764705882353
32 41 1059 0.8071646341463414
38 45 1304 0.7625730994152047
19 21 354 0.887218045112782
34 39 1026 0.7737556561085973
51 57 2046 0.7038183694530443
28 28 613 0.7818877551020408
16 17 251 0.9227941176470589
17 16 244 0.8970588235294118
22 40 802 0.9113636363636364
22 33 648 0.8925619834710743
34 48 1332 0.8161764705882354
58 79 3406 0.7433435181143605
