13 13 124 0.7337278106508875
4 6 24 1.0
33 36 753 0.6338383838383838
29 28 487 0.5997536945812808
26 24 371 0.594551282051282
19 23 317 0.725400457665904
22 18 225 0.5681818181818181
32 27 459 0.53125
23 20 270 0.5869565217391305
16 21 258 0.7678571428571429
14 15 155 0.738095238095238
31 27 459 0.5483870967741935
27 38 750 0.7309941520467836
9 19 156 0.9122807017543859
6 6 33 0.9166666666666666
45 50 1389 0.6173333333333333
25 24 369 0.615
46 55 1627 0.6430830039525691
27 34 642 0.6993464052287582
34 51 1269 0.731833910034602
33 35 720 0.6233766233766234
27 27 453 0.6213991769547326
41 42 1019 0.591753774680604
11 15 137 0.8303030303030303
6 8 45 0.9375
34 38 827 0.640092879256966
40 52 1414 0.6798076923076923
20 23 324 0.7043478260869565
37 44 1067 0.6554054054054054
15 18 204 0.7555555555555555
30 30 549 0.61
17 21 266 0.7450980392156863
36 39 876 0.6239316239316239
31 37 769 0.6704446381865736
10 14 119 0.85
4 7 28 1.0
60 62 2124 0.5709677419354838
31 29 521 0.5795328142380423
37 47 1178 0.6774008050603796
33 39 852 0.662004662004662
39 42 1008 0.6153846153846154
29 27 458 0.5849297573435505
30 42 909 0.7214285714285714
22 25 379 0.6890909090909091
10 13 109 0.8384615384615385
4 6 24 1.0
11 14 126 0.8181818181818182
30 37 759 0.6837837837837838
34 38 827 0.640092879256966
25 28 469 0.67
25 26 419 0.6446153846153847
26 29 501 0.6644562334217506
40 50 1334 0.667
37 32 624 0.527027027027027
49 50 1415 0.5775510204081633
22 30 489 0.7409090909090909
29 30 545 0.6264367816091954
15 16 174 0.725
18 20 255 0.7083333333333333
31 30 552 0.5935483870967742
27 26 426 0.6068376068376069
31 32 614 0.6189516129032258
13 14 137 0.7527472527472527
51 57 1779 0.6119711042311662
59 72 2708 0.6374764595103578
28 29 512 0.6305418719211823
40 39 894 0.5730769230769232
55 60 1974 0.5981818181818181
41 47 1224 0.6351842241826674
51 56 1728 0.6050420168067226
36 41 948 0.6422764227642276
19 27 393 0.7660818713450293
38 65 1875 0.7591093117408907
41 48 1265 0.6427845528455285
51 54 1626 0.5904139433551199
27 30 534 0.6592592592592593
91 110 6182 0.6175824175824175
10 12 99 0.8250000000000001
21 25 372 0.7085714285714286
6 8 45 0.9375
27 38 750 0.7309941520467836
16 16 178 0.6953125
21 26 393 0.7197802197802198
20 28 424 0.7571428571428571
21 27 414 0.7301587301587302
16 19 226 0.743421052631579
51 76 2748 0.7089783281733746
24 36 654 0.7569444444444444
18 24 327 0.7569444444444445
23 29 477 0.7151424287856072
23 24 362 0.6557971014492754
44 44 1116 0.5764462809917356
35 55 1429 0.7423376623376623
29 27 458 0.5849297573435505
15 18 204 0.7555555555555555
49 56 1709 0.6228134110787172
23 28 454 0.7049689440993789
20 20 264 0.6599999999999999
23 22 316 0.624505928853755
34 50 1235 0.7264705882352941
14 19 211 0.793233082706767
50 50 1419 0.5676
20 17 204 0.6
30 31 579 0.6225806451612903
39 48 1242 0.6634615384615384
39 48 1242 0.6634615384615384
30 33 639 0.6454545454545455
27 25 399 0.5911111111111111
33 38 819 0.6531100478468899
33 38 819 0.6531100478468899
41 42 1019 0.591753774680604
27 27 453 0.6213991769547326
47 57 1733 0.6468831653602091
6 6 33 0.9166666666666666
92 142 9148 0.700244947948561
28 41 848 0.7386759581881532
48 64 2082 0.677734375
52 69 2412 0.6722408026755853
24 35 630 0.75
75 100 4944 0.6592
56 69 2486 0.6433747412008282
51 68 2340 0.6747404844290658
46 52 1489 0.6224916387959867
25 35 644 0.7360000000000001
22 33 555 0.7644628099173554
41 60 1757 0.7142276422764228
40 61 1774 0.7270491803278689
23 37 661 0.7767332549941246
27 35 669 0.707936507936508
11 11 93 0.768595041322314
54 69 2451 0.6578099838969403
22 30 489 0.7409090909090909
16 23 290 0.7880434782608695
56 59 1926 0.5829297820823245
29 39 806 0.7126436781609196
40 45 1134 0.63
29 39 806 0.7126436781609196
63 59 1947 0.5238095238095238
34 54 1371 0.7467320261437908
47 68 2250 0.7040050062578223
9 13 102 0.8717948717948718
24 33 582 0.7348484848484849
22 24 357 0.6761363636363636
21 35 582 0.7918367346938776
33 43 984 0.693446088794926
18 34 507 0.8284313725490197
12 25 264 0.88
33 38 819 0.6531100478468899
19 27 393 0.7660818713450293
38 52 1381 0.6988866396761134
20 29 444 0.7655172413793103
20 27 404 0.7481481481481481
8 15 110 0.9166666666666666
11 23 225 0.8893280632411067
8 10 70 0.875
40 45 1134 0.63
35 43 1009 0.6704318936877076
34 39 861 0.6493212669683258
31 36 738 0.6612903225806451
23 25 385 0.6695652173913044
19 23 317 0.725400457665904
17 22 283 0.7566844919786097
52 61 1996 0.6292559899117276
38 35 735 0.5526315789473684
27 32 588 0.6805555555555556
35 50 1254 0.7165714285714286
43 61 1843 0.7026305756767062
13 14 137 0.7527472527472527
49 60 1905 0.6479591836734694
28 31 568 0.6543778801843317
15 14 144 0.6857142857142857
95 95 4839 0.5361772853185596
53 72 2591 0.6789832285115304
37 39 882 0.6112266112266113
9 17 138 0.9019607843137255
40 41 974 0.5939024390243903
52 66 2256 0.6573426573426574
47 52 1498 0.6129296235679214
19 22 298 0.7129186602870813
44 57 1688 0.6730462519936204
25 34 619 0.7282352941176471
45 54 1569 0.645679012345679
37 40 919 0.620945945945946
4 4 16 1.0
41 54 1511 0.6824751580849141
23 31 523 0.7335203366058907
16 22 274 0.7784090909090909
47 51 1451 0.605340008343763
49 61 1954 0.6537303445968551
9 11 84 0.8484848484848485
38 43 1039 0.6358629130966952
16 24 306 0.796875
33 41 918 0.6784922394678492
37 39 882 0.6112266112266113
90 92 4539 0.5481884057971014
28 32 596 0.6651785714285714
24 29 486 0.6982758620689655
36 42 984 0.6507936507936508
15 14 144 0.6857142857142857
35 40 904 0.6457142857142857
13 17 176 0.7963800904977375
55 64 2194 0.6232954545454545
10 13 109 0.8384615384615385
13 13 124 0.7337278106508875
24 29 486 0.6982758620689655
27 34 642 0.6993464052287582
24 23 342 0.6195652173913043
8 10 70 0.875
13 19 202 0.8178137651821862
6 9 51 0.9444444444444444
29 34 661 0.6703853955375253
21 25 372 0.7085714285714286
17 23 300 0.7672634271099745
26 28 475 0.6524725274725275
9 9 66 0.8148148148148148
24 29 486 0.6982758620689655
36 37 804 0.6036036036036035
29 30 545 0.6264367816091954
22 22 313 0.6466942148760331
34 47 1133 0.7090112640801001
10 11 89 0.8090909090909091
38 45 1115 0.652046783625731
7 8 50 0.8928571428571429
19 20 260 0.6842105263157895
42 50 1359 0.6471428571428571
28 34 652 0.6848739495798319
38 49 1267 0.680451127819549
18 18 219 0.6759259259259259
14 18 197 0.7817460317460317
18 24 327 0.7569444444444445
18 22 291 0.7348484848484849
22 25 379 0.6890909090909091
34 44 1031 0.6891711229946524
6 7 39 0.9285714285714286
15 16 174 0.725
19 26 374 0.757085020242915
17 20 249 0.7323529411764705
17 23 300 0.7672634271099745
41 45 1142 0.6189701897018971
38 41 963 0.6181001283697047
14 21 239 0.8129251700680273
26 23 345 0.576923076923077
23 31 523 0.7335203366058907
28 40 820 0.7321428571428571
17 19 232 0.718266253869969
7 9 57 0.9047619047619047
45 55 1614 0.6521212121212121
29 30 545 0.6264367816091954
59 67 2413 0.6104224639514293
57 60 1989 0.581578947368421
8 6 38 0.7916666666666666
31 38 800 0.6791171477079796
35 48 1184 0.7047619047619048
39 36 774 0.5512820512820513
48 67 2226 0.6921641791044776
22 29 467 0.731974921630094
85 105 5604 0.6278991596638654
60 70 2604 0.62
27 28 480 0.634920634920635
4 4 16 1.0
42 47 1233 0.6246200607902735
3 3 9 1.0
13 18 189 0.8076923076923077
14 22 253 0.8214285714285715
45 60 1839 0.6811111111111111
11 13 115 0.8041958041958043
42 53 1485 0.6671159029649595
16 19 226 0.743421052631579
10 16 139 0.86875
12 15 144 0.8
46 65 2087 0.6979933110367893
22 26 401 0.701048951048951
19 28 412 0.7744360902255639
13 20 215 0.826923076923077
23 29 477 0.7151424287856072
16 25 322 0.805
29 37 748 0.6971109040074557
20 30 464 0.7733333333333333
17 32 453 0.8327205882352942
22 25 379 0.6890909090909091
29 39 806 0.7126436781609196
10 14 119 0.85
38 54 1457 0.7100389863547759
56 78 2990 0.6845238095238095
14 14 141 0.7193877551020408
26 39 761 0.7504930966469429
12 17 168 0.8235294117647058
14 19 211 0.793233082706767
17 19 232 0.718266253869969
28 37 736 0.7104247104247104
41 52 1429 0.6702626641651032
29 34 661 0.6703853955375253
14 17 183 0.76890756302521
22 30 489 0.7409090909090909
44 42 1028 0.5562770562770563
47 64 2062 0.6855053191489362
14 23 267 0.829192546583851
59 82 3298 0.6816866473749483
45 60 1839 0.6811111111111111
21 28 435 0.7397959183673469
25 34 619 0.7282352941176471
23 43 799 0.80788675429727
26 38 735 0.7439271255060729
46 62 1949 0.6833800841514727
33 48 1149 0.725378787878788
23 39 707 0.7881828316610926
36 53 1380 0.7232704402515724
38 50 1305 0.6868421052631579
48 60 1890 0.65625
13 19 202 0.8178137651821862
7 8 50 0.8928571428571429
29 39 806 0.7126436781609196
19 26 374 0.757085020242915
30 37 759 0.6837837837837838
27 25 399 0.5911111111111111
19 20 260 0.6842105263157895
18 17 201 0.6568627450980392
9 9 66 0.8148148148148148
41 42 1019 0.591753774680604
26 24 371 0.594551282051282
41 41 978 0.5817965496728138
16 16 178 0.6953125
26 38 735 0.7439271255060729
18 21 273 0.7222222222222222
7 10 64 0.9142857142857143
32 39 842 0.6746794871794872
9 11 84 0.8484848484848485
64 79 3226 0.6380537974683544
65 59 1947 0.5076923076923077
48 46 1218 0.5516304347826086
50 46 1219 0.53
36 43 1020 0.6589147286821705
26 30 527 0.6756410256410257
14 16 169 0.7544642857142857
24 23 342 0.6195652173913043
8 9 62 0.8611111111111112
38 45 1115 0.652046783625731
81 114 6231 0.6747888239116309
28 41 848 0.7386759581881532
97 130 8239 0.6533703409992069
38 39 887 0.5985155195681511
99 126 7914 0.6344396344396345
56 67 2374 0.6327292110874201
13 25 280 0.8615384615384616
41 57 1634 0.6991869918699186
22 29 467 0.731974921630094
18 18 219 0.6759259259259259
43 58 1714 0.6872493985565358
18 28 399 0.7916666666666667
40 45 1134 0.63
25 26 419 0.6446153846153847
35 47 1149 0.6984802431610942
15 16 174 0.725
30 31 579 0.6225806451612903
31 44 986 0.722873900293255
9 8 57 0.7916666666666666
29 46 1009 0.7563718140929536
52 59 1892 0.6166883963494133
30 39 819 0.7000000000000001
23 28 454 0.7049689440993789
10 19 169 0.8894736842105262
26 26 423 0.6257396449704142
21 38 645 0.8082706766917294
17 16 181 0.6654411764705882
26 36 683 0.7297008547008548
24 33 582 0.7348484848484849
12 17 168 0.8235294117647058
32 37 778 0.6570945945945946
41 39 896 0.5603502188868043
29 34 661 0.6703853955375253
14 18 197 0.7817460317460317
16 21 258 0.7678571428571429
37 34 697 0.5540540540540541
9 10 75 0.8333333333333334
71 90 4112 0.6435054773082942
67 92 4148 0.672939649578196
37 39 882 0.6112266112266113
19 28 412 0.7744360902255639
17 19 232 0.718266253869969
40 47 1214 0.6457446808510638
9 15 120 0.888888888888889
55 70 2524 0.6555844155844156
14 19 211 0.793233082706767
22 25 379 0.6890909090909091
51 79 2901 0.720029784065525
79 136 7894 0.7347356664184661
55 81 3129 0.7023569023569024
10 18 159 0.8833333333333333
39 53 1437 0.6952104499274311
18 29 417 0.7988505747126438
33 53 1314 0.7512864493996569
20 33 524 0.793939393939394
11 13 115 0.8041958041958043
46 60 1857 0.6728260869565218
70 91 4159 0.6529042386185243
22 27 423 0.712121212121212
35 43 1009 0.6704318936877076
61 89 3776 0.6955240375759808
27 33 615 0.6902356902356903
34 44 1031 0.6891711229946524
7 12 78 0.9285714285714285
48 66 2178 0.6875
24 26 414 0.6634615384615384
30 34 669 0.6558823529411765
25 33 594 0.7200000000000001
16 13 130 0.625
31 49 1141 0.7511520737327189
9 15 120 0.888888888888889
34 45 1065 0.696078431372549
34 44 1031 0.6891711229946524
7 8 50 0.8928571428571429
48 56 1698 0.6316964285714286
34 35 725 0.6092436974789917
19 21 279 0.6992481203007519
15 23 279 0.8086956521739131
26 27 449 0.6396011396011396
47 40 940 0.5
20 24 344 0.7166666666666667
33 42 951 0.6861471861471861
30 30 549 0.61
24 32 558 0.7265625
41 47 1224 0.6351842241826674
33 43 984 0.693446088794926
17 17 198 0.6851211072664359
38 57 1571 0.7253000923361035
51 73 2595 0.6970185334407736
13 15 150 0.7692307692307693
10 9 69 0.7666666666666667
45 65 2064 0.7056410256410256
10 18 159 0.8833333333333333
23 26 408 0.6822742474916388
48 75 2610 0.725
11 12 104 0.787878787878788
9 9 66 0.8148148148148148
88 120 6990 0.6619318181818182
59 72 2708 0.6374764595103578
27 33 615 0.6902356902356903
54 69 2451 0.6578099838969403
26 28 475 0.6524725274725275
27 24 372 0.5740740740740741
30 38 789 0.6921052631578948
15 19 219 0.7684210526315789
59 80 3180 0.673728813559322
50 55 1669 0.606909090909091
21 19 246 0.6165413533834586
12 11 96 0.7272727272727273
32 39 842 0.6746794871794872
32 33 650 0.615530303030303
31 33 645 0.6304985337243402
17 23 300 0.7672634271099745
19 17 203 0.628482972136223
19 28 412 0.7744360902255639
15 15 159 0.7066666666666667
26 28 475 0.6524725274725275
14 20 225 0.8035714285714286
46 70 2317 0.7195652173913043
21 31 498 0.7649769585253456
14 14 141 0.7193877551020408
22 24 357 0.6761363636363636
69 112 5583 0.7224378881987578
37 37 808 0.5902118334550768
50 73 2569 0.7038356164383562
12 14 132 0.7857142857142857
39 53 1437 0.6952104499274311
37 48 1215 0.6841216216216216
18 24 327 0.7569444444444445
23 28 454 0.7049689440993789
25 31 544 0.7019354838709678
62 82 3373 0.6634539732494099
49 58 1807 0.6358198451794511
31 33 645 0.6304985337243402
13 18 189 0.8076923076923077
33 55 1380 0.7603305785123967
5 8 39 0.975
52 84 3192 0.7307692307692308
35 54 1394 0.7375661375661375
24 48 942 0.8177083333333334
33 63 1644 0.7907647907647908
15 18 204 0.7555555555555555
16 21 258 0.7678571428571429
64 86 3674 0.6675145348837209
61 78 3105 0.6525851197982345
64 99 4506 0.7111742424242424
18 24 327 0.7569444444444445
30 41 879 0.7146341463414634
41 52 1429 0.6702626641651032
30 41 879 0.7146341463414634
23 30 500 0.7246376811594203
54 68 2397 0.6527777777777777
23 29 477 0.7151424287856072
23 29 477 0.7151424287856072
56 66 2318 0.6271645021645023
30 33 639 0.6454545454545455
16 22 274 0.7784090909090909
40 47 1214 0.6457446808510638
20 29 444 0.7655172413793103
23 33 569 0.7496706192358367
14 19 211 0.793233082706767
40 45 1134 0.63
20 32 504 0.7875
12 18 180 0.8333333333333334
11 14 126 0.8181818181818182
17 25 334 0.7858823529411765
63 69 2577 0.5928226363008972
41 46 1183 0.627253446447508
41 51 1388 0.6637972262075561
22 28 445 0.7224025974025974
58 57 1821 0.5508166969147006
50 61 1969 0.6455737704918033
30 26 429 0.55
30 36 729 0.675
32 34 682 0.6268382352941176
20 29 444 0.7655172413793103
19 26 374 0.757085020242915
44 56 1644 0.6672077922077922
30 47 1059 0.751063829787234
47 67 2203 0.6995871705303272
86 111 6143 0.6435156086318877
76 99 4896 0.6507177033492823
22 35 599 0.7779220779220779
16 21 258 0.7678571428571429
9 6 39 0.7222222222222222
27 33 615 0.6902356902356903
46 61 1903 0.6781895937277264
44 63 1952 0.7041847041847042
19 16 184 0.6052631578947368
18 18 219 0.6759259259259259
36 45 1092 0.674074074074074
10 13 109 0.8384615384615385
21 21 288 0.6530612244897959
20 21 284 0.6761904761904761
9 9 66 0.8148148148148148
15 23 279 0.8086956521739131
54 64 2181 0.6310763888888888
27 33 615 0.6902356902356903
14 18 197 0.7817460317460317
8 12 86 0.8958333333333334
15 16 174 0.725
21 33 540 0.7792207792207793
8 14 102 0.9107142857142857
30 27 459 0.5666666666666667
23 30 500 0.7246376811594203
7 7 43 0.8775510204081634
26 30 527 0.6756410256410257
19 34 526 0.8142414860681115
23 38 684 0.782608695652174
21 28 435 0.7397959183673469
22 36 621 0.7840909090909091
15 23 279 0.8086956521739131
17 31 436 0.8273244781783682
14 17 183 0.76890756302521
53 67 2326 0.6550267530273162
59 68 2472 0.6161515453639083
15 18 204 0.7555555555555555
23 29 477 0.7151424287856072
17 20 249 0.7323529411764705
29 29 516 0.6135552913198573
14 18 197 0.7817460317460317
21 24 351 0.6964285714285715
15 17 189 0.7411764705882353
15 19 219 0.7684210526315789
6 7 39 0.9285714285714286
52 55 1684 0.5888111888111889
23 29 477 0.7151424287856072
31 43 955 0.7164291072768192
18 22 291 0.7348484848484849
32 38 810 0.6661184210526315
45 46 1209 0.5840579710144927
38 48 1229 0.6737938596491229
46 55 1627 0.6430830039525691
25 31 544 0.7019354838709678
12 15 144 0.8
18 22 291 0.7348484848484849
33 41 918 0.6784922394678492
36 47 1164 0.6879432624113476
32 32 618 0.603515625
26 37 709 0.737006237006237
27 37 723 0.7237237237237237
16 21 258 0.7678571428571429
12 18 180 0.8333333333333334
18 27 381 0.7839506172839507
20 25 364 0.728
23 36 638 0.7705314009661836
56 69 2486 0.6433747412008282
26 37 709 0.737006237006237
19 26 374 0.757085020242915
21 22 309 0.6688311688311688
33 47 1116 0.7195357833655707
44 50 1380 0.6272727272727273
13 15 150 0.7692307692307693
24 30 510 0.7083333333333334
25 29 494 0.6813793103448277
10 16 139 0.86875
57 64 2217 0.6077302631578947
15 19 219 0.7684210526315789
24 26 414 0.6634615384615384
15 17 189 0.7411764705882353
31 45 1017 0.7290322580645161
78 97 4791 0.6332275971451229
33 40 885 0.6704545454545454
21 21 288 0.6530612244897959
34 51 1269 0.731833910034602
46 60 1857 0.6728260869565218
12 11 96 0.7272727272727273
27 32 588 0.6805555555555556
25 35 644 0.7360000000000001
18 14 147 0.5833333333333333
30 30 549 0.61
41 41 978 0.5817965496728138
23 21 293 0.6066252587991718
14 15 155 0.738095238095238
16 14 146 0.6517857142857143
14 35 435 0.8877551020408164
20 32 504 0.7875
27 44 912 0.7676767676767677
53 72 2591 0.6789832285115304
