15 19 230 0.8070175438596492
4 7 28 1.0
41 47 1261 0.6543850544888428
38 37 845 0.60099573257468
29 28 512 0.6305418719211823
30 34 695 0.6813725490196079
26 25 419 0.6446153846153847
33 29 551 0.5757575757575757
27 29 530 0.6768837803320562
24 27 458 0.70679012345679
19 19 256 0.7091412742382271
38 36 807 0.5899122807017544
32 46 1094 0.7432065217391305
10 21 195 0.9285714285714286
6 8 47 0.9791666666666666
49 56 1754 0.6392128279883381
34 37 823 0.6542130365659777
50 69 2415 0.7
28 36 732 0.7261904761904762
36 56 1520 0.753968253968254
43 46 1237 0.6253791708796764
28 27 480 0.6349206349206349
48 44 1166 0.5520833333333334
13 16 172 0.8269230769230769
8 9 66 0.9166666666666666
37 42 1026 0.6602316602316602
48 57 1790 0.6542397660818713
21 24 368 0.7301587301587302
42 48 1313 0.6512896825396826
18 21 287 0.7592592592592593
34 35 755 0.6344537815126051
19 21 294 0.7368421052631579
38 42 1035 0.6484962406015038
39 40 965 0.6185897435897436
15 21 260 0.8253968253968254
4 8 32 1.0
74 82 3653 0.6020105471324984
35 37 830 0.640926640926641
47 59 1870 0.6743598990263253
36 48 1232 0.7129629629629629
51 54 1673 0.6074800290486565
32 30 582 0.60625
36 46 1160 0.7004830917874396
23 30 519 0.7521739130434782
13 14 146 0.8021978021978021
4 7 28 1.0
14 15 165 0.7857142857142858
32 40 902 0.7046875
41 50 1384 0.6751219512195122
27 33 638 0.7160493827160493
27 31 584 0.6977299880525687
31 35 734 0.6764976958525345
43 55 1624 0.6866807610993658
40 34 731 0.5375
60 58 1940 0.5574712643678161
27 38 773 0.753411306042885
34 36 789 0.6446078431372549
16 17 206 0.7573529411764706
19 22 313 0.7488038277511961
33 32 650 0.615530303030303
30 28 515 0.6130952380952381
35 37 830 0.640926640926641
13 16 172 0.8269230769230769
52 65 2252 0.6662721893491124
59 80 3235 0.6853813559322034
28 33 648 0.7012987012987013
40 47 1250 0.6648936170212766
58 70 2629 0.647536945812808
42 54 1565 0.6900352733686067
53 62 2110 0.6421180766889836
38 45 1149 0.6719298245614035
21 30 494 0.7841269841269842
40 68 2090 0.7683823529411765
41 48 1302 0.6615853658536586
55 58 1915 0.6003134796238245
27 30 557 0.6876543209876543
100 123 7740 0.6292682926829268
10 13 115 0.8846153846153846
23 29 496 0.7436281859070465
6 9 53 0.9814814814814815
32 45 1062 0.7375
20 20 280 0.7
21 26 410 0.750915750915751
20 29 460 0.7931034482758621
25 32 590 0.7375
17 22 296 0.7914438502673796
60 95 4160 0.7298245614035087
34 45 1095 0.7156862745098038
21 28 452 0.7687074829931974
24 35 650 0.7738095238095237
29 29 541 0.643281807372176
52 62 2096 0.6501240694789082
46 72 2451 0.740036231884058
33 29 551 0.5757575757575757
18 28 413 0.8194444444444444
50 60 1965 0.6549999999999999
24 30 530 0.736111111111111
22 26 419 0.7325174825174826
28 28 508 0.6479591836734694
43 62 1925 0.7220555138784697
15 21 260 0.8253968253968254
52 59 1940 0.6323337679269883
23 20 289 0.6282608695652174
33 32 650 0.615530303030303
42 48 1313 0.6512896825396826
42 52 1481 0.678113553113553
30 36 755 0.6990740740740741
32 28 518 0.578125
33 41 947 0.6999260901699925
34 41 959 0.687948350071736
53 53 1633 0.5813456746173016
30 33 665 0.6717171717171717
56 69 2538 0.6568322981366459
6 7 41 0.9761904761904762
95 148 9965 0.7087482219061166
33 49 1211 0.7489177489177489
53 67 2375 0.6688256829062236
52 70 2512 0.6901098901098901
24 36 674 0.7800925925925926
76 101 5120 0.6670140698280353
56 75 2874 0.6842857142857143
53 73 2693 0.6960454897906436
47 53 1588 0.6374949819349659
28 36 732 0.7261904761904762
22 33 573 0.7892561983471075
41 61 1835 0.7337065173930428
40 65 1970 0.7576923076923077
23 38 703 0.8043478260869565
27 38 773 0.753411306042885
11 11 100 0.8264462809917356
58 75 2919 0.6710344827586208
28 36 732 0.7261904761904762
19 24 351 0.7697368421052632
72 77 3266 0.5891053391053391
35 45 1110 0.7047619047619048
48 60 1934 0.6715277777777777
30 41 905 0.7357723577235773
77 83 3763 0.5887967454232514
40 57 1650 0.7236842105263158
61 91 3955 0.7124842370744011
10 14 125 0.8928571428571429
28 36 732 0.7261904761904762
24 26 434 0.6955128205128205
26 38 757 0.7661943319838057
38 47 1225 0.6858902575587906
21 36 620 0.8201058201058201
20 29 460 0.7931034482758621
47 48 1353 0.5997340425531915
24 28 482 0.7172619047619048
45 59 1835 0.6911487758945386
24 31 554 0.7446236559139785
26 31 575 0.7133995037220844
15 20 245 0.8166666666666667
18 26 377 0.8055555555555555
8 11 82 0.9318181818181818
44 54 1596 0.6717171717171717
38 46 1187 0.6790617848970252
34 41 959 0.687948350071736
36 43 1052 0.6795865633074936
29 31 599 0.6662958843159066
19 25 370 0.7789473684210526
17 23 313 0.8005115089514065
59 68 2527 0.6298604187437686
39 36 809 0.5762108262108262
27 32 611 0.7071759259259259
35 52 1355 0.7445054945054945
43 61 1882 0.7174990468928708
14 16 179 0.7991071428571429
51 70 2489 0.6971988795518207
30 35 725 0.6904761904761905
16 18 222 0.7708333333333334
98 104 5821 0.5711342229199372
54 74 2771 0.6934434434434434
37 40 952 0.6432432432432432
10 18 165 0.9166666666666666
46 50 1439 0.6256521739130435
61 67 2491 0.6094935160264252
50 57 1815 0.6368421052631579
19 22 313 0.7488038277511961
45 59 1835 0.6911487758945386
27 34 665 0.724400871459695
50 63 2115 0.6714285714285714
43 40 979 0.5691860465116279
5 5 25 1.0
42 61 1859 0.7256049960967993
24 33 602 0.76010101010101
16 22 286 0.8125
51 51 1520 0.5843906189926952
49 62 2048 0.67412771560237
16 13 142 0.6826923076923077
42 55 1607 0.6956709956709957
20 27 420 0.7777777777777778
42 46 1229 0.6361283643892339
42 49 1355 0.6584062196307093
100 112 6640 0.5928571428571429
36 46 1160 0.7004830917874396
32 36 774 0.671875
43 51 1452 0.6621067031463749
17 17 211 0.7301038062283737
40 46 1210 0.657608695652174
14 18 207 0.8214285714285715
66 81 3455 0.6462775907220352
13 16 172 0.8269230769230769
13 13 133 0.78698224852071
32 41 934 0.711890243902439
29 36 744 0.7126436781609196
24 23 362 0.6557971014492754
9 10 80 0.888888888888889
17 21 279 0.7815126050420167
6 10 59 0.9833333333333334
30 34 695 0.6813725490196079
21 25 389 0.740952380952381
18 25 359 0.7977777777777777
27 28 503 0.6653439153439153
10 10 85 0.85
25 34 640 0.7529411764705882
38 39 921 0.6214574898785425
30 32 635 0.6614583333333334
25 23 365 0.6347826086956522
43 53 1538 0.6748573935936815
10 12 105 0.875
43 51 1452 0.6621067031463749
7 10 67 0.9571428571428571
20 22 320 0.7272727272727273
48 54 1646 0.6350308641975309
32 36 774 0.671875
44 54 1596 0.6717171717171717
22 24 375 0.7102272727272728
21 20 284 0.6761904761904762
19 28 427 0.8026315789473684
22 23 353 0.6976284584980238
25 28 490 0.7000000000000001
35 46 1145 0.7111801242236025
9 8 62 0.8611111111111112
16 16 190 0.7421875
21 27 431 0.7601410934744268
19 23 332 0.7597254004576659
19 26 389 0.7874493927125505
44 51 1464 0.6524064171122995
40 43 1090 0.6337209302325582
17 23 313 0.8005115089514065
35 32 655 0.5848214285714286
27 35 692 0.7322751322751323
30 43 965 0.748062015503876
18 20 269 0.7472222222222222
8 9 66 0.9166666666666666
48 60 1934 0.6715277777777777
32 31 614 0.6189516129032258
79 87 4098 0.5962461807071149
64 74 2966 0.6262668918918919
9 8 62 0.8611111111111112
39 47 1238 0.6753955264593563
46 57 1761 0.6716247139588101
42 38 893 0.5595238095238095
55 78 3015 0.7027972027972028
25 30 540 0.7200000000000001
103 123 7818 0.6170968505801563
70 84 3735 0.6352040816326531
30 33 665 0.6717171717171717
5 5 25 1.0
50 49 1415 0.5775510204081633
3 3 9 1.0
15 19 230 0.8070175438596492
15 25 320 0.8533333333333333
48 69 2366 0.7143719806763285
11 18 177 0.8939393939393939
42 54 1565 0.6900352733686067
18 23 323 0.7801932367149758
10 16 145 0.90625
12 15 152 0.8444444444444444
46 66 2175 0.7164031620553359
22 26 419 0.7325174825174826
20 29 460 0.7931034482758621
13 20 224 0.8615384615384615
27 31 584 0.6977299880525687
16 25 334 0.835
30 38 815 0.7149122807017544
20 30 480 0.8
17 35 517 0.86890756302521
25 28 490 0.7000000000000001
43 49 1366 0.6483151400094922
12 16 164 0.8541666666666666
42 63 1943 0.7343159486016628
66 91 4115 0.6851481851481852
18 16 197 0.6840277777777778
28 43 928 0.770764119601329
14 22 263 0.8538961038961038
14 20 235 0.8392857142857142
19 29 446 0.809437386569873
31 49 1168 0.7689269256089533
43 59 1796 0.7079227433977139
31 36 765 0.6854838709677419
15 20 245 0.8166666666666667
24 32 578 0.7526041666666666
45 47 1295 0.6122931442080378
51 74 2693 0.7135665076841547
14 23 277 0.8602484472049688
64 88 3862 0.6857244318181818
45 63 2015 0.7107583774250441
22 30 507 0.7681818181818182
26 35 679 0.7461538461538462
35 48 1215 0.7232142857142857
31 40 889 0.7169354838709677
51 67 2336 0.6836406204272754
35 49 1250 0.728862973760933
26 39 783 0.7721893491124261
39 57 1628 0.7323436797121008
42 50 1397 0.6652380952380952
50 61 2015 0.660655737704918
13 19 211 0.854251012145749
7 10 67 0.9571428571428571
34 47 1163 0.727784730913642
22 31 529 0.7756598240469209
30 37 785 0.7072072072072072
29 28 512 0.6305418719211823
21 22 326 0.7056277056277056
22 22 331 0.6838842975206612
9 9 71 0.8765432098765432
48 50 1454 0.6058333333333333
30 29 545 0.6264367816091955
42 46 1229 0.6361283643892339
16 18 222 0.7708333333333334
29 40 860 0.7413793103448276
18 21 287 0.7592592592592593
7 10 67 0.9571428571428571
40 41 1010 0.6158536585365854
10 13 115 0.8846153846153846
73 90 4224 0.6429223744292237
73 83 3713 0.6128073939593992
53 72 2640 0.6918238993710691
63 77 3140 0.6472892187177901
44 59 1816 0.699537750385208
32 46 1094 0.7432065217391305
15 18 215 0.7962962962962963
28 29 536 0.6600985221674877
8 9 66 0.9166666666666666
39 47 1238 0.6753955264593563
86 118 6827 0.6727433977138352
31 42 951 0.7304147465437788
101 143 9787 0.6776293013916777
39 40 965 0.6185897435897436
106 136 9265 0.642688679245283
57 69 2555 0.6496313246885329
25 34 640 0.7529411764705882
42 60 1817 0.721031746031746
25 33 615 0.7454545454545455
19 21 294 0.7368421052631579
50 75 2715 0.724
18 28 413 0.8194444444444444
41 50 1384 0.6751219512195122
27 26 449 0.6396011396011396
36 47 1196 0.706855791962175
16 18 222 0.7708333333333334
32 38 838 0.6891447368421053
34 45 1095 0.7156862745098038
11 8 67 0.7613636363636364
30 48 1115 0.7743055555555555
54 64 2231 0.6455439814814815
31 44 1013 0.7426686217008798
26 28 497 0.6826923076923077
14 20 235 0.8392857142857142
28 29 536 0.6600985221674877
26 42 861 0.7884615384615384
19 16 199 0.6546052631578947
31 37 796 0.6939843068875327
24 33 602 0.76010101010101
12 19 200 0.8771929824561404
32 44 1030 0.7315340909090909
43 48 1323 0.6409883720930233
30 39 845 0.7222222222222222
14 19 221 0.830827067669173
16 23 302 0.8206521739130435
37 38 878 0.6244665718349929
9 11 89 0.898989898989899
78 105 5489 0.6702075702075703
74 107 5503 0.6949987370548119
40 44 1130 0.6420454545454546
23 32 565 0.7676630434782609
19 23 332 0.7597254004576659
41 47 1261 0.6543850544888428
11 18 177 0.8939393939393939
57 78 3068 0.6900584795321638
14 20 235 0.8392857142857142
22 25 397 0.7218181818181819
55 85 3400 0.7272727272727273
96 152 10406 0.7131304824561403
63 96 4337 0.7170965608465608
12 19 200 0.8771929824561404
48 64 2126 0.6920572916666666
24 38 722 0.7916666666666666
40 62 1850 0.7459677419354839
21 33 557 0.8037518037518038
13 15 159 0.8153846153846154
55 70 2575 0.6688311688311689
77 95 4687 0.6407382091592618
24 27 458 0.70679012345679
35 46 1145 0.7111801242236025
77 115 6227 0.7032185206098249
31 36 765 0.6854838709677419
37 52 1396 0.7255717255717256
10 18 165 0.9166666666666666
54 82 3203 0.7233514001806685
27 33 638 0.7160493827160493
36 46 1160 0.7004830917874396
33 43 1013 0.7138830162085976
24 20 290 0.6041666666666667
37 61 1729 0.7660611431103234
13 22 250 0.8741258741258741
41 52 1466 0.6876172607879926
43 56 1667 0.6922757475083057
11 9 78 0.7878787878787878
51 63 2132 0.6635543106131342
36 38 872 0.6374269005847953
23 25 404 0.7026086956521739
16 25 334 0.835
32 36 774 0.671875
49 41 1025 0.5102040816326531
22 25 397 0.7218181818181819
38 51 1377 0.7105263157894737
33 32 650 0.615530303030303
27 36 719 0.7397119341563786
43 50 1409 0.6553488372093024
36 48 1232 0.7129629629629629
17 19 245 0.7585139318885449
45 74 2510 0.7537537537537538
59 82 3353 0.6930549813972716
13 16 172 0.8269230769230769
10 11 95 0.8636363636363636
46 67 2221 0.7206359506813756
10 18 165 0.9166666666666666
31 35 734 0.6764976958525345
49 79 2881 0.7442521312322397
13 15 159 0.8153846153846154
9 9 71 0.8765432098765432
96 125 7814 0.6511666666666667
62 80 3307 0.666733870967742
29 35 715 0.7044334975369458
57 75 2897 0.6776608187134503
28 30 564 0.6714285714285714
28 24 396 0.5892857142857143
31 39 858 0.7096774193548386
15 20 245 0.8166666666666667
62 88 3803 0.6970307917888563
51 65 2234 0.6739064856711916
21 22 326 0.7056277056277056
13 15 159 0.8153846153846154
32 44 1030 0.7315340909090909
33 38 848 0.6762360446570973
31 37 796 0.6939843068875327
18 28 413 0.8194444444444444
21 25 389 0.740952380952381
19 30 465 0.8157894736842105
16 20 254 0.79375
27 38 773 0.753411306042885
17 26 364 0.8235294117647058
54 83 3257 0.7266845158411424
25 33 615 0.7454545454545455
14 15 165 0.7857142857142858
22 24 375 0.7102272727272728
84 131 7844 0.712831697564522
44 45 1200 0.6060606060606061
61 88 3772 0.702682563338301
13 17 185 0.83710407239819
51 70 2489 0.6971988795518207
43 61 1882 0.7174990468928708
21 27 431 0.7601410934744268
27 33 638 0.7160493827160493
35 40 935 0.6678571428571429
77 89 4225 0.6165183131475267
54 63 2177 0.6399176954732511
33 36 782 0.6582491582491582
17 19 245 0.7585139318885449
37 57 1581 0.7496443812233285
6 9 53 0.9814814814814815
62 89 3865 0.700434940195723
39 57 1628 0.7323436797121008
27 49 1070 0.8087679516250944
48 71 2462 0.7224178403755869
15 18 215 0.7962962962962963
17 21 279 0.7815126050420167
64 91 4054 0.6960851648351648
61 78 3162 0.6645649432534678
65 100 4670 0.7184615384615384
18 24 341 0.7893518518518517
31 42 951 0.7304147465437788
42 53 1523 0.6841868823000898
30 46 1055 0.7644927536231884
26 33 627 0.7307692307692308
55 69 2520 0.6640316205533597
23 31 542 0.7601683029453016
23 29 496 0.7436281859070465
63 69 2636 0.6063952150908672
30 34 695 0.6813725490196079
19 23 332 0.7597254004576659
41 50 1384 0.6751219512195122
20 30 480 0.8
23 35 634 0.7875776397515528
14 19 221 0.830827067669173
42 45 1187 0.6280423280423281
20 34 560 0.8235294117647058
12 18 188 0.8703703703703703
11 15 144 0.8727272727272728
18 25 359 0.7977777777777777
66 83 3587 0.6548010222709019
41 47 1261 0.6543850544888428
44 55 1640 0.6776859504132231
24 33 602 0.76010101010101
61 64 2308 0.5911885245901639
52 69 2460 0.68561872909699
31 31 610 0.6347554630593132
34 40 925 0.6801470588235294
32 47 1126 0.7486702127659575
21 30 494 0.7841269841269842
22 28 463 0.7516233766233766
50 61 2015 0.660655737704918
38 53 1453 0.7214498510427011
56 70 2594 0.661734693877551
94 121 7369 0.6478811324072447
93 108 6128 0.610115491835922
27 40 827 0.7657407407407407
19 21 294 0.7368421052631579
12 8 68 0.7083333333333334
34 45 1095 0.7156862745098038
54 69 2501 0.6712292002147074
51 77 2846 0.7247262541380188
20 19 260 0.6842105263157895
22 21 309 0.6688311688311688
42 66 2069 0.7463924963924964
12 20 212 0.8833333333333334
25 33 615 0.7454545454545455
26 33 627 0.7307692307692308
10 12 105 0.875
16 25 334 0.835
55 70 2575 0.6688311688311689
28 39 816 0.7472527472527473
14 21 249 0.846938775510204
12 13 128 0.8205128205128205
16 21 270 0.8035714285714286
24 38 722 0.7916666666666666
11 16 155 0.8806818181818182
33 35 749 0.6484848484848484
23 35 634 0.7875776397515528
8 9 66 0.9166666666666666
27 37 746 0.7467467467467468
21 39 683 0.833943833943834
26 41 835 0.7833020637898687
23 30 519 0.7521739130434782
24 36 674 0.7800925925925926
20 27 420 0.7777777777777778
21 34 578 0.8095238095238095
16 19 238 0.7828947368421053
67 78 3273 0.6262916188289323
68 78 3288 0.6199095022624435
15 18 215 0.7962962962962963
25 33 615 0.7454545454545455
17 20 262 0.7705882352941177
30 31 605 0.6505376344086022
21 22 326 0.7056277056277056
24 39 746 0.797008547008547
22 21 309 0.6688311688311688
19 23 332 0.7597254004576659
6 8 47 0.9791666666666666
75 66 2475 0.5
35 41 970 0.6759581881533101
42 52 1481 0.678113553113553
24 28 482 0.7172619047619048
35 42 1005 0.6836734693877551
52 49 1420 0.5572998430141287
45 51 1475 0.6427015250544662
53 58 1898 0.6174365647364997
35 41 970 0.6759581881533101
15 19 230 0.8070175438596492
29 35 715 0.7044334975369458
40 48 1290 0.671875
44 52 1508 0.6590909090909091
37 37 841 0.6143170197224251
34 44 1061 0.7092245989304813
32 44 1030 0.7315340909090909
17 25 347 0.8164705882352941
13 19 211 0.854251012145749
19 28 427 0.8026315789473684
20 26 400 0.7692307692307693
24 37 698 0.786036036036036
66 88 3917 0.6744146005509642
30 41 905 0.7357723577235773
19 26 389 0.7874493927125505
28 31 592 0.6820276497695852
37 50 1322 0.7145945945945945
52 57 1836 0.6194331983805668
13 19 211 0.854251012145749
28 34 676 0.7100840336134454
27 34 665 0.724400871459695
13 18 198 0.8461538461538461
61 71 2735 0.6314938813207112
15 20 245 0.8166666666666667
26 32 601 0.7223557692307693
16 20 254 0.79375
31 46 1075 0.7538569424964937
89 104 5686 0.6143042350907519
41 47 1261 0.6543850544888428
24 24 386 0.6701388888888888
41 55 1589 0.7046563192904657
47 61 1964 0.685036623648413
15 17 200 0.7843137254901961
32 41 934 0.711890243902439
38 45 1149 0.6719298245614035
19 21 294 0.7368421052631579
34 39 891 0.6719457013574661
51 57 1826 0.6281389748882009
28 28 508 0.6479591836734694
16 17 206 0.7573529411764706
17 16 194 0.7132352941176471
22 40 727 0.8261363636363637
22 33 573 0.7892561983471075
34 48 1197 0.7334558823529411
58 79 3151 0.6876909646442602
