13 13 141 0.834319526627219
4 6 24 1.0
33 36 810 0.6818181818181819
29 28 536 0.6600985221674877
26 24 414 0.6634615384615384
19 23 346 0.7917620137299771
22 18 260 0.6565656565656566
32 27 513 0.59375
23 20 307 0.6673913043478261
16 21 281 0.8363095238095238
14 15 174 0.8285714285714286
31 27 512 0.6117084826762246
27 38 795 0.7748538011695906
9 19 165 0.9649122807017543
6 6 36 1.0
45 50 1470 0.6533333333333333
25 24 410 0.6833333333333332
46 55 1710 0.6758893280632411
27 34 687 0.7483660130718954
34 51 1328 0.7658592848904269
33 35 777 0.6727272727272727
27 27 498 0.6831275720164608
41 42 1092 0.6341463414634146
11 15 150 0.9090909090909091
6 8 48 1.0
34 38 886 0.6857585139318886
40 52 1485 0.7139423076923077
20 23 355 0.7717391304347826
37 44 1132 0.6953316953316953
15 18 225 0.8333333333333334
30 30 600 0.6666666666666666
17 21 291 0.8151260504201681
36 39 939 0.6688034188034188
31 37 822 0.7166521360069747
10 14 130 0.9285714285714286
4 7 28 1.0
60 62 2235 0.6008064516129032
31 29 574 0.6384872080088988
37 47 1243 0.7147786083956297
33 39 909 0.7062937062937064
39 42 1077 0.6575091575091575
29 27 507 0.6475095785440613
30 42 960 0.7619047619047619
22 25 414 0.7527272727272727
10 13 120 0.9230769230769231
4 6 24 1.0
11 14 139 0.9025974025974026
30 37 810 0.7297297297297297
34 38 886 0.6857585139318886
25 28 510 0.7285714285714285
25 26 460 0.7076923076923076
26 29 544 0.7214854111405835
40 50 1405 0.7025
37 32 688 0.581081081081081
49 50 1504 0.6138775510204081
22 30 524 0.7939393939393938
29 30 594 0.6827586206896552
15 16 195 0.8125
18 20 282 0.7833333333333333
31 30 605 0.6505376344086021
27 26 471 0.6709401709401709
31 32 667 0.6723790322580645
13 14 154 0.8461538461538461
51 57 1872 0.6439628482972136
59 72 2817 0.663135593220339
28 29 559 0.6884236453201971
40 39 965 0.6185897435897436
55 60 2075 0.6287878787878788
41 47 1297 0.6730669434353918
51 56 1821 0.6376050420168067
36 41 1011 0.6849593495934959
19 27 422 0.8226120857699805
38 65 1942 0.7862348178137653
41 48 1338 0.6798780487804877
51 54 1719 0.6241830065359477
27 30 579 0.7148148148148148
91 110 6355 0.6348651348651349
10 12 110 0.9166666666666666
21 25 405 0.7714285714285714
6 8 48 1.0
27 38 795 0.7748538011695906
16 16 201 0.78515625
21 26 426 0.7802197802197802
20 28 455 0.8125
21 27 447 0.7883597883597884
16 19 249 0.819078947368421
51 76 2841 0.7329721362229101
24 36 693 0.8020833333333334
18 24 354 0.8194444444444445
23 29 514 0.7706146926536732
23 24 399 0.7228260869565218
44 44 1195 0.6172520661157025
35 55 1490 0.774025974025974
29 27 507 0.6475095785440613
15 18 225 0.8333333333333334
49 56 1798 0.6552478134110787
23 28 491 0.7624223602484472
20 20 295 0.7375
23 22 353 0.6976284584980237
34 50 1294 0.7611764705882353
14 19 230 0.8646616541353382
50 50 1510 0.604
20 17 235 0.6911764705882353
30 31 630 0.6774193548387096
39 48 1311 0.7003205128205128
39 48 1311 0.7003205128205128
30 33 690 0.696969696969697
27 25 444 0.6577777777777777
33 38 876 0.6985645933014354
33 38 876 0.6985645933014354
41 42 1092 0.6341463414634146
27 27 498 0.6831275720164608
47 57 1818 0.6786114221724524
6 6 36 1.0
92 142 9323 0.7136405388854868
28 41 895 0.7796167247386759
48 64 2169 0.7060546875
52 69 2507 0.6987179487179487
24 35 669 0.7964285714285714
75 100 5085 0.6779999999999999
56 69 2589 0.6700310559006211
51 68 2433 0.7015570934256055
46 52 1572 0.6571906354515049
25 35 685 0.7828571428571428
22 33 590 0.8126721763085399
41 60 1830 0.7439024390243902
40 61 1845 0.7561475409836066
23 37 698 0.8202115158636898
27 35 714 0.7555555555555555
11 11 106 0.8760330578512397
54 69 2550 0.6843800322061192
22 30 524 0.7939393939393938
16 23 313 0.8505434782608695
56 59 2029 0.6141041162227603
29 39 855 0.7559681697612732
40 45 1205 0.6694444444444444
29 39 855 0.7559681697612732
63 59 2064 0.5552865213882162
34 54 1430 0.7788671023965142
47 68 2335 0.7306007509386733
9 13 111 0.9487179487179488
24 33 621 0.7840909090909091
22 24 392 0.7424242424242423
21 35 615 0.836734693877551
33 43 1041 0.733615221987315
18 34 534 0.8725490196078431
12 25 279 0.93
33 38 876 0.6985645933014354
19 27 422 0.8226120857699805
38 52 1448 0.7327935222672065
20 29 475 0.8189655172413793
20 27 435 0.8055555555555556
8 15 117 0.975
11 23 238 0.9407114624505929
8 10 77 0.9625
40 45 1205 0.6694444444444444
35 43 1070 0.7109634551495017
34 39 920 0.693815987933635
31 36 791 0.7087813620071685
23 25 422 0.7339130434782609
19 23 346 0.7917620137299771
17 22 308 0.8235294117647058
52 61 2091 0.6592055485498108
38 35 802 0.6030075187969924
27 32 633 0.7326388888888888
35 50 1315 0.7514285714285713
43 61 1920 0.731986275257339
13 14 154 0.8461538461538461
49 60 1994 0.6782312925170068
28 31 615 0.7085253456221199
15 14 165 0.7857142857142857
95 95 5020 0.5562326869806095
53 72 2688 0.7044025157232705
37 39 947 0.6562716562716562
9 17 147 0.9607843137254901
40 41 1045 0.6371951219512195
52 66 2351 0.68502331002331
47 52 1583 0.6477086743044189
19 22 327 0.7822966507177033
44 57 1767 0.7045454545454545
25 34 660 0.776470588235294
45 54 1650 0.6790123456790123
37 40 984 0.6648648648648648
4 4 16 1.0
41 54 1584 0.7154471544715447
23 31 560 0.785413744740533
16 22 297 0.84375
47 51 1536 0.6408010012515644
49 61 2043 0.6835061893609903
9 11 93 0.9393939393939394
38 43 1106 0.6768665850673194
16 24 329 0.8567708333333334
33 41 975 0.7206208425720622
37 39 947 0.6562716562716562
90 92 4710 0.5688405797101449
28 32 643 0.7176339285714286
24 29 525 0.7543103448275862
36 42 1047 0.6924603174603174
15 14 165 0.7857142857142857
35 40 965 0.6892857142857143
13 17 193 0.8733031674208145
55 64 2295 0.6519886363636364
10 13 120 0.9230769230769231
13 13 141 0.834319526627219
24 29 525 0.7543103448275862
27 34 687 0.7483660130718954
24 23 381 0.6902173913043478
8 10 77 0.9625
13 19 219 0.8866396761133604
6 9 54 1.0
29 34 710 0.7200811359026369
21 25 405 0.7714285714285714
17 23 325 0.8312020460358056
26 28 518 0.7115384615384616
9 9 75 0.925925925925926
24 29 525 0.7543103448275862
36 37 867 0.6509009009009009
29 30 594 0.6827586206896552
22 22 348 0.71900826446281
34 47 1192 0.7459324155193994
10 11 100 0.9090909090909091
38 45 1182 0.6912280701754386
7 8 55 0.9821428571428571
19 20 289 0.7605263157894737
42 50 1434 0.6828571428571429
28 34 699 0.7342436974789917
38 49 1334 0.7164339419978518
18 18 246 0.7592592592592592
14 18 216 0.8571428571428572
18 24 354 0.8194444444444445
18 22 318 0.8030303030303031
22 25 414 0.7527272727272727
34 44 1090 0.7286096256684492
6 7 42 1.0
15 16 195 0.8125
19 26 403 0.8157894736842105
17 20 274 0.8058823529411765
17 23 325 0.8312020460358056
41 45 1215 0.6585365853658536
38 41 1030 0.6611039794608472
14 21 258 0.8775510204081632
26 23 388 0.6488294314381271
23 31 560 0.785413744740533
28 40 867 0.7741071428571429
17 19 257 0.7956656346749226
7 9 62 0.9841269841269842
45 55 1695 0.6848484848484848
29 30 594 0.6827586206896552
59 67 2522 0.6379964583860359
57 60 2094 0.612280701754386
8 6 45 0.9375
31 38 853 0.7241086587436333
35 48 1245 0.7410714285714285
39 36 843 0.6004273504273505
48 67 2313 0.7192164179104478
22 29 502 0.786833855799373
85 105 5765 0.6459383753501401
60 70 2715 0.6464285714285715
27 28 525 0.6944444444444444
4 4 16 1.0
42 47 1308 0.662613981762918
3 3 9 1.0
13 18 206 0.8803418803418803
14 22 272 0.8831168831168831
45 60 1920 0.711111111111111
11 13 128 0.8951048951048951
42 53 1560 0.7008086253369272
16 19 249 0.819078947368421
10 16 150 0.9375
12 15 159 0.8833333333333333
46 65 2170 0.725752508361204
22 26 436 0.7622377622377622
19 28 441 0.8289473684210525
13 20 232 0.8923076923076924
23 29 514 0.7706146926536732
16 25 345 0.8625
29 37 797 0.7427772600186393
20 30 495 0.825
17 32 478 0.8786764705882353
22 25 414 0.7527272727272727
29 39 855 0.7559681697612732
10 14 130 0.9285714285714286
38 54 1524 0.7426900584795322
56 78 3093 0.7081043956043955
14 14 160 0.8163265306122449
26 39 804 0.7928994082840237
12 17 183 0.8970588235294118
14 19 230 0.8646616541353382
17 19 257 0.7956656346749226
28 37 783 0.7557915057915058
41 52 1502 0.7045028142589118
29 34 710 0.7200811359026369
14 17 202 0.8487394957983193
22 30 524 0.7939393939393938
44 42 1107 0.599025974025974
47 64 2147 0.7137632978723404
14 23 286 0.888198757763975
59 82 3407 0.7042166184373708
45 60 1920 0.711111111111111
21 28 468 0.7959183673469388
25 34 660 0.776470588235294
23 43 836 0.8452982810920122
26 38 778 0.7874493927125507
46 62 2032 0.7124824684431977
33 48 1206 0.7613636363636364
23 39 744 0.8294314381270903
36 53 1443 0.7562893081761006
38 50 1372 0.7221052631578948
48 60 1977 0.6864583333333333
13 19 219 0.8866396761133604
7 8 55 0.9821428571428571
29 39 855 0.7559681697612732
19 26 403 0.8157894736842105
30 37 810 0.7297297297297297
27 25 444 0.6577777777777777
19 20 289 0.7605263157894737
18 17 228 0.7450980392156863
9 9 75 0.925925925925926
41 42 1092 0.6341463414634146
26 24 414 0.6634615384615384
41 41 1051 0.6252230814991077
16 16 201 0.78515625
26 38 778 0.7874493927125507
18 21 300 0.7936507936507937
7 10 69 0.9857142857142858
32 39 897 0.71875
9 11 93 0.9393939393939394
64 79 3345 0.6615901898734177
65 59 2065 0.5384615384615384
48 46 1305 0.5910326086956522
50 46 1310 0.5695652173913043
36 43 1083 0.6996124031007752
26 30 570 0.7307692307692307
14 16 188 0.8392857142857143
24 23 381 0.6902173913043478
8 9 69 0.9583333333333334
38 45 1182 0.6912280701754386
81 114 6384 0.691358024691358
28 41 895 0.7796167247386759
97 130 8424 0.6680412371134021
38 39 954 0.6437246963562753
99 126 8103 0.6495911495911496
56 67 2477 0.6601812366737739
13 25 297 0.9138461538461539
41 57 1707 0.730423620025674
22 29 502 0.786833855799373
18 18 246 0.7592592592592592
43 58 1791 0.7181234963913392
18 28 426 0.8452380952380952
40 45 1205 0.6694444444444444
25 26 460 0.7076923076923076
35 47 1210 0.7355623100303951
15 16 195 0.8125
30 31 630 0.6774193548387096
31 44 1039 0.7617302052785924
9 8 66 0.9166666666666666
29 46 1058 0.7931034482758621
52 59 1987 0.6476531942633638
30 39 870 0.7435897435897436
23 28 491 0.7624223602484472
10 19 180 0.9473684210526315
26 26 466 0.6893491124260355
21 38 678 0.849624060150376
17 16 206 0.7573529411764706
26 36 726 0.7756410256410257
24 33 621 0.7840909090909091
12 17 183 0.8970588235294118
32 37 833 0.7035472972972973
41 39 969 0.6060037523452158
29 34 710 0.7200811359026369
14 18 216 0.8571428571428572
16 21 281 0.8363095238095238
37 34 762 0.6057233704292527
9 10 84 0.9333333333333333
71 90 4245 0.6643192488262911
67 92 4273 0.6932186891628812
37 39 947 0.6562716562716562
19 28 441 0.8289473684210525
17 19 257 0.7956656346749226
40 47 1285 0.6835106382978723
9 15 129 0.9555555555555556
55 70 2625 0.6818181818181818
14 19 230 0.8646616541353382
22 25 414 0.7527272727272727
51 79 2994 0.7431124348473567
79 136 8043 0.7486038719285183
55 81 3230 0.7250280583613917
10 18 170 0.9444444444444444
39 53 1506 0.7285921625544267
18 29 444 0.8505747126436782
33 53 1371 0.7838765008576329
20 33 555 0.8409090909090909
11 13 128 0.8951048951048951
46 60 1940 0.7028985507246376
70 91 4290 0.673469387755102
22 27 458 0.771043771043771
35 43 1070 0.7109634551495017
61 89 3889 0.7163381838275926
27 33 660 0.7407407407407407
34 44 1090 0.7286096256684492
7 12 83 0.9880952380952381
48 66 2265 0.7149621212121212
24 26 453 0.7259615384615384
30 34 720 0.7058823529411765
25 33 635 0.7696969696969697
16 13 153 0.7355769230769231
31 49 1194 0.7860434496379197
9 15 129 0.9555555555555556
34 45 1124 0.734640522875817
34 44 1090 0.7286096256684492
7 8 55 0.9821428571428571
48 56 1785 0.6640625
34 35 784 0.6588235294117647
19 21 308 0.7719298245614035
15 23 300 0.8695652173913043
26 27 492 0.7008547008547009
47 40 1020 0.5425531914893618
20 24 375 0.78125
33 42 1008 0.7272727272727273
30 30 600 0.6666666666666666
24 32 597 0.77734375
41 47 1297 0.6730669434353918
33 43 1041 0.733615221987315
17 17 223 0.7716262975778546
38 57 1638 0.7562326869806095
51 73 2688 0.7219983883964545
13 15 167 0.8564102564102565
10 9 80 0.8888888888888888
45 65 2145 0.7333333333333333
10 18 170 0.9444444444444444
23 26 445 0.7441471571906355
48 75 2697 0.7491666666666666
11 12 117 0.8863636363636364
9 9 75 0.925925925925926
88 120 7157 0.6777462121212121
59 72 2817 0.663135593220339
27 33 660 0.7407407407407407
54 69 2550 0.6843800322061192
26 28 518 0.7115384615384616
27 24 417 0.6435185185185185
30 38 840 0.7368421052631579
15 19 240 0.8421052631578947
59 80 3289 0.6968220338983051
50 55 1760 0.64
21 19 279 0.6992481203007519
12 11 111 0.8409090909090909
32 39 897 0.71875
32 33 705 0.6676136363636364
31 33 698 0.6823069403714564
17 23 325 0.8312020460358056
19 17 232 0.7182662538699691
19 28 441 0.8289473684210525
15 15 180 0.8
26 28 518 0.7115384615384616
14 20 244 0.8714285714285713
46 70 2400 0.7453416149068323
21 31 531 0.815668202764977
14 14 160 0.8163265306122449
22 24 392 0.7424242424242423
69 112 5712 0.7391304347826086
37 37 873 0.6376917457998539
50 73 2660 0.7287671232876712
12 14 147 0.875
39 53 1506 0.7285921625544267
37 48 1280 0.7207207207207208
18 24 354 0.8194444444444445
23 28 491 0.7624223602484472
25 31 585 0.7548387096774193
62 82 3488 0.6860739575137687
49 58 1896 0.6671358198451794
31 33 698 0.6823069403714564
13 18 206 0.8803418803418803
33 55 1437 0.7917355371900827
5 8 40 1.0
52 84 3287 0.752518315018315
35 54 1455 0.7698412698412698
24 48 981 0.8515625
33 63 1701 0.8181818181818182
15 18 225 0.8333333333333334
16 21 281 0.8363095238095238
64 86 3793 0.6891351744186046
61 78 3218 0.6763345943673813
64 99 4625 0.7299558080808081
18 24 354 0.8194444444444445
30 41 930 0.7560975609756098
41 52 1502 0.7045028142589118
30 41 930 0.7560975609756098
23 30 537 0.7782608695652175
54 68 2496 0.6797385620915033
23 29 514 0.7706146926536732
23 29 514 0.7706146926536732
56 66 2421 0.6550324675324675
30 33 690 0.696969696969697
16 22 297 0.84375
40 47 1285 0.6835106382978723
20 29 475 0.8189655172413793
23 33 606 0.7984189723320159
14 19 230 0.8646616541353382
40 45 1205 0.6694444444444444
20 32 535 0.8359375
12 18 195 0.9027777777777778
11 14 139 0.9025974025974026
17 25 359 0.8447058823529412
63 69 2694 0.6197377501725327
41 46 1256 0.6659597030752916
41 51 1461 0.6987087517934003
22 28 480 0.7792207792207791
58 57 1928 0.5831820931639443
50 61 2060 0.6754098360655738
30 26 480 0.6153846153846154
30 36 780 0.7222222222222222
32 34 737 0.6773897058823529
20 29 475 0.8189655172413793
19 26 403 0.8157894736842105
44 56 1723 0.6992694805194805
30 47 1110 0.7872340425531915
47 67 2288 0.7265798666243252
86 111 6306 0.660590823381521
76 99 5039 0.6697235513024987
22 35 634 0.8233766233766233
16 21 281 0.8363095238095238
9 6 48 0.8888888888888888
27 33 660 0.7407407407407407
46 61 1986 0.7077690662865288
44 63 2031 0.7326839826839826
19 16 213 0.7006578947368421
18 18 246 0.7592592592592592
36 45 1155 0.712962962962963
10 13 120 0.9230769230769231
21 21 321 0.7278911564625851
20 21 315 0.75
9 9 75 0.925925925925926
15 23 300 0.8695652173913043
54 64 2280 0.6597222222222222
27 33 660 0.7407407407407407
14 18 216 0.8571428571428572
8 12 93 0.96875
15 16 195 0.8125
21 33 573 0.8268398268398268
8 14 109 0.9732142857142857
30 27 510 0.6296296296296297
23 30 537 0.7782608695652175
7 7 48 0.9795918367346939
26 30 570 0.7307692307692307
19 34 555 0.8591331269349844
23 38 721 0.8249427917620138
21 28 468 0.7959183673469388
22 36 656 0.8282828282828283
15 23 300 0.8695652173913043
17 31 461 0.8747628083491461
14 17 202 0.8487394957983193
53 67 2423 0.6823430019712757
59 68 2581 0.6433200398803589
15 18 225 0.8333333333333334
23 29 514 0.7706146926536732
17 20 274 0.8058823529411765
29 29 565 0.6718192627824019
14 18 216 0.8571428571428572
21 24 384 0.7619047619047619
15 17 210 0.8235294117647058
15 19 240 0.8421052631578947
6 7 42 1.0
52 55 1779 0.622027972027972
23 29 514 0.7706146926536732
31 43 1008 0.7561890472618155
18 22 318 0.8030303030303031
32 38 865 0.7113486842105263
45 46 1290 0.6231884057971014
38 48 1296 0.7105263157894738
46 55 1710 0.6758893280632411
25 31 585 0.7548387096774193
12 15 159 0.8833333333333333
18 22 318 0.8030303030303031
33 41 975 0.7206208425720622
36 47 1227 0.725177304964539
32 32 673 0.6572265625
26 37 752 0.7817047817047817
27 37 768 0.7687687687687688
16 21 281 0.8363095238095238
12 18 195 0.9027777777777778
18 27 408 0.8395061728395062
20 25 395 0.79
23 36 675 0.8152173913043479
56 69 2589 0.6700310559006211
26 37 752 0.7817047817047817
19 26 403 0.8157894736842105
21 22 342 0.7402597402597402
33 47 1173 0.7562862669245648
44 50 1459 0.6631818181818181
13 15 167 0.8564102564102565
24 30 549 0.7625
25 29 535 0.7379310344827585
10 16 150 0.9375
57 64 2322 0.6365131578947368
15 19 240 0.8421052631578947
24 26 453 0.7259615384615384
15 17 210 0.8235294117647058
31 45 1070 0.7670250896057348
78 97 4938 0.6526566217287867
33 40 942 0.7136363636363636
21 21 321 0.7278911564625851
34 51 1328 0.7658592848904269
46 60 1940 0.7028985507246376
12 11 111 0.8409090909090909
27 32 633 0.7326388888888888
25 35 685 0.7828571428571428
18 14 174 0.6904761904761905
30 30 600 0.6666666666666666
41 41 1051 0.6252230814991077
23 21 330 0.6832298136645962
14 15 174 0.8285714285714286
16 14 169 0.7544642857142857
14 35 454 0.926530612244898
20 32 535 0.8359375
27 44 957 0.8055555555555555
53 72 2688 0.7044025157232705
