13 13 163 0.9644970414201184
4 6 24 1.0
33 36 912 0.7676767676767677
29 28 622 0.7660098522167488
26 24 488 0.782051282051282
19 23 392 0.897025171624714
22 18 318 0.8030303030303031
32 27 611 0.7071759259259259
23 20 369 0.8021739130434783
16 21 315 0.9375
14 15 200 0.9523809523809524
31 27 606 0.7240143369175627
27 38 873 0.8508771929824562
9 19 171 1.0
6 6 36 1.0
45 50 1620 0.72
25 24 480 0.7999999999999999
46 55 1864 0.7367588932806324
27 34 765 0.8333333333333333
34 51 1434 0.8269896193771626
33 35 879 0.7610389610389611
27 27 576 0.7901234567901234
41 42 1226 0.7119628339140535
11 15 164 0.9939393939393939
6 8 48 1.0
34 38 992 0.7678018575851393
40 52 1615 0.7764423076923077
20 23 405 0.8804347826086957
37 44 1250 0.7678132678132678
15 18 255 0.9444444444444444
30 30 690 0.7666666666666667
17 21 329 0.9215686274509803
36 39 1053 0.75
31 37 916 0.7986050566695727
10 14 140 1.0
4 7 28 1.0
60 62 2445 0.657258064516129
31 29 668 0.743047830923248
37 47 1361 0.7826336975273145
33 39 1011 0.7855477855477856
39 42 1203 0.7344322344322345
29 27 593 0.7573435504469986
30 42 1050 0.8333333333333334
22 25 472 0.8581818181818182
10 13 130 1.0
4 6 24 1.0
11 14 153 0.9935064935064934
30 37 900 0.8108108108108109
34 38 992 0.7678018575851393
25 28 580 0.8285714285714285
25 26 530 0.8153846153846154
26 29 618 0.8196286472148542
40 50 1535 0.7675
37 32 806 0.6807432432432432
49 50 1670 0.6816326530612246
22 30 582 0.8818181818181817
29 30 680 0.7816091954022988
15 16 225 0.9375
18 20 324 0.9
31 30 699 0.7516129032258064
27 26 549 0.782051282051282
31 32 761 0.7671370967741935
13 14 176 0.967032967032967
51 57 2046 0.7038183694530443
59 72 3023 0.7116290018832392
28 29 641 0.7894088669950738
40 39 1095 0.7019230769230769
55 60 2265 0.6863636363636363
41 47 1431 0.7426050856253245
51 56 1995 0.6985294117647058
36 41 1125 0.7621951219512195
19 27 468 0.912280701754386
38 65 2064 0.8356275303643725
41 48 1472 0.7479674796747968
51 54 1893 0.6873638344226579
27 30 657 0.8111111111111111
91 110 6689 0.6682317682317683
10 12 120 1.0
21 25 459 0.8742857142857143
6 8 48 1.0
27 38 873 0.8508771929824562
16 16 235 0.91796875
21 26 480 0.8791208791208791
20 28 505 0.9017857142857143
21 27 501 0.8835978835978836
16 19 283 0.930921052631579
51 76 3015 0.7778637770897833
24 36 759 0.8784722222222222
18 24 396 0.9166666666666666
23 29 576 0.863568215892054
23 24 461 0.8351449275362319
44 44 1341 0.6926652892561983
35 55 1600 0.8311688311688312
29 27 593 0.7573435504469986
15 18 255 0.9444444444444444
49 56 1964 0.7157434402332362
23 28 553 0.8586956521739131
20 20 345 0.8625
23 22 415 0.8201581027667985
34 50 1400 0.823529411764706
14 19 256 0.9624060150375939
50 50 1680 0.672
20 17 285 0.8382352941176471
30 31 720 0.7741935483870968
39 48 1437 0.7676282051282052
39 48 1437 0.7676282051282052
30 33 780 0.7878787878787878
27 25 522 0.7733333333333333
33 38 978 0.7799043062200957
33 38 978 0.7799043062200957
41 42 1226 0.7119628339140535
27 27 576 0.7901234567901234
47 57 1976 0.7375886524822695
6 6 36 1.0
92 142 9661 0.7395131659522352
28 41 977 0.8510452961672474
48 64 2331 0.7587890625
52 69 2685 0.7483277591973244
24 35 735 0.875
75 100 5355 0.7140000000000001
56 69 2783 0.7202380952380952
51 68 2607 0.7517301038062284
46 52 1726 0.7215719063545151
25 35 755 0.8628571428571429
22 33 648 0.8925619834710743
41 60 1964 0.7983739837398375
40 61 1975 0.8094262295081968
23 37 760 0.8930669800235017
27 35 792 0.8380952380952381
11 11 120 0.9917355371900826
54 69 2736 0.7342995169082125
22 30 582 0.8818181818181817
16 23 347 0.9429347826086957
56 59 2223 0.6728208232445521
29 39 941 0.8320070733863838
40 45 1335 0.7416666666666667
29 39 941 0.8320070733863838
63 59 2286 0.6150121065375302
34 54 1536 0.8366013071895425
47 68 2493 0.7800375469336671
9 13 117 1.0
24 33 687 0.8674242424242424
22 24 450 0.8522727272727272
21 35 669 0.9102040816326531
33 43 1143 0.8054968287526426
18 34 576 0.9411764705882353
12 25 297 0.99
33 38 978 0.7799043062200957
19 27 468 0.912280701754386
38 52 1570 0.7945344129554657
20 29 525 0.9051724137931034
20 27 485 0.8981481481481481
8 15 120 1.0
11 23 252 0.9960474308300395
8 10 80 1.0
40 45 1335 0.7416666666666667
35 43 1180 0.7840531561461794
34 39 1026 0.7737556561085973
31 36 885 0.793010752688172
23 25 484 0.8417391304347827
19 23 392 0.897025171624714
17 22 346 0.9251336898395721
52 61 2269 0.7153215636822194
38 35 924 0.6947368421052631
27 32 711 0.8229166666666666
35 50 1425 0.8142857142857143
43 61 2062 0.7861227601982463
13 14 176 0.967032967032967
49 60 2160 0.7346938775510204
28 31 697 0.8029953917050691
15 14 195 0.9285714285714286
95 95 5370 0.5950138504155125
53 72 2870 0.7520964360587002
37 39 1065 0.738045738045738
9 17 153 1.0
40 41 1175 0.7164634146341463
52 66 2529 0.7368881118881119
47 52 1741 0.7123567921440261
19 22 373 0.8923444976076556
44 57 1913 0.7627591706539075
25 34 730 0.8588235294117647
45 54 1800 0.7407407407407407
37 40 1102 0.7445945945945945
4 4 16 1.0
41 54 1718 0.7759710930442638
23 31 622 0.8723702664796634
16 22 331 0.9403409090909091
47 51 1694 0.7067167292448895
49 61 2209 0.7390431582469054
9 11 99 1.0
38 43 1228 0.7515299877600979
16 24 363 0.9453125
33 41 1077 0.7960088691796008
37 39 1065 0.738045738045738
90 92 5040 0.6086956521739131
28 32 725 0.8091517857142857
24 29 591 0.8491379310344828
36 42 1161 0.7678571428571429
15 14 195 0.9285714285714286
35 40 1075 0.7678571428571429
13 17 215 0.9728506787330318
55 64 2485 0.7059659090909091
10 13 130 1.0
13 13 163 0.9644970414201184
24 29 591 0.8491379310344828
27 34 765 0.8333333333333333
24 23 447 0.8097826086956522
8 10 80 1.0
13 19 241 0.9757085020242916
6 9 54 1.0
29 34 796 0.8073022312373225
21 25 459 0.8742857142857143
17 23 363 0.928388746803069
26 28 592 0.8131868131868132
9 9 81 1.0
24 29 591 0.8491379310344828
36 37 981 0.7364864864864865
29 30 680 0.7816091954022988
22 22 406 0.8388429752066116
34 47 1298 0.8122653316645808
10 11 110 1.0
38 45 1304 0.7625730994152047
7 8 56 1.0
19 20 335 0.881578947368421
42 50 1572 0.7485714285714287
28 34 781 0.8203781512605042
38 49 1456 0.7819548872180452
18 18 288 0.8888888888888888
14 18 242 0.9603174603174602
18 24 396 0.9166666666666666
18 22 360 0.9090909090909091
22 25 472 0.8581818181818182
34 44 1196 0.7994652406417113
6 7 42 1.0
15 16 225 0.9375
19 26 449 0.9089068825910931
17 20 312 0.9176470588235294
17 23 363 0.928388746803069
41 45 1349 0.7311653116531166
38 41 1152 0.7394094993581515
14 21 284 0.9659863945578231
26 23 462 0.7725752508361204
23 31 622 0.8723702664796634
28 40 949 0.8473214285714287
17 19 295 0.9133126934984519
7 9 63 1.0
45 55 1845 0.7454545454545455
29 30 680 0.7816091954022988
59 67 2728 0.6901087781431824
57 60 2292 0.6701754385964912
8 6 48 1.0
31 38 947 0.8039049235993209
35 48 1355 0.8065476190476191
39 36 969 0.6901709401709402
48 67 2475 0.769589552238806
22 29 560 0.8777429467084639
85 105 6075 0.680672268907563
60 70 2925 0.6964285714285714
27 28 603 0.7976190476190476
4 4 16 1.0
42 47 1446 0.7325227963525837
3 3 9 1.0
13 18 228 0.9743589743589745
14 22 298 0.9675324675324675
45 60 2070 0.7666666666666667
11 13 142 0.9930069930069929
42 53 1698 0.7628032345013478
16 19 283 0.930921052631579
10 16 160 1.0
12 15 177 0.9833333333333333
46 65 2324 0.777257525083612
22 26 494 0.8636363636363635
19 28 487 0.9154135338345865
13 20 254 0.976923076923077
23 29 576 0.863568215892054
16 25 379 0.9475
29 37 883 0.8229263746505125
20 30 545 0.9083333333333333
17 32 516 0.9485294117647058
22 25 472 0.8581818181818182
29 39 941 0.8320070733863838
10 14 140 1.0
38 54 1646 0.8021442495126706
56 78 3287 0.752518315018315
14 14 186 0.9489795918367347
26 39 878 0.8658777120315582
12 17 201 0.9852941176470589
14 19 256 0.9624060150375939
17 19 295 0.9133126934984519
28 37 865 0.8349420849420849
41 52 1636 0.7673545966228894
29 34 796 0.8073022312373225
14 17 228 0.9579831932773109
22 30 582 0.8818181818181817
44 42 1253 0.678030303030303
47 64 2305 0.7662898936170213
14 23 312 0.9689440993788819
59 82 3613 0.746796196775527
45 60 2070 0.7666666666666667
21 28 522 0.8877551020408163
25 34 730 0.8588235294117647
23 43 898 0.9079878665318503
26 38 852 0.8623481781376517
46 62 2186 0.7664796633941093
33 48 1308 0.8257575757575757
23 39 806 0.898550724637681
36 53 1557 0.8160377358490566
38 50 1494 0.7863157894736843
48 60 2139 0.7427083333333333
13 19 241 0.9757085020242916
7 8 56 1.0
29 39 941 0.8320070733863838
19 26 449 0.9089068825910931
30 37 900 0.8108108108108109
27 25 522 0.7733333333333333
19 20 335 0.881578947368421
18 17 270 0.8823529411764706
9 9 81 1.0
41 42 1226 0.7119628339140535
26 24 488 0.782051282051282
41 41 1185 0.7049375371802499
16 16 235 0.91796875
26 38 852 0.8623481781376517
18 21 342 0.9047619047619048
7 10 70 1.0
32 39 995 0.7972756410256411
9 11 99 1.0
64 79 3571 0.7062895569620253
65 59 2295 0.5984354628422425
48 46 1467 0.6644021739130435
50 46 1480 0.6434782608695653
36 43 1197 0.7732558139534884
26 30 644 0.8256410256410257
14 16 214 0.9553571428571429
24 23 447 0.8097826086956522
8 9 72 1.0
38 45 1304 0.7625730994152047
81 114 6678 0.723196881091618
28 41 977 0.8510452961672474
97 130 8782 0.6964314036478985
38 39 1076 0.7260458839406208
99 126 8469 0.6789321789321789
56 67 2671 0.7118869936034115
13 25 319 0.9815384615384616
41 57 1841 0.7877620881471973
22 29 560 0.8777429467084639
18 18 288 0.8888888888888888
43 58 1933 0.7750601443464314
18 28 468 0.9285714285714286
40 45 1335 0.7416666666666667
25 26 530 0.8153846153846154
35 47 1320 0.8024316109422492
15 16 225 0.9375
30 31 720 0.7741935483870968
31 44 1133 0.8306451612903225
9 8 72 1.0
29 46 1144 0.8575712143928037
52 59 2165 0.7056714471968709
30 39 960 0.8205128205128205
23 28 553 0.8586956521739131
10 19 190 1.0
26 26 540 0.7988165680473374
21 38 732 0.9172932330827067
17 16 244 0.8970588235294118
26 36 800 0.8547008547008548
24 33 687 0.8674242424242424
12 17 201 0.9852941176470589
32 37 931 0.7863175675675675
41 39 1103 0.6898061288305191
29 34 796 0.8073022312373225
14 18 242 0.9603174603174602
16 21 315 0.9375
37 34 880 0.6995230524642289
9 10 90 1.0
71 90 4499 0.7040688575899844
67 92 4511 0.731829980532122
37 39 1065 0.738045738045738
19 28 487 0.9154135338345865
17 19 295 0.9133126934984519
40 47 1415 0.7526595744680851
9 15 135 1.0
55 70 2815 0.7311688311688311
14 19 256 0.9624060150375939
22 25 472 0.8581818181818182
51 79 3168 0.7862993298585257
79 136 8329 0.775223380491437
55 81 3420 0.7676767676767676
10 18 180 1.0
39 53 1632 0.7895500725689405
18 29 486 0.9310344827586207
33 53 1473 0.8421955403087478
20 33 605 0.9166666666666666
11 13 142 0.9930069930069929
46 60 2094 0.758695652173913
70 91 4540 0.7127158555729984
22 27 516 0.8686868686868686
35 43 1180 0.7840531561461794
61 89 4103 0.7557561245164856
27 33 738 0.8282828282828283
34 44 1196 0.7994652406417113
7 12 84 1.0
48 66 2427 0.7660984848484849
24 26 519 0.8317307692307693
30 34 810 0.7941176470588235
25 33 705 0.8545454545454545
16 13 187 0.8990384615384616
31 49 1288 0.847926267281106
9 15 135 1.0
34 45 1230 0.803921568627451
34 44 1196 0.7994652406417113
7 8 56 1.0
48 56 1947 0.7243303571428571
34 35 890 0.7478991596638656
19 21 354 0.887218045112782
15 23 330 0.9565217391304348
26 27 566 0.8062678062678063
47 40 1177 0.6260638297872341
20 24 425 0.8854166666666666
33 42 1110 0.8008658008658008
30 30 690 0.7666666666666667
24 32 663 0.86328125
41 47 1431 0.7426050856253245
33 43 1143 0.8054968287526426
17 17 261 0.9031141868512111
38 57 1760 0.8125577100646353
51 73 2862 0.7687348912167606
13 15 189 0.9692307692307692
10 9 90 1.0
45 65 2295 0.7846153846153846
10 18 180 1.0
23 26 507 0.8478260869565217
48 75 2859 0.7941666666666667
11 12 131 0.9924242424242423
9 9 81 1.0
88 120 7479 0.7082386363636364
59 72 3023 0.7116290018832392
27 33 738 0.8282828282828283
54 69 2736 0.7342995169082125
26 28 592 0.8131868131868132
27 24 495 0.7638888888888888
30 38 930 0.8157894736842105
15 19 270 0.9473684210526315
59 80 3495 0.7404661016949152
50 55 1930 0.7018181818181819
21 19 333 0.8345864661654135
12 11 129 0.9772727272727273
32 39 995 0.7972756410256411
32 33 803 0.7604166666666666
31 33 792 0.7741935483870968
17 23 363 0.928388746803069
19 17 278 0.8606811145510836
19 28 487 0.9154135338345865
15 15 210 0.9333333333333333
26 28 592 0.8131868131868132
14 20 270 0.9642857142857142
46 70 2554 0.7931677018633541
21 31 585 0.8986175115207373
14 14 186 0.9489795918367347
22 24 450 0.8522727272727272
69 112 5958 0.7709627329192547
37 37 991 0.7238860482103725
50 73 2830 0.7753424657534247
12 14 165 0.9821428571428571
39 53 1632 0.7895500725689405
37 48 1398 0.7871621621621622
18 24 396 0.9166666666666666
23 28 553 0.8586956521739131
25 31 655 0.8451612903225806
62 82 3706 0.7289535798583793
49 58 2062 0.7255453905700212
31 33 792 0.7741935483870968
13 18 228 0.9743589743589745
33 55 1539 0.8479338842975206
5 8 40 1.0
52 84 3465 0.7932692307692308
35 54 1565 0.828042328042328
24 48 1047 0.9088541666666666
33 63 1803 0.8672438672438672
15 18 255 0.9444444444444444
16 21 315 0.9375
64 86 4019 0.7301962209302325
61 78 3432 0.721311475409836
64 99 4851 0.765625
18 24 396 0.9166666666666666
30 41 1020 0.8292682926829268
41 52 1636 0.7673545966228894
30 41 1020 0.8292682926829268
23 30 599 0.8681159420289856
54 68 2682 0.7303921568627451
23 29 576 0.863568215892054
23 29 576 0.863568215892054
56 66 2615 0.7075216450216449
30 33 780 0.7878787878787878
16 22 331 0.9403409090909091
40 47 1415 0.7526595744680851
20 29 525 0.9051724137931034
23 33 668 0.8801054018445323
14 19 256 0.9624060150375939
40 45 1335 0.7416666666666667
20 32 585 0.9140625
12 18 213 0.9861111111111112
11 14 153 0.9935064935064934
17 25 397 0.9341176470588235
63 69 2916 0.670807453416149
41 46 1390 0.7370095440084836
41 51 1595 0.7627929220468675
22 28 538 0.8733766233766234
58 57 2130 0.6442831215970962
50 61 2230 0.7311475409836066
30 26 570 0.7307692307692307
30 36 870 0.8055555555555556
32 34 835 0.7674632352941176
20 29 525 0.9051724137931034
19 26 449 0.9089068825910931
44 56 1869 0.7585227272727273
30 47 1200 0.851063829787234
47 67 2446 0.7767545252461099
86 111 6620 0.6934841818562749
76 99 5313 0.7061403508771931
22 35 692 0.8987012987012987
16 21 315 0.9375
9 6 54 1.0
27 33 738 0.8282828282828283
46 61 2140 0.7626514611546685
44 63 2177 0.7853535353535354
19 16 259 0.8519736842105263
18 18 288 0.8888888888888888
36 45 1269 0.7833333333333333
10 13 130 1.0
21 21 375 0.8503401360544218
20 21 365 0.8690476190476191
9 9 81 1.0
15 23 330 0.9565217391304348
54 64 2466 0.7135416666666666
27 33 738 0.8282828282828283
14 18 242 0.9603174603174602
8 12 96 1.0
15 16 225 0.9375
21 33 627 0.9047619047619048
8 14 112 1.0
30 27 600 0.7407407407407407
23 30 599 0.8681159420289856
7 7 49 1.0
26 30 644 0.8256410256410257
19 34 601 0.9303405572755418
23 38 783 0.8958810068649885
21 28 522 0.8877551020408163
22 36 714 0.9015151515151515
15 23 330 0.9565217391304348
17 31 499 0.9468690702087286
14 17 228 0.9579831932773109
53 67 2605 0.7335961700929315
59 68 2787 0.694666001994018
15 18 255 0.9444444444444444
23 29 576 0.863568215892054
17 20 312 0.9176470588235294
29 29 651 0.7740784780023781
14 18 242 0.9603174603174602
21 24 438 0.8690476190476191
15 17 240 0.9411764705882353
15 19 270 0.9473684210526315
6 7 42 1.0
52 55 1957 0.6842657342657343
23 29 576 0.863568215892054
31 43 1102 0.8267066766691673
18 22 360 0.9090909090909091
32 38 963 0.7919407894736842
45 46 1440 0.6956521739130435
38 48 1418 0.7774122807017544
46 55 1864 0.7367588932806324
25 31 655 0.8451612903225806
12 15 177 0.9833333333333333
18 22 360 0.9090909090909091
33 41 1077 0.7960088691796008
36 47 1341 0.7925531914893617
32 32 771 0.7529296875
26 37 826 0.8586278586278586
27 37 846 0.8468468468468469
16 21 315 0.9375
12 18 213 0.9861111111111112
18 27 450 0.9259259259259259
20 25 445 0.89
23 36 737 0.8900966183574879
56 69 2783 0.7202380952380952
26 37 826 0.8586278586278586
19 26 449 0.9089068825910931
21 22 396 0.8571428571428572
33 47 1275 0.8220502901353964
44 50 1605 0.7295454545454545
13 15 189 0.9692307692307692
24 30 615 0.8541666666666666
25 29 605 0.8344827586206897
10 16 160 1.0
57 64 2520 0.6907894736842105
15 19 270 0.9473684210526315
24 26 519 0.8317307692307693
15 17 240 0.9411764705882353
31 45 1164 0.8344086021505376
78 97 5220 0.689928628072958
33 40 1044 0.7909090909090909
21 21 375 0.8503401360544218
34 51 1434 0.8269896193771626
46 60 2094 0.758695652173913
12 11 129 0.9772727272727273
27 32 711 0.8229166666666666
25 35 755 0.8628571428571429
18 14 216 0.8571428571428571
30 30 690 0.7666666666666667
41 41 1185 0.7049375371802499
23 21 392 0.8115942028985508
14 15 200 0.9523809523809524
16 14 203 0.90625
14 35 480 0.9795918367346939
20 32 585 0.9140625
27 44 1035 0.8712121212121212
53 72 2870 0.7520964360587002
