13 13 159 0.9408284023668638
4 6 24 1.0
33 36 888 0.7474747474747475
29 28 602 0.7413793103448275
26 24 471 0.7548076923076924
19 23 382 0.8741418764302059
22 18 305 0.7702020202020202
32 27 588 0.6805555555555556
23 20 355 0.7717391304347826
16 21 308 0.9166666666666666
14 15 195 0.9285714285714286
31 27 584 0.6977299880525687
27 38 855 0.8333333333333334
9 19 171 1.0
6 6 36 1.0
45 50 1584 0.7040000000000001
25 24 464 0.7733333333333333
46 55 1827 0.7221343873517787
27 34 747 0.8137254901960784
34 51 1409 0.8125720876585928
33 35 855 0.7402597402597403
27 27 558 0.7654320987654322
41 42 1194 0.6933797909407665
11 15 162 0.9818181818181818
6 8 48 1.0
34 38 967 0.7484520123839009
40 52 1584 0.7615384615384616
20 23 394 0.8565217391304347
37 44 1222 0.7506142506142506
15 18 249 0.9222222222222223
30 30 669 0.7433333333333334
17 21 321 0.8991596638655462
36 39 1026 0.7307692307692307
31 37 894 0.7794245858761988
10 14 139 0.9928571428571429
4 7 28 1.0
60 62 2394 0.6435483870967742
31 29 646 0.7185761957730812
37 47 1333 0.7665324899367452
33 39 987 0.7668997668997669
39 42 1173 0.7161172161172161
29 27 573 0.7318007662835249
30 42 1029 0.8166666666666667
22 25 459 0.8345454545454545
10 13 129 0.9923076923076923
4 6 24 1.0
11 14 151 0.9805194805194805
30 37 879 0.7918918918918919
34 38 967 0.7484520123839009
25 28 564 0.8057142857142857
25 26 514 0.7907692307692307
26 29 601 0.7970822281167109
40 50 1504 0.752
37 32 778 0.6570945945945946
49 50 1630 0.6653061224489796
22 30 569 0.8621212121212121
29 30 660 0.7586206896551724
15 16 219 0.9125
18 20 315 0.875
31 30 677 0.7279569892473119
27 26 531 0.7564102564102565
31 32 739 0.7449596774193549
13 14 172 0.945054945054945
51 57 2004 0.6893704850361198
59 72 2973 0.6998587570621468
28 29 622 0.7660098522167488
40 39 1064 0.6820512820512821
55 60 2219 0.6724242424242424
41 47 1399 0.7259989621172808
51 56 1953 0.6838235294117647
36 41 1098 0.7439024390243902
19 27 458 0.8927875243664717
38 65 2035 0.8238866396761134
41 48 1440 0.7317073170731708
51 54 1851 0.6721132897603487
27 30 639 0.788888888888889
91 110 6607 0.66003996003996
10 12 119 0.9916666666666667
21 25 447 0.8514285714285714
6 8 48 1.0
27 38 855 0.8333333333333334
16 16 228 0.890625
21 26 468 0.8571428571428571
20 28 494 0.8821428571428571
21 27 489 0.8624338624338624
16 19 276 0.9078947368421053
51 76 2973 0.7670278637770899
24 36 744 0.8611111111111112
18 24 387 0.8958333333333334
23 29 562 0.8425787106446777
23 24 447 0.8097826086956522
44 44 1306 0.6745867768595042
35 55 1574 0.8176623376623376
29 27 573 0.7318007662835249
15 18 249 0.9222222222222223
49 56 1924 0.7011661807580174
23 28 539 0.8369565217391305
20 20 334 0.835
23 22 401 0.7924901185770751
34 50 1375 0.8088235294117646
14 19 251 0.9436090225563909
50 50 1639 0.6556000000000001
20 17 274 0.8058823529411764
30 31 699 0.7516129032258064
39 48 1407 0.7516025641025642
39 48 1407 0.7516025641025642
30 33 759 0.7666666666666667
27 25 504 0.7466666666666667
33 38 954 0.7607655502392344
33 38 954 0.7607655502392344
41 42 1194 0.6933797909407665
27 27 558 0.7654320987654322
47 57 1938 0.7234042553191489
6 6 36 1.0
92 142 9578 0.7331598285364359
28 41 958 0.8344947735191638
48 64 2292 0.74609375
52 69 2642 0.7363433667781494
24 35 720 0.8571428571428571
75 100 5289 0.7051999999999999
56 69 2736 0.7080745341614907
51 68 2565 0.7396193771626298
46 52 1689 0.7061036789297659
25 35 739 0.8445714285714285
22 33 635 0.8746556473829201
41 60 1932 0.7853658536585366
40 61 1944 0.7967213114754098
23 37 746 0.8766157461809635
27 35 774 0.8190476190476191
11 11 118 0.9752066115702479
54 69 2691 0.7222222222222222
22 30 569 0.8621212121212121
16 23 340 0.9239130434782609
56 59 2176 0.6585956416464891
29 39 921 0.8143236074270557
40 45 1304 0.7244444444444444
29 39 921 0.8143236074270557
63 59 2232 0.6004842615012107
34 54 1511 0.8229847494553376
47 68 2455 0.7681476846057571
9 13 117 1.0
24 33 672 0.8484848484848485
22 24 437 0.8276515151515151
21 35 657 0.8938775510204081
33 43 1119 0.788583509513742
18 34 567 0.9264705882352942
12 25 294 0.98
33 38 954 0.7607655502392344
19 27 458 0.8927875243664717
38 52 1541 0.7798582995951417
20 29 514 0.8862068965517241
20 27 474 0.8777777777777778
8 15 120 1.0
11 23 250 0.9881422924901185
8 10 80 1.0
40 45 1304 0.7244444444444444
35 43 1154 0.7667774086378737
34 39 1001 0.7549019607843137
31 36 863 0.7732974910394266
23 25 470 0.8173913043478261
19 23 382 0.8741418764302059
17 22 338 0.9037433155080214
52 61 2226 0.701765447667087
38 35 895 0.6729323308270677
27 32 693 0.8020833333333334
35 50 1399 0.7994285714285714
43 61 2028 0.7731605032405642
13 14 172 0.945054945054945
49 60 2120 0.7210884353741496
28 31 678 0.7811059907834101
15 14 189 0.9
95 95 5284 0.5854847645429363
53 72 2826 0.7405660377358491
37 39 1037 0.7186417186417187
9 17 153 1.0
40 41 1144 0.6975609756097562
52 66 2486 0.7243589743589743
47 52 1703 0.6968085106382979
19 22 363 0.8684210526315789
44 57 1878 0.7488038277511961
25 34 714 0.84
45 54 1764 0.725925925925926
37 40 1074 0.7256756756756757
4 4 16 1.0
41 54 1686 0.7615176151761518
23 31 608 0.85273492286115
16 22 324 0.9204545454545454
47 51 1656 0.6908635794743428
49 61 2169 0.7256607561057209
9 11 99 1.0
38 43 1199 0.7337821297429621
16 24 356 0.9270833333333334
33 41 1053 0.7782705099778271
37 39 1037 0.7186417186417187
90 92 4959 0.5989130434782609
28 32 706 0.7879464285714286
24 29 576 0.8275862068965517
36 42 1134 0.75
15 14 189 0.9
35 40 1049 0.7492857142857143
13 17 211 0.9547511312217194
55 64 2439 0.6928977272727272
10 13 129 0.9923076923076923
13 13 159 0.9408284023668638
24 29 576 0.8275862068965517
27 34 747 0.8137254901960784
24 23 432 0.782608695652174
8 10 80 1.0
13 19 237 0.9595141700404858
6 9 54 1.0
29 34 776 0.7870182555780932
21 25 447 0.8514285714285714
17 23 355 0.907928388746803
26 28 575 0.7898351648351649
9 9 81 1.0
24 29 576 0.8275862068965517
36 37 954 0.7162162162162162
29 30 660 0.7586206896551724
22 22 393 0.8119834710743802
34 47 1273 0.7966207759699624
10 11 109 0.990909090909091
38 45 1275 0.7456140350877193
7 8 56 1.0
19 20 325 0.8552631578947368
42 50 1539 0.7328571428571429
28 34 762 0.8004201680672269
38 49 1427 0.7663802363050484
18 18 279 0.8611111111111112
14 18 237 0.9404761904761904
18 24 387 0.8958333333333334
18 22 351 0.8863636363636364
22 25 459 0.8345454545454545
34 44 1171 0.7827540106951871
6 7 42 1.0
15 16 219 0.9125
19 26 439 0.888663967611336
17 20 304 0.8941176470588236
17 23 355 0.907928388746803
41 45 1317 0.7138211382113822
38 41 1123 0.7207958921694481
14 21 279 0.9489795918367346
26 23 445 0.7441471571906355
23 31 608 0.85273492286115
28 40 930 0.8303571428571429
17 19 287 0.8885448916408669
7 9 63 1.0
45 55 1809 0.730909090909091
29 30 660 0.7586206896551724
59 67 2678 0.6774601568429041
57 60 2244 0.656140350877193
8 6 48 1.0
31 38 925 0.7852292020373515
35 48 1329 0.7910714285714285
39 36 939 0.6688034188034188
48 67 2436 0.7574626865671642
22 29 547 0.8573667711598746
85 105 5999 0.672156862745098
60 70 2874 0.6842857142857143
27 28 585 0.7738095238095238
4 4 16 1.0
42 47 1413 0.7158054711246201
3 3 9 1.0
13 18 224 0.9572649572649572
14 22 293 0.9512987012987012
45 60 2034 0.7533333333333334
11 13 140 0.979020979020979
42 53 1665 0.747978436657682
16 19 276 0.9078947368421053
10 16 159 0.99375
12 15 174 0.9666666666666667
46 65 2287 0.7648829431438128
22 26 481 0.8409090909090909
19 28 477 0.8966165413533834
13 20 250 0.9615384615384615
23 29 562 0.8425787106446777
16 25 372 0.93
29 37 863 0.804287045666356
20 30 534 0.89
17 32 508 0.9338235294117647
22 25 459 0.8345454545454545
29 39 921 0.8143236074270557
10 14 139 0.9928571428571429
38 54 1617 0.7880116959064328
56 78 3240 0.7417582417582417
14 14 181 0.923469387755102
26 39 861 0.8491124260355029
12 17 198 0.9705882352941176
14 19 251 0.9436090225563909
17 19 287 0.8885448916408669
28 37 846 0.8166023166023166
41 52 1604 0.7523452157598499
29 34 776 0.7870182555780932
14 17 223 0.9369747899159664
22 30 569 0.8621212121212121
44 42 1218 0.6590909090909092
47 64 2267 0.753656914893617
14 23 307 0.953416149068323
59 82 3563 0.736461347664324
45 60 2034 0.7533333333333334
21 28 510 0.8673469387755102
25 34 714 0.84
23 43 884 0.8938321536905964
26 38 835 0.8451417004048583
46 62 2149 0.7535063113604489
33 48 1284 0.8106060606060606
23 39 792 0.882943143812709
36 53 1530 0.8018867924528302
38 50 1465 0.7710526315789474
48 60 2100 0.7291666666666666
13 19 237 0.9595141700404858
7 8 56 1.0
29 39 921 0.8143236074270557
19 26 439 0.888663967611336
30 37 879 0.7918918918918919
27 25 504 0.7466666666666667
19 20 325 0.8552631578947368
18 17 261 0.8529411764705882
9 9 81 1.0
41 42 1194 0.6933797909407665
26 24 471 0.7548076923076924
41 41 1153 0.685901249256395
16 16 228 0.890625
26 38 835 0.8451417004048583
18 21 333 0.8809523809523809
7 10 70 1.0
32 39 972 0.7788461538461539
9 11 99 1.0
64 79 3516 0.6954113924050633
65 59 2239 0.5838331160365059
48 46 1428 0.6467391304347826
50 46 1439 0.6256521739130435
36 43 1170 0.7558139534883721
26 30 627 0.8038461538461539
14 16 209 0.9330357142857143
24 23 432 0.782608695652174
8 9 72 1.0
38 45 1275 0.7456140350877193
81 114 6606 0.7153996101364523
28 41 958 0.8344947735191638
97 130 8694 0.6894528152260111
38 39 1047 0.7064777327935223
99 126 8379 0.6717171717171717
56 67 2624 0.6993603411513859
13 25 315 0.9692307692307692
41 57 1809 0.7740693196405649
22 29 547 0.8573667711598746
18 18 279 0.8611111111111112
43 58 1899 0.7614274258219728
18 28 459 0.9107142857142857
40 45 1304 0.7244444444444444
25 26 514 0.7907692307692307
35 47 1294 0.7866261398176291
15 16 219 0.9125
30 31 699 0.7516129032258064
31 44 1111 0.814516129032258
9 8 72 1.0
29 46 1124 0.8425787106446777
52 59 2122 0.6916558018252933
30 39 939 0.8025641025641026
23 28 539 0.8369565217391305
10 19 189 0.994736842105263
26 26 523 0.7736686390532544
21 38 720 0.9022556390977443
17 16 236 0.8676470588235294
26 36 783 0.8365384615384616
24 33 672 0.8484848484848485
12 17 198 0.9705882352941176
32 37 908 0.7668918918918919
41 39 1071 0.6697936210131332
29 34 776 0.7870182555780932
14 18 237 0.9404761904761904
16 21 308 0.9166666666666666
37 34 852 0.6772655007949125
9 10 90 1.0
71 90 4437 0.6943661971830986
67 92 4453 0.7224205061648281
37 39 1037 0.7186417186417187
19 28 477 0.8966165413533834
17 19 287 0.8885448916408669
40 47 1384 0.7361702127659575
9 15 135 1.0
55 70 2769 0.7192207792207792
14 19 251 0.9436090225563909
22 25 459 0.8345454545454545
51 79 3126 0.7758749069247952
79 136 8259 0.7687081161578556
55 81 3374 0.757351290684624
10 18 179 0.9944444444444444
39 53 1602 0.7750362844702468
18 29 477 0.9137931034482759
33 53 1449 0.8284734133790737
20 33 594 0.9
11 13 140 0.979020979020979
46 60 2057 0.7452898550724638
70 91 4479 0.7031397174254317
22 27 503 0.8468013468013468
35 43 1154 0.7667774086378737
61 89 4051 0.7461779333210536
27 33 720 0.8080808080808081
34 44 1171 0.7827540106951871
7 12 84 1.0
48 66 2388 0.7537878787878788
24 26 504 0.8076923076923077
30 34 789 0.7735294117647059
25 33 689 0.8351515151515151
16 13 180 0.8653846153846154
31 49 1266 0.8334430546412113
9 15 135 1.0
34 45 1205 0.7875816993464052
34 44 1171 0.7827540106951871
7 8 56 1.0
48 56 1908 0.7098214285714286
34 35 865 0.726890756302521
19 21 344 0.8621553884711779
15 23 324 0.9391304347826087
26 27 549 0.782051282051282
47 40 1139 0.6058510638297873
20 24 414 0.8624999999999999
33 42 1086 0.7835497835497834
30 30 669 0.7433333333333334
24 32 648 0.84375
41 47 1399 0.7259989621172808
33 43 1119 0.788583509513742
17 17 253 0.8754325259515571
38 57 1731 0.7991689750692521
51 73 2820 0.7574536663980661
13 15 185 0.9487179487179487
10 9 89 0.9888888888888889
45 65 2259 0.7723076923076924
10 18 179 0.9944444444444444
23 26 493 0.8244147157190636
48 75 2820 0.7833333333333333
11 12 129 0.9772727272727272
9 9 81 1.0
88 120 7400 0.7007575757575758
59 72 2973 0.6998587570621468
27 33 720 0.8080808080808081
54 69 2691 0.7222222222222222
26 28 575 0.7898351648351649
27 24 477 0.7361111111111112
30 38 909 0.7973684210526316
15 19 264 0.9263157894736843
59 80 3445 0.7298728813559322
50 55 1889 0.6869090909090909
21 19 321 0.8045112781954887
12 11 126 0.9545454545454546
32 39 972 0.7788461538461539
32 33 780 0.7386363636363636
31 33 770 0.7526881720430108
17 23 355 0.907928388746803
19 17 268 0.8297213622291021
19 28 477 0.8966165413533834
15 15 204 0.9066666666666666
26 28 575 0.7898351648351649
14 20 265 0.9464285714285714
46 70 2517 0.7816770186335404
21 31 573 0.880184331797235
14 14 181 0.923469387755102
22 24 437 0.8276515151515151
69 112 5898 0.7631987577639752
37 37 963 0.7034331628926224
50 73 2789 0.7641095890410959
12 14 162 0.9642857142857143
39 53 1602 0.7750362844702468
37 48 1370 0.7713963963963963
18 24 387 0.8958333333333334
23 28 539 0.8369565217391305
25 31 639 0.824516129032258
62 82 3653 0.71852871754524
49 58 2022 0.7114707952146375
31 33 770 0.7526881720430108
13 18 224 0.9572649572649572
33 55 1515 0.8347107438016529
5 8 40 1.0
52 84 3422 0.7834249084249084
35 54 1539 0.8142857142857142
24 48 1032 0.8958333333333334
33 63 1779 0.8556998556998556
15 18 249 0.9222222222222223
16 21 308 0.9166666666666666
64 86 3964 0.720203488372093
61 78 3380 0.7103825136612022
64 99 4796 0.7569444444444444
18 24 387 0.8958333333333334
30 41 999 0.8121951219512195
41 52 1604 0.7523452157598499
30 41 999 0.8121951219512195
23 30 585 0.8478260869565217
54 68 2637 0.7181372549019608
23 29 562 0.8425787106446777
23 29 562 0.8425787106446777
56 66 2568 0.6948051948051948
30 33 759 0.7666666666666667
16 22 324 0.9204545454545454
40 47 1384 0.7361702127659575
20 29 514 0.8862068965517241
23 33 654 0.8616600790513834
14 19 251 0.9436090225563909
40 45 1304 0.7244444444444444
20 32 574 0.896875
12 18 210 0.9722222222222222
11 14 151 0.9805194805194805
17 25 389 0.9152941176470588
63 69 2862 0.6583850931677019
41 46 1358 0.7200424178154826
41 51 1563 0.7474892395982784
22 28 525 0.8522727272727273
58 57 2081 0.6294615849969752
50 61 2189 0.7177049180327869
30 26 549 0.7038461538461539
30 36 849 0.7861111111111111
32 34 812 0.7463235294117647
20 29 514 0.8862068965517241
19 26 439 0.888663967611336
44 56 1834 0.7443181818181818
30 47 1179 0.8361702127659574
47 67 2408 0.76468720228644
86 111 6543 0.6854179761156505
76 99 5246 0.6972355130249868
22 35 679 0.8818181818181818
16 21 308 0.9166666666666666
9 6 54 1.0
27 33 720 0.8080808080808081
46 61 2103 0.7494654312188168
44 63 2142 0.7727272727272727
19 16 249 0.819078947368421
18 18 279 0.8611111111111112
36 45 1242 0.7666666666666667
10 13 129 0.9923076923076923
21 21 363 0.8231292517006802
20 21 354 0.8428571428571429
9 9 81 1.0
15 23 324 0.9391304347826087
54 64 2421 0.7005208333333334
27 33 720 0.8080808080808081
14 18 237 0.9404761904761904
8 12 96 1.0
15 16 219 0.9125
21 33 615 0.8874458874458874
8 14 112 1.0
30 27 579 0.7148148148148148
23 30 585 0.8478260869565217
7 7 49 1.0
26 30 627 0.8038461538461539
19 34 591 0.9148606811145511
23 38 769 0.8798627002288328
21 28 510 0.8673469387755102
22 36 701 0.88510101010101
15 23 324 0.9391304347826087
17 31 491 0.9316888045540798
14 17 223 0.9369747899159664
53 67 2561 0.7212052942833005
59 68 2737 0.6822033898305084
15 18 249 0.9222222222222223
23 29 562 0.8425787106446777
17 20 304 0.8941176470588236
29 29 631 0.7502972651605231
14 18 237 0.9404761904761904
21 24 426 0.8452380952380952
15 17 234 0.9176470588235294
15 19 264 0.9263157894736843
6 7 42 1.0
52 55 1914 0.6692307692307692
23 29 562 0.8425787106446777
31 43 1080 0.8102025506376593
18 22 351 0.8863636363636364
32 38 940 0.7730263157894737
45 46 1404 0.6782608695652174
38 48 1389 0.7615131578947368
46 55 1827 0.7221343873517787
25 31 639 0.824516129032258
12 15 174 0.9666666666666667
18 22 351 0.8863636363636364
33 41 1053 0.7782705099778271
36 47 1314 0.776595744680851
32 32 748 0.73046875
26 37 809 0.840956340956341
27 37 828 0.8288288288288289
16 21 308 0.9166666666666666
12 18 210 0.9722222222222222
18 27 441 0.9074074074074074
20 25 434 0.868
23 36 723 0.8731884057971014
56 69 2736 0.7080745341614907
26 37 809 0.840956340956341
19 26 439 0.888663967611336
21 22 384 0.8311688311688311
33 47 1251 0.8065764023210831
44 50 1570 0.7136363636363636
13 15 185 0.9487179487179487
24 30 600 0.8333333333333334
25 29 589 0.8124137931034482
10 16 159 0.99375
57 64 2472 0.6776315789473685
15 19 264 0.9263157894736843
24 26 504 0.8076923076923077
15 17 234 0.9176470588235294
31 45 1142 0.8186379928315412
78 97 5151 0.6808088818398096
33 40 1020 0.7727272727272727
21 21 363 0.8231292517006802
34 51 1409 0.8125720876585928
46 60 2057 0.7452898550724638
12 11 126 0.9545454545454546
27 32 693 0.8020833333333334
25 35 739 0.8445714285714285
18 14 207 0.8214285714285714
30 30 669 0.7433333333333334
41 41 1153 0.685901249256395
23 21 378 0.782608695652174
14 15 195 0.9285714285714286
16 14 196 0.875
14 35 475 0.9693877551020409
20 32 574 0.896875
27 44 1017 0.856060606060606
53 72 2826 0.7405660377358491
