13 13 114 0.6745562130177516
4 6 23 0.9583333333333334
33 36 723 0.6085858585858586
29 28 461 0.5677339901477833
26 24 348 0.5576923076923077
19 23 301 0.6887871853546911
22 18 207 0.5227272727272727
32 27 432 0.5
23 20 250 0.5434782608695652
16 21 245 0.7291666666666666
14 15 144 0.6857142857142857
31 27 432 0.5161290322580645
27 38 726 0.7076023391812866
9 19 150 0.8771929824561404
6 6 30 0.8333333333333334
45 50 1347 0.5986666666666667
25 24 347 0.5783333333333334
46 55 1584 0.6260869565217391
27 34 618 0.673202614379085
34 51 1238 0.7139561707035756
33 35 690 0.5974025974025974
27 27 429 0.588477366255144
41 42 981 0.5696864111498258
11 15 129 0.7818181818181817
6 8 42 0.875
34 38 796 0.6160990712074303
40 52 1377 0.6620192307692307
20 23 307 0.6673913043478261
37 44 1033 0.6345208845208845
15 18 192 0.7111111111111111
30 30 522 0.58
17 21 252 0.7058823529411765
36 39 843 0.6004273504273504
31 37 741 0.6460331299040977
10 14 112 0.7999999999999999
4 7 27 0.9642857142857143
60 62 2067 0.5556451612903226
31 29 493 0.5483870967741935
37 47 1144 0.6578493387004025
33 39 822 0.6386946386946387
39 42 972 0.5934065934065934
29 27 432 0.5517241379310345
30 42 882 0.7
22 25 360 0.6545454545454545
10 13 102 0.7846153846153846
4 6 23 0.9583333333333334
11 14 118 0.7662337662337662
30 37 732 0.6594594594594594
34 38 796 0.6160990712074303
25 28 447 0.6385714285714286
25 26 397 0.6107692307692308
26 29 478 0.6339522546419097
40 50 1297 0.6485
37 32 592 0.5
49 50 1369 0.5587755102040817
22 30 470 0.7121212121212122
29 30 519 0.5965517241379311
15 16 162 0.675
18 20 240 0.6666666666666667
31 30 524 0.5634408602150537
27 26 402 0.5726495726495726
31 32 586 0.5907258064516129
13 14 127 0.6978021978021979
51 57 1731 0.5954592363261093
59 72 2652 0.6242937853107344
28 29 487 0.5997536945812808
40 39 857 0.5493589743589744
55 60 1922 0.5824242424242424
41 47 1186 0.6154644525168655
51 56 1680 0.588235294117647
36 41 915 0.6199186991869919
19 27 377 0.7348927875243665
38 65 1840 0.7449392712550607
41 48 1227 0.6234756097560975
51 54 1578 0.5729847494553377
27 30 510 0.6296296296296297
91 110 6094 0.6087912087912087
10 12 92 0.7666666666666666
21 25 354 0.6742857142857143
6 8 42 0.875
27 38 726 0.7076023391812866
16 16 165 0.64453125
21 26 375 0.6868131868131868
20 28 407 0.7267857142857144
21 27 396 0.6984126984126985
16 19 213 0.7006578947368421
51 76 2700 0.696594427244582
24 36 633 0.7326388888888888
18 24 312 0.7222222222222222
23 29 457 0.6851574212893553
23 24 342 0.6195652173913043
44 44 1075 0.5552685950413223
35 55 1397 0.7257142857142856
29 27 432 0.5517241379310345
15 18 192 0.7111111111111111
49 56 1663 0.6060495626822158
23 28 434 0.6739130434782609
20 20 247 0.6174999999999999
23 22 296 0.5849802371541503
34 50 1204 0.7082352941176471
14 19 200 0.7518796992481204
50 50 1372 0.5488000000000001
20 17 187 0.5499999999999999
30 31 552 0.5935483870967742
39 48 1206 0.6442307692307693
39 48 1206 0.6442307692307693
30 33 612 0.6181818181818182
27 25 375 0.5555555555555556
33 38 789 0.6291866028708134
33 38 789 0.6291866028708134
41 42 981 0.5696864111498258
27 27 429 0.588477366255144
47 57 1689 0.6304591265397537
6 6 30 0.8333333333333334
92 142 9059 0.69343233312921
28 41 823 0.7168989547038327
48 64 2037 0.6630859375
52 69 2363 0.6585841694537347
24 35 609 0.725
75 100 4872 0.6496
56 69 2433 0.6296583850931676
51 68 2292 0.6608996539792387
46 52 1446 0.6045150501672241
25 35 622 0.7108571428571429
22 33 536 0.7382920110192838
41 60 1719 0.6987804878048781
40 61 1737 0.7118852459016393
23 37 641 0.7532314923619271
27 35 645 0.6825396825396826
11 11 85 0.7024793388429752
54 69 2400 0.644122383252818
22 30 470 0.7121212121212122
16 23 277 0.7527173913043478
56 59 1873 0.5668886198547215
29 39 780 0.6896551724137931
40 45 1097 0.6094444444444445
29 39 780 0.6896551724137931
63 59 1888 0.5079365079365079
34 54 1340 0.7298474945533769
47 68 2206 0.6902377972465582
9 13 96 0.8205128205128205
24 33 561 0.7083333333333334
22 24 338 0.6401515151515151
21 35 564 0.7673469387755102
33 43 954 0.6723044397463003
18 34 492 0.8039215686274509
12 25 255 0.85
33 38 789 0.6291866028708134
19 27 377 0.7348927875243665
38 52 1346 0.6811740890688258
20 29 427 0.7362068965517242
20 27 387 0.7166666666666667
8 15 105 0.875
11 23 217 0.8577075098814229
8 10 65 0.8125
40 45 1097 0.6094444444444445
35 43 977 0.6491694352159468
34 39 830 0.6259426847662142
31 36 710 0.6362007168458781
23 25 365 0.6347826086956522
19 23 301 0.6887871853546911
17 22 269 0.7192513368983957
52 61 1947 0.6138083228247163
38 35 700 0.5263157894736843
27 32 564 0.6527777777777778
35 50 1222 0.6982857142857142
43 61 1803 0.6873808616088448
13 14 127 0.6978021978021979
49 60 1859 0.632312925170068
28 31 543 0.6255760368663594
15 14 132 0.6285714285714287
95 95 4747 0.525983379501385
53 72 2541 0.6658805031446541
37 39 848 0.5876645876645876
9 17 132 0.8627450980392156
40 41 937 0.5713414634146342
52 66 2207 0.6430652680652681
47 52 1454 0.5949263502454992
19 22 282 0.6746411483253589
44 57 1647 0.6566985645933014
25 34 597 0.7023529411764705
45 54 1527 0.628395061728395
37 40 885 0.597972972972973
4 4 15 0.9375
41 54 1473 0.6653116531165312
23 31 503 0.7054698457223002
16 22 261 0.7414772727272727
47 51 1407 0.5869837296620776
49 61 1908 0.6383405821344932
9 11 78 0.7878787878787878
38 43 1004 0.6144430844553244
16 24 293 0.7630208333333334
33 41 888 0.656319290465632
37 39 848 0.5876645876645876
90 92 4452 0.5376811594202898
28 32 571 0.6372767857142857
24 29 465 0.6681034482758621
36 42 951 0.628968253968254
15 14 132 0.6285714285714287
35 40 872 0.6228571428571429
13 17 166 0.751131221719457
55 64 2142 0.6085227272727273
10 13 102 0.7846153846153846
13 13 114 0.6745562130177516
24 29 465 0.6681034482758621
27 34 618 0.673202614379085
24 23 321 0.5815217391304348
8 10 65 0.8125
13 19 192 0.7773279352226721
6 9 48 0.8888888888888888
29 34 635 0.6440162271805274
21 25 354 0.6742857142857143
17 23 286 0.731457800511509
26 28 452 0.6208791208791208
9 9 60 0.7407407407407408
24 29 465 0.6681034482758621
36 37 771 0.5788288288288289
29 30 519 0.5965517241379311
22 22 294 0.6074380165289256
34 47 1102 0.6896120150187736
10 11 82 0.7454545454545454
38 45 1080 0.6315789473684211
7 8 46 0.8214285714285714
19 20 244 0.6421052631578947
42 50 1320 0.6285714285714286
28 34 627 0.6586134453781513
38 49 1232 0.6616541353383458
18 18 204 0.6296296296296297
14 18 186 0.7380952380952381
18 24 312 0.7222222222222222
18 22 276 0.696969696969697
22 25 360 0.6545454545454545
34 44 1000 0.6684491978609626
6 7 36 0.8571428571428571
15 16 162 0.675
19 26 358 0.7246963562753036
17 20 235 0.6911764705882353
17 23 286 0.731457800511509
41 45 1104 0.5983739837398374
38 41 928 0.5956354300385109
14 21 228 0.7755102040816326
26 23 322 0.5384615384615384
23 31 503 0.7054698457223002
28 40 795 0.7098214285714286
17 19 218 0.6749226006191951
7 9 53 0.8412698412698413
45 55 1572 0.6351515151515151
29 30 519 0.5965517241379311
59 67 2357 0.5962560080951176
57 60 1935 0.5657894736842105
8 6 33 0.6875
31 38 772 0.6553480475382003
35 48 1152 0.6857142857142856
39 36 738 0.5256410256410257
48 67 2181 0.6781716417910447
22 29 448 0.7021943573667712
85 105 5522 0.6187114845938376
60 70 2547 0.6064285714285714
27 28 456 0.6031746031746031
4 4 15 0.9375
42 47 1194 0.6048632218844985
3 3 9 1.0
13 18 179 0.764957264957265
14 22 242 0.7857142857142857
45 60 1797 0.6655555555555555
11 13 107 0.7482517482517482
42 53 1446 0.6495956873315364
16 19 213 0.7006578947368421
10 16 132 0.825
12 15 135 0.75
46 65 2044 0.6836120401337792
22 26 382 0.6678321678321678
19 28 396 0.7443609022556391
13 20 205 0.7884615384615385
23 29 457 0.6851574212893553
16 25 309 0.7725
29 37 722 0.6728797763280522
20 30 447 0.745
17 32 439 0.8069852941176471
22 25 360 0.6545454545454545
29 39 780 0.6896551724137931
10 14 112 0.7999999999999999
38 54 1422 0.6929824561403508
56 78 2937 0.6723901098901098
14 14 130 0.663265306122449
26 39 738 0.7278106508875739
12 17 159 0.7794117647058824
14 19 200 0.7518796992481204
17 19 218 0.6749226006191951
28 37 711 0.6862934362934363
41 52 1391 0.6524390243902439
29 34 635 0.6440162271805274
14 17 172 0.7226890756302522
22 30 470 0.7121212121212122
44 42 987 0.5340909090909092
47 64 2018 0.6708776595744681
14 23 256 0.7950310559006211
59 82 3242 0.670111616370401
45 60 1797 0.6655555555555555
21 28 417 0.7091836734693878
25 34 597 0.7023529411764705
23 43 779 0.7876643073811931
26 38 712 0.7206477732793521
46 62 1906 0.6683029453015428
33 48 1119 0.7064393939393939
23 39 687 0.7658862876254181
36 53 1347 0.7059748427672956
38 50 1270 0.6684210526315789
48 60 1845 0.640625
13 19 192 0.7773279352226721
7 8 46 0.8214285714285714
29 39 780 0.6896551724137931
19 26 358 0.7246963562753036
30 37 732 0.6594594594594594
27 25 375 0.5555555555555556
19 20 244 0.6421052631578947
18 17 186 0.607843137254902
9 9 60 0.7407407407407408
41 42 981 0.5696864111498258
26 24 348 0.5576923076923077
41 41 940 0.5591909577632361
16 16 165 0.64453125
26 38 712 0.7206477732793521
18 21 258 0.6825396825396826
7 10 60 0.8571428571428571
32 39 813 0.6514423076923077
9 11 78 0.7878787878787878
64 79 3165 0.6259889240506329
65 59 1888 0.4923076923076923
48 46 1173 0.53125
50 46 1173 0.51
36 43 987 0.6375968992248062
26 30 504 0.6461538461538461
14 16 158 0.7053571428571429
24 23 321 0.5815217391304348
8 9 57 0.7916666666666666
38 45 1080 0.6315789473684211
81 114 6153 0.6663417803768681
28 41 823 0.7168989547038327
97 130 8145 0.6459159397303728
38 39 852 0.5748987854251012
99 126 7818 0.6267436267436267
56 67 2321 0.6186034115138592
13 25 270 0.8307692307692308
41 57 1596 0.6829268292682927
22 29 448 0.7021943573667712
18 18 204 0.6296296296296297
43 58 1674 0.6712109061748196
18 28 384 0.7619047619047619
40 45 1097 0.6094444444444445
25 26 397 0.6107692307692308
35 47 1117 0.6790273556231003
15 16 162 0.675
30 31 552 0.5935483870967742
31 44 958 0.7023460410557184
9 8 51 0.7083333333333334
29 46 983 0.7368815592203898
52 59 1843 0.6007170795306389
30 39 792 0.6769230769230768
23 28 434 0.6739130434782609
10 19 162 0.8526315789473684
26 26 400 0.591715976331361
21 38 627 0.7857142857142857
17 16 167 0.6139705882352942
26 36 660 0.7051282051282051
24 33 561 0.7083333333333334
12 17 159 0.7794117647058824
32 37 749 0.6326013513513513
41 39 858 0.5365853658536585
29 34 635 0.6440162271805274
14 18 186 0.7380952380952381
16 21 245 0.7291666666666666
37 34 663 0.5270270270270271
9 10 69 0.7666666666666667
71 90 4044 0.6328638497652582
67 92 4084 0.6625567813108372
37 39 848 0.5876645876645876
19 28 396 0.7443609022556391
17 19 218 0.6749226006191951
40 47 1177 0.6260638297872341
9 15 114 0.8444444444444444
55 70 2472 0.642077922077922
14 19 200 0.7518796992481204
22 25 360 0.6545454545454545
51 79 2853 0.7081161578555473
79 136 7818 0.7276619508562918
55 81 3077 0.6906846240179574
10 18 152 0.8444444444444444
39 53 1401 0.6777939042089984
18 29 402 0.7701149425287356
33 53 1284 0.7341337907375642
20 33 507 0.7681818181818182
11 13 107 0.7482517482517482
46 60 1814 0.6572463768115941
70 91 4092 0.6423861852433281
22 27 404 0.6801346801346801
35 43 977 0.6491694352159468
61 89 3718 0.6848406704733837
27 33 591 0.6632996632996633
34 44 1000 0.6684491978609626
7 12 74 0.8809523809523809
48 66 2133 0.6732954545454546
24 26 393 0.6298076923076923
30 34 642 0.6294117647058823
25 33 572 0.6933333333333334
16 13 117 0.5625
31 49 1113 0.7327188940092166
9 15 114 0.8444444444444444
34 45 1034 0.6758169934640522
34 44 1000 0.6684491978609626
7 8 46 0.8214285714285714
48 56 1653 0.6149553571428571
34 35 694 0.5831932773109243
19 21 263 0.6591478696741855
15 23 267 0.773913043478261
26 27 426 0.6068376068376068
47 40 900 0.4787234042553192
20 24 327 0.68125
33 42 921 0.6645021645021645
30 30 522 0.58
24 32 537 0.69921875
41 47 1186 0.6154644525168655
33 43 954 0.6723044397463003
17 17 184 0.6366782006920415
38 57 1536 0.7091412742382271
51 73 2547 0.6841257050765511
13 15 140 0.717948717948718
10 9 62 0.6888888888888889
45 65 2022 0.6912820512820512
10 18 152 0.8444444444444444
23 26 388 0.6488294314381271
48 75 2565 0.7125
11 12 96 0.7272727272727272
9 9 60 0.7407407407407408
88 120 6905 0.6538825757575758
59 72 2652 0.6242937853107344
27 33 591 0.6632996632996633
54 69 2400 0.644122383252818
26 28 452 0.6208791208791208
27 24 348 0.5370370370370371
30 38 762 0.6684210526315789
15 19 207 0.7263157894736842
59 80 3124 0.661864406779661
50 55 1622 0.5898181818181818
21 19 228 0.5714285714285715
12 11 87 0.6590909090909091
32 39 813 0.6514423076923077
32 33 621 0.5880681818181818
31 33 617 0.603128054740958
17 23 286 0.731457800511509
19 17 187 0.5789473684210527
19 28 396 0.7443609022556391
15 15 147 0.6533333333333334
26 28 452 0.6208791208791208
14 20 214 0.7642857142857143
46 70 2274 0.7062111801242236
21 31 480 0.7373271889400922
14 14 130 0.663265306122449
22 24 338 0.6401515151515151
69 112 5517 0.7138975155279503
37 37 774 0.5653761869978087
50 73 2522 0.690958904109589
12 14 123 0.7321428571428571
39 53 1401 0.6777939042089984
37 48 1181 0.6649774774774775
18 24 312 0.7222222222222222
23 28 434 0.6739130434782609
25 31 522 0.6735483870967741
62 82 3314 0.6518489378442172
49 58 1761 0.61963406052076
31 33 617 0.603128054740958
13 18 179 0.764957264957265
33 55 1350 0.743801652892562
5 8 37 0.925
52 84 3143 0.719551282051282
35 54 1362 0.7206349206349206
24 48 921 0.7994791666666666
33 63 1614 0.7763347763347763
15 18 192 0.7111111111111111
16 21 245 0.7291666666666666
64 86 3613 0.6564316860465116
61 78 3047 0.6403951240016814
64 99 4445 0.7015467171717171
18 24 312 0.7222222222222222
30 41 852 0.6926829268292682
41 52 1391 0.6524390243902439
30 41 852 0.6926829268292682
23 30 480 0.6956521739130435
54 68 2346 0.6388888888888888
23 29 457 0.6851574212893553
23 29 457 0.6851574212893553
56 66 2265 0.6128246753246753
30 33 612 0.6181818181818182
16 22 261 0.7414772727272727
40 47 1177 0.6260638297872341
20 29 427 0.7362068965517242
23 33 549 0.7233201581027668
14 19 200 0.7518796992481204
40 45 1097 0.6094444444444445
20 32 487 0.7609375
12 18 171 0.7916666666666666
11 14 118 0.7662337662337662
17 25 320 0.7529411764705882
63 69 2517 0.5790200138026225
41 46 1145 0.6071049840933191
41 51 1350 0.6456241032998565
22 28 426 0.6915584415584416
58 57 1766 0.5341802782819116
50 61 1922 0.6301639344262294
30 26 403 0.5166666666666667
30 36 702 0.6499999999999999
32 34 653 0.6001838235294118
20 29 427 0.7362068965517242
19 26 358 0.7246963562753036
44 56 1603 0.6505681818181818
30 47 1032 0.7319148936170212
47 67 2159 0.6856144807875516
86 111 6060 0.6348208673790069
76 99 4823 0.6410154173312068
22 35 580 0.7532467532467533
16 21 245 0.7291666666666666
9 6 33 0.611111111111111
27 33 591 0.6632996632996633
46 61 1860 0.6628652886671418
44 63 1911 0.6893939393939393
19 16 168 0.5526315789473685
18 18 204 0.6296296296296297
36 45 1059 0.6537037037037037
10 13 102 0.7846153846153846
21 21 270 0.6122448979591837
20 21 267 0.6357142857142857
9 9 60 0.7407407407407408
15 23 267 0.773913043478261
54 64 2130 0.6163194444444444
27 33 591 0.6632996632996633
14 18 186 0.7380952380952381
8 12 81 0.84375
15 16 162 0.675
21 33 522 0.7532467532467533
8 14 97 0.8660714285714286
30 27 432 0.5333333333333333
23 30 480 0.6956521739130435
7 7 39 0.7959183673469388
26 30 504 0.6461538461538461
19 34 510 0.7894736842105263
23 38 664 0.7597254004576659
21 28 417 0.7091836734693878
22 36 602 0.76010101010101
15 23 267 0.773913043478261
17 31 422 0.8007590132827325
14 17 172 0.7226890756302522
53 67 2276 0.6409462123345536
59 68 2416 0.6021934197407777
15 18 192 0.7111111111111111
23 29 457 0.6851574212893553
17 20 235 0.6911764705882353
29 29 490 0.582639714625446
14 18 186 0.7380952380952381
21 24 333 0.6607142857142857
15 17 177 0.6941176470588236
15 19 207 0.7263157894736842
6 7 36 0.8571428571428571
52 55 1635 0.5716783216783217
23 29 457 0.6851574212893553
31 43 927 0.695423855963991
18 22 276 0.696969696969697
32 38 781 0.6422697368421053
45 46 1167 0.563768115942029
38 48 1194 0.6546052631578948
46 55 1584 0.6260869565217391
25 31 522 0.6735483870967741
12 15 135 0.75
18 22 276 0.696969696969697
33 41 888 0.656319290465632
36 47 1131 0.6684397163120568
32 32 589 0.5751953125
26 37 686 0.7130977130977131
27 37 699 0.6996996996996997
16 21 245 0.7291666666666666
12 18 171 0.7916666666666666
18 27 366 0.7530864197530863
20 25 347 0.6940000000000001
23 36 618 0.7463768115942029
56 69 2433 0.6296583850931676
26 37 686 0.7130977130977131
19 26 358 0.7246963562753036
21 22 291 0.6298701298701299
33 47 1086 0.7001934235976789
44 50 1339 0.6086363636363636
13 15 140 0.717948717948718
24 30 489 0.6791666666666667
25 29 472 0.6510344827586206
10 16 132 0.825
57 64 2163 0.5929276315789473
15 19 207 0.7263157894736842
24 26 393 0.6298076923076923
15 17 177 0.6941176470588236
31 45 989 0.7089605734767025
78 97 4716 0.6233148295003965
33 40 855 0.6477272727272727
21 21 270 0.6122448979591837
34 51 1238 0.7139561707035756
46 60 1814 0.6572463768115941
12 11 87 0.6590909090909091
27 32 564 0.6527777777777778
25 35 622 0.7108571428571429
18 14 133 0.5277777777777778
30 30 522 0.58
41 41 940 0.5591909577632361
23 21 273 0.5652173913043479
14 15 144 0.6857142857142857
16 14 133 0.59375
14 35 424 0.8653061224489795
20 32 487 0.7609375
27 44 888 0.7474747474747474
53 72 2541 0.6658805031446541
