13 13 91 0.5384615384615384
4 6 18 0.75
33 36 660 0.5555555555555556
29 28 406 0.5
26 24 300 0.4807692307692308
19 23 266 0.6086956521739131
22 18 171 0.4318181818181818
32 27 378 0.4375
23 20 210 0.45652173913043476
16 21 216 0.6428571428571429
14 15 119 0.5666666666666667
31 27 378 0.45161290322580644
27 38 675 0.6578947368421053
9 19 135 0.7894736842105263
6 6 21 0.5833333333333334
45 50 1260 0.56
25 24 300 0.5
46 55 1495 0.5909090909090909
27 34 567 0.6176470588235294
34 51 1173 0.6764705882352942
33 35 627 0.5428571428571428
27 27 378 0.5185185185185185
41 42 902 0.5238095238095238
11 15 110 0.6666666666666666
6 8 33 0.6875
34 38 731 0.5657894736842105
40 52 1300 0.625
20 23 270 0.5869565217391305
37 44 962 0.5909090909090909
15 18 165 0.6111111111111112
30 30 465 0.5166666666666667
17 21 221 0.6190476190476191
36 39 774 0.5512820512820513
31 37 682 0.5945945945945946
10 14 95 0.6785714285714286
4 7 22 0.7857142857142857
60 62 1950 0.5241935483870968
31 29 435 0.4838709677419355
37 47 1073 0.6170212765957447
33 39 759 0.5897435897435898
39 42 897 0.5476190476190477
29 27 378 0.4827586206896552
30 42 825 0.6547619047619048
22 25 319 0.58
10 13 85 0.6538461538461539
4 6 18 0.75
11 14 99 0.6428571428571429
30 37 675 0.6081081081081081
34 38 731 0.5657894736842105
25 28 400 0.5714285714285714
25 26 350 0.5384615384615384
26 29 429 0.5689655172413793
40 50 1220 0.61
37 32 528 0.44594594594594594
49 50 1274 0.52
22 30 429 0.65
29 30 464 0.5333333333333333
15 16 135 0.5625
18 20 207 0.575
31 30 465 0.5
27 26 351 0.5
31 32 527 0.53125
13 14 104 0.5714285714285714
51 57 1632 0.5614035087719298
59 72 2537 0.5972222222222222
28 29 434 0.5344827586206896
40 39 780 0.5
55 60 1815 0.55
41 47 1107 0.574468085106383
51 56 1581 0.5535714285714286
36 41 846 0.573170731707317
19 27 342 0.6666666666666666
38 65 1767 0.7153846153846154
41 48 1148 0.5833333333333334
51 54 1479 0.5370370370370371
27 30 459 0.5666666666666667
91 110 5915 0.5909090909090909
10 12 75 0.625
21 25 315 0.6
6 8 33 0.6875
27 38 675 0.6578947368421053
16 16 136 0.53125
21 26 336 0.6153846153846154
20 28 370 0.6607142857142857
21 27 357 0.6296296296296297
16 19 184 0.6052631578947368
51 76 2601 0.6710526315789473
24 36 588 0.6805555555555556
18 24 279 0.6458333333333334
23 29 414 0.6206896551724138
23 24 299 0.5416666666666666
44 44 990 0.5113636363636364
35 55 1330 0.6909090909090909
29 27 378 0.4827586206896552
15 18 165 0.6111111111111112
49 56 1568 0.5714285714285714
23 28 391 0.6071428571428571
20 20 210 0.525
23 22 253 0.5
34 50 1139 0.67
14 19 175 0.6578947368421053
50 50 1275 0.51
20 17 153 0.45
30 31 495 0.532258064516129
39 48 1131 0.6041666666666666
39 48 1131 0.6041666666666666
30 33 555 0.5606060606060606
27 25 325 0.48148148148148145
33 38 726 0.5789473684210527
33 38 726 0.5789473684210527
41 42 902 0.5238095238095238
27 27 378 0.5185185185185185
47 57 1598 0.5964912280701754
6 6 21 0.5833333333333334
92 142 8878 0.6795774647887324
28 41 770 0.6707317073170732
48 64 1944 0.6328125
52 69 2262 0.6304347826086957
24 35 564 0.6714285714285714
75 100 4725 0.63
56 69 2324 0.6014492753623188
51 68 2193 0.6323529411764706
46 52 1357 0.5673076923076923
25 35 575 0.6571428571428571
22 33 495 0.6818181818181818
41 60 1640 0.6666666666666666
40 61 1660 0.680327868852459
23 37 598 0.7027027027027027
27 35 594 0.6285714285714286
11 11 66 0.5454545454545454
54 69 2295 0.6159420289855072
22 30 429 0.65
16 23 248 0.6739130434782609
56 59 1764 0.5338983050847458
29 39 725 0.6410256410256411
40 45 1020 0.5666666666666667
29 39 725 0.6410256410256411
63 59 1770 0.47619047619047616
34 54 1275 0.6944444444444444
47 68 2115 0.6617647058823529
9 13 81 0.6923076923076923
24 33 516 0.6515151515151515
22 24 297 0.5625
21 35 525 0.7142857142857143
33 43 891 0.627906976744186
18 34 459 0.75
12 25 234 0.78
33 38 726 0.5789473684210527
19 27 342 0.6666666666666666
38 52 1273 0.6442307692307693
20 29 390 0.6724137931034483
20 27 350 0.6481481481481481
8 15 92 0.7666666666666667
11 23 198 0.782608695652174
8 10 52 0.65
40 45 1020 0.5666666666666667
35 43 910 0.6046511627906976
34 39 765 0.5769230769230769
31 36 651 0.5833333333333334
23 25 322 0.56
19 23 266 0.6086956521739131
17 22 238 0.6363636363636364
52 61 1846 0.5819672131147541
38 35 630 0.47368421052631576
27 32 513 0.59375
35 50 1155 0.66
43 61 1720 0.6557377049180327
13 14 104 0.5714285714285714
49 60 1764 0.6
28 31 490 0.5645161290322581
15 14 105 0.5
95 95 4560 0.5052631578947369
53 72 2438 0.6388888888888888
37 39 777 0.5384615384615384
9 17 117 0.7647058823529411
40 41 860 0.524390243902439
52 66 2106 0.6136363636363636
47 52 1363 0.5576923076923077
19 22 247 0.5909090909090909
44 57 1562 0.6228070175438597
25 34 550 0.6470588235294118
45 54 1440 0.5925925925925926
37 40 814 0.55
4 4 10 0.625
41 54 1394 0.6296296296296297
23 31 460 0.6451612903225806
16 22 232 0.6590909090909091
47 51 1316 0.5490196078431373
49 61 1813 0.6065573770491803
9 11 63 0.6363636363636364
38 43 931 0.5697674418604651
16 24 264 0.6875
33 41 825 0.6097560975609756
37 39 777 0.5384615384615384
90 92 4275 0.5163043478260869
28 32 518 0.578125
24 29 420 0.603448275862069
36 42 882 0.5833333333333334
15 14 105 0.5
35 40 805 0.575
13 17 143 0.6470588235294118
55 64 2035 0.578125
10 13 85 0.6538461538461539
13 13 91 0.5384615384615384
24 29 420 0.603448275862069
27 34 567 0.6176470588235294
24 23 276 0.5
8 10 52 0.65
13 19 169 0.6842105263157895
6 9 39 0.7222222222222222
29 34 580 0.5882352941176471
21 25 315 0.6
17 23 255 0.6521739130434783
26 28 403 0.5535714285714286
9 9 45 0.5555555555555556
24 29 420 0.603448275862069
36 37 702 0.527027027027027
29 30 464 0.5333333333333333
22 22 253 0.5227272727272727
34 47 1037 0.648936170212766
10 11 65 0.5909090909090909
38 45 1007 0.5888888888888889
7 8 35 0.625
19 20 209 0.55
42 50 1239 0.59
28 34 574 0.6029411764705882
38 49 1159 0.6224489795918368
18 18 171 0.5277777777777778
14 18 161 0.6388888888888888
18 24 279 0.6458333333333334
18 22 243 0.6136363636363636
22 25 319 0.58
34 44 935 0.625
6 7 27 0.6428571428571429
15 16 135 0.5625
19 26 323 0.6538461538461539
17 20 204 0.6
17 23 255 0.6521739130434783
41 45 1025 0.5555555555555556
38 41 855 0.5487804878048781
14 21 203 0.6904761904761905
26 23 276 0.4615384615384615
23 31 460 0.6451612903225806
28 40 742 0.6625
17 19 187 0.5789473684210527
7 9 42 0.6666666666666666
45 55 1485 0.6
29 30 464 0.5333333333333333
59 67 2242 0.5671641791044776
57 60 1824 0.5333333333333333
8 6 21 0.4375
31 38 713 0.6052631578947368
35 48 1085 0.6458333333333334
39 36 666 0.47435897435897434
48 67 2088 0.6492537313432836
22 29 407 0.6379310344827587
85 105 5355 0.6
60 70 2430 0.5785714285714286
27 28 405 0.5357142857142857
4 4 10 0.625
42 47 1113 0.5638297872340425
3 3 6 0.6666666666666666
13 18 156 0.6666666666666666
14 22 217 0.7045454545454546
45 60 1710 0.6333333333333333
11 13 88 0.6153846153846154
42 53 1365 0.6132075471698113
16 19 184 0.6052631578947368
10 16 115 0.71875
12 15 114 0.6333333333333333
46 65 1955 0.6538461538461539
22 26 341 0.5961538461538461
19 28 361 0.6785714285714286
13 20 182 0.7
23 29 414 0.6206896551724138
16 25 280 0.7
29 37 667 0.6216216216216216
20 30 410 0.6833333333333333
17 32 408 0.75
22 25 319 0.58
29 39 725 0.6410256410256411
10 14 95 0.6785714285714286
38 54 1349 0.6574074074074074
56 78 2828 0.6474358974358975
14 14 105 0.5357142857142857
26 39 689 0.6794871794871795
12 17 138 0.6764705882352942
14 19 175 0.6578947368421053
17 19 187 0.5789473684210527
28 37 658 0.6351351351351351
41 52 1312 0.6153846153846154
29 34 580 0.5882352941176471
14 17 147 0.6176470588235294
22 30 429 0.65
44 42 903 0.48863636363636365
47 64 1927 0.640625
14 23 231 0.717391304347826
59 82 3127 0.6463414634146342
45 60 1710 0.6333333333333333
21 28 378 0.6428571428571429
25 34 550 0.6470588235294118
23 43 736 0.7441860465116279
26 38 663 0.6710526315789473
46 62 1817 0.6370967741935484
33 48 1056 0.6666666666666666
23 39 644 0.717948717948718
36 53 1278 0.6698113207547169
38 50 1197 0.63
48 60 1752 0.6083333333333333
13 19 169 0.6842105263157895
7 8 35 0.625
29 39 725 0.6410256410256411
19 26 323 0.6538461538461539
30 37 675 0.6081081081081081
27 25 325 0.48148148148148145
19 20 209 0.55
18 17 153 0.5
9 9 45 0.5555555555555556
41 42 902 0.5238095238095238
26 24 300 0.4807692307692308
41 41 861 0.5121951219512195
16 16 136 0.53125
26 38 663 0.6710526315789473
18 21 225 0.5952380952380952
7 10 49 0.7
32 39 752 0.6025641025641025
9 11 63 0.6363636363636364
64 79 3040 0.6012658227848101
65 59 1770 0.4615384615384615
48 46 1081 0.4895833333333333
50 46 1081 0.47000000000000003
36 43 918 0.5930232558139535
26 30 455 0.5833333333333334
14 16 133 0.59375
24 23 276 0.5
8 9 44 0.6111111111111112
38 45 1007 0.5888888888888889
81 114 5994 0.6491228070175439
28 41 770 0.6707317073170732
97 130 7954 0.6307692307692307
38 39 779 0.5256410256410257
99 126 7623 0.6111111111111112
56 67 2212 0.5895522388059702
13 25 247 0.76
41 57 1517 0.6491228070175439
22 29 407 0.6379310344827587
18 18 171 0.5277777777777778
43 58 1591 0.6379310344827587
18 28 351 0.6964285714285714
40 45 1020 0.5666666666666667
25 26 350 0.5384615384615384
35 47 1050 0.6382978723404256
15 16 135 0.5625
30 31 495 0.532258064516129
31 44 899 0.6590909090909091
9 8 36 0.5
29 46 928 0.6956521739130435
52 59 1742 0.5677966101694916
30 39 735 0.6282051282051282
23 28 391 0.6071428571428571
10 19 145 0.7631578947368421
26 26 351 0.5192307692307693
21 38 588 0.7368421052631579
17 16 136 0.5
26 36 611 0.6527777777777778
24 33 516 0.6515151515151515
12 17 138 0.6764705882352942
32 37 688 0.581081081081081
41 39 780 0.4878048780487805
29 34 580 0.5882352941176471
14 18 161 0.6388888888888888
16 21 216 0.6428571428571429
37 34 595 0.47297297297297297
9 10 54 0.6
71 90 3905 0.6111111111111112
67 92 3953 0.6413043478260869
37 39 777 0.5384615384615384
19 28 361 0.6785714285714286
17 19 187 0.5789473684210527
40 47 1100 0.5851063829787234
9 15 99 0.7333333333333333
55 70 2365 0.6142857142857143
14 19 175 0.6578947368421053
22 25 319 0.58
51 79 2754 0.6835443037974683
79 136 7663 0.7132352941176471
55 81 2970 0.6666666666666666
10 18 135 0.75
39 53 1326 0.6415094339622641
18 29 369 0.7068965517241379
33 53 1221 0.6981132075471698
20 33 470 0.7121212121212122
11 13 88 0.6153846153846154
46 60 1725 0.625
70 91 3955 0.6208791208791209
22 27 363 0.6111111111111112
35 43 910 0.6046511627906976
61 89 3599 0.6629213483146067
27 33 540 0.6060606060606061
34 44 935 0.625
7 12 63 0.75
48 66 2040 0.6439393939393939
24 26 348 0.5576923076923077
30 34 585 0.5735294117647058
25 33 525 0.6363636363636364
16 13 91 0.4375
31 49 1054 0.6938775510204082
9 15 99 0.7333333333333333
34 45 969 0.6333333333333333
34 44 935 0.625
7 8 35 0.625
48 56 1560 0.5803571428571429
34 35 629 0.5285714285714286
19 21 228 0.5714285714285714
15 23 240 0.6956521739130435
26 27 377 0.5370370370370371
47 40 820 0.43617021276595747
20 24 290 0.6041666666666666
33 42 858 0.6190476190476191
30 30 465 0.5166666666666667
24 32 492 0.640625
41 47 1107 0.574468085106383
33 43 891 0.627906976744186
17 17 153 0.5294117647058824
38 57 1463 0.6754385964912281
51 73 2448 0.6575342465753424
13 15 117 0.6
10 9 45 0.5
45 65 1935 0.6615384615384615
10 18 135 0.75
23 26 345 0.5769230769230769
48 75 2472 0.6866666666666666
11 12 77 0.5833333333333334
9 9 45 0.5555555555555556
88 120 6732 0.6375
59 72 2537 0.5972222222222222
27 33 540 0.6060606060606061
54 69 2295 0.6159420289855072
26 28 403 0.5535714285714286
27 24 300 0.46296296296296297
30 38 705 0.618421052631579
15 19 180 0.631578947368421
59 80 3009 0.6375
50 55 1525 0.5545454545454546
21 19 190 0.47619047619047616
12 11 66 0.5
32 39 752 0.6025641025641025
32 33 560 0.5303030303030303
31 33 558 0.5454545454545454
17 23 255 0.6521739130434783
19 17 153 0.47368421052631576
19 28 361 0.6785714285714286
15 15 120 0.5333333333333333
26 28 403 0.5535714285714286
14 20 189 0.675
46 70 2185 0.6785714285714286
21 31 441 0.6774193548387096
14 14 105 0.5357142857142857
22 24 297 0.5625
69 112 5382 0.6964285714285714
37 37 703 0.5135135135135135
50 73 2425 0.6643835616438356
12 14 102 0.6071428571428571
39 53 1326 0.6415094339622641
37 48 1110 0.625
18 24 279 0.6458333333333334
23 28 391 0.6071428571428571
25 31 475 0.6129032258064516
62 82 3193 0.6280487804878049
49 58 1666 0.5862068965517241
31 33 558 0.5454545454545454
13 18 156 0.6666666666666666
33 55 1287 0.7090909090909091
5 8 30 0.75
52 84 3042 0.6964285714285714
35 54 1295 0.6851851851851852
24 48 876 0.7604166666666666
33 63 1551 0.746031746031746
15 18 165 0.6111111111111112
16 21 216 0.6428571428571429
64 86 3488 0.6337209302325582
61 78 2928 0.6153846153846154
64 99 4320 0.6818181818181818
18 24 279 0.6458333333333334
30 41 795 0.6463414634146342
41 52 1312 0.6153846153846154
30 41 795 0.6463414634146342
23 30 437 0.6333333333333333
54 68 2241 0.6102941176470589
23 29 414 0.6206896551724138
23 29 414 0.6206896551724138
56 66 2156 0.5833333333333334
30 33 555 0.5606060606060606
16 22 232 0.6590909090909091
40 47 1100 0.5851063829787234
20 29 390 0.6724137931034483
23 33 506 0.6666666666666666
14 19 175 0.6578947368421053
40 45 1020 0.5666666666666667
20 32 450 0.703125
12 18 150 0.6944444444444444
11 14 99 0.6428571428571429
17 25 289 0.68
63 69 2394 0.5507246376811594
41 46 1066 0.5652173913043478
41 51 1271 0.6078431372549019
22 28 385 0.625
58 57 1653 0.5
50 61 1825 0.5983606557377049
30 26 351 0.44999999999999996
30 36 645 0.5972222222222222
32 34 592 0.5441176470588235
20 29 390 0.6724137931034483
19 26 323 0.6538461538461539
44 56 1518 0.6160714285714286
30 47 975 0.6914893617021277
47 67 2068 0.6567164179104478
86 111 5891 0.6171171171171171
76 99 4674 0.6212121212121212
22 35 539 0.7
16 21 216 0.6428571428571429
9 6 21 0.3888888888888889
27 33 540 0.6060606060606061
46 61 1771 0.6311475409836066
44 63 1826 0.6587301587301587
19 16 136 0.4473684210526316
18 18 171 0.5277777777777778
36 45 990 0.6111111111111112
10 13 85 0.6538461538461539
21 21 231 0.5238095238095238
20 21 230 0.5476190476190477
9 9 45 0.5555555555555556
15 23 240 0.6956521739130435
54 64 2025 0.5859375
27 33 540 0.6060606060606061
14 18 161 0.6388888888888888
8 12 68 0.7083333333333334
15 16 135 0.5625
21 33 483 0.696969696969697
8 14 84 0.75
30 27 378 0.4666666666666667
23 30 437 0.6333333333333333
7 7 28 0.5714285714285714
26 30 455 0.5833333333333334
19 34 475 0.7352941176470589
23 38 621 0.7105263157894737
21 28 378 0.6428571428571429
22 36 561 0.7083333333333334
15 23 240 0.6956521739130435
17 31 391 0.7419354838709677
14 17 147 0.6176470588235294
53 67 2173 0.6119402985074627
59 68 2301 0.5735294117647058
15 18 165 0.6111111111111112
23 29 414 0.6206896551724138
17 20 204 0.6
29 29 435 0.5172413793103449
14 18 161 0.6388888888888888
21 24 294 0.5833333333333334
15 17 150 0.5882352941176471
15 19 180 0.631578947368421
6 7 27 0.6428571428571429
52 55 1534 0.5363636363636364
23 29 414 0.6206896551724138
31 43 868 0.6511627906976745
18 22 243 0.6136363636363636
32 38 720 0.5921052631578947
45 46 1080 0.5217391304347826
38 48 1121 0.6145833333333334
46 55 1495 0.5909090909090909
25 31 475 0.6129032258064516
12 15 114 0.6333333333333333
18 22 243 0.6136363636363636
33 41 825 0.6097560975609756
36 47 1062 0.6276595744680851
32 32 528 0.515625
26 37 637 0.6621621621621622
27 37 648 0.6486486486486487
16 21 216 0.6428571428571429
12 18 150 0.6944444444444444
18 27 333 0.6851851851851852
20 25 310 0.62
23 36 575 0.6944444444444444
56 69 2324 0.6014492753623188
26 37 637 0.6621621621621622
19 26 323 0.6538461538461539
21 22 252 0.5454545454545454
33 47 1023 0.6595744680851063
44 50 1254 0.57
13 15 117 0.6
24 30 444 0.6166666666666667
25 29 425 0.5862068965517241
10 16 115 0.71875
57 64 2052 0.5625
15 19 180 0.631578947368421
24 26 348 0.5576923076923077
15 17 150 0.5882352941176471
31 45 930 0.6666666666666666
78 97 4563 0.6030927835051546
33 40 792 0.6
21 21 231 0.5238095238095238
34 51 1173 0.6764705882352942
46 60 1725 0.625
12 11 66 0.5
27 32 513 0.59375
25 35 575 0.6571428571428571
18 14 105 0.41666666666666663
30 30 465 0.5166666666666667
41 41 861 0.5121951219512195
23 21 231 0.47826086956521735
14 15 119 0.5666666666666667
16 14 105 0.46875
14 35 399 0.8142857142857143
20 32 450 0.703125
27 44 837 0.7045454545454546
53 72 2438 0.6388888888888888
