15 19 240 0.8421052631578947
4 7 28 1.0
41 47 1297 0.6730669434353918
38 37 878 0.6244665718349929
29 28 536 0.6600985221674877
30 34 720 0.7058823529411765
26 25 440 0.676923076923077
33 29 579 0.6050156739811913
27 29 552 0.7049808429118773
24 27 477 0.7361111111111112
19 19 270 0.7479224376731303
38 36 840 0.6140350877192983
32 46 1121 0.7615489130434783
10 21 200 0.9523809523809523
6 8 48 1.0
49 56 1798 0.6552478134110787
34 37 852 0.6772655007949125
50 69 2460 0.7130434782608696
28 36 755 0.7490079365079365
36 56 1551 0.7693452380952381
43 46 1275 0.6445904954499495
28 27 503 0.6653439153439153
48 44 1209 0.5724431818181818
13 16 180 0.8653846153846154
8 9 69 0.9583333333333334
37 42 1058 0.6808236808236808
48 57 1833 0.6699561403508771
21 24 384 0.7619047619047619
42 48 1350 0.6696428571428572
18 21 300 0.7936507936507937
34 35 784 0.6588235294117647
19 21 308 0.7719298245614035
38 42 1068 0.6691729323308271
39 40 999 0.6403846153846154
15 21 270 0.8571428571428571
4 8 32 1.0
74 82 3722 0.6133816743572841
35 37 860 0.6640926640926641
47 59 1912 0.6895059502344031
36 48 1263 0.7309027777777778
51 54 1719 0.6241830065359477
32 30 609 0.634375
36 46 1191 0.7192028985507247
23 30 537 0.7782608695652175
13 14 154 0.8461538461538461
4 7 28 1.0
14 15 174 0.8285714285714286
32 40 929 0.72578125
41 50 1420 0.6926829268292682
27 33 660 0.7407407407407407
27 31 606 0.7240143369175627
31 35 760 0.7004608294930875
43 55 1662 0.7027484143763214
40 34 765 0.5625
60 58 1995 0.5732758620689655
27 38 795 0.7748538011695906
34 36 818 0.6683006535947712
16 17 217 0.7977941176470589
19 22 327 0.7822966507177033
33 32 678 0.6420454545454546
30 28 540 0.6428571428571429
35 37 860 0.6640926640926641
13 16 180 0.8653846153846154
52 65 2299 0.6801775147928993
59 80 3289 0.6968220338983051
28 33 671 0.7261904761904763
40 47 1285 0.6835106382978723
58 70 2682 0.6605911330049261
42 54 1602 0.7063492063492064
53 62 2158 0.6567255021302496
38 45 1182 0.6912280701754386
21 30 510 0.8095238095238095
40 68 2125 0.78125
41 48 1338 0.6798780487804877
55 58 1965 0.615987460815047
27 30 579 0.7148148148148148
100 123 7835 0.6369918699186992
10 13 120 0.9230769230769231
23 29 514 0.7706146926536732
6 9 54 1.0
32 45 1089 0.75625
20 20 295 0.7375
21 26 426 0.7802197802197802
20 29 475 0.8189655172413793
25 32 610 0.7625
17 22 308 0.8235294117647058
60 95 4215 0.7394736842105263
34 45 1124 0.734640522875817
21 28 468 0.7959183673469388
24 35 669 0.7964285714285714
29 29 565 0.6718192627824019
52 62 2143 0.6647022332506203
46 72 2492 0.7524154589371981
33 29 579 0.6050156739811913
18 28 426 0.8452380952380952
50 60 2010 0.67
24 30 549 0.7625
22 26 436 0.7622377622377622
28 28 531 0.6772959183673469
43 62 1963 0.7363090772693174
15 21 270 0.8571428571428571
52 59 1987 0.6476531942633638
23 20 307 0.6673913043478261
33 32 678 0.6420454545454546
42 48 1350 0.6696428571428572
42 52 1518 0.6950549450549451
30 36 780 0.7222222222222222
32 28 545 0.6082589285714286
33 41 975 0.7206208425720622
34 41 988 0.7087517934002869
53 53 1681 0.598433606265575
30 33 690 0.696969696969697
56 69 2589 0.6700310559006211
6 7 42 1.0
95 148 10055 0.715149359886202
33 49 1239 0.7662337662337663
53 67 2423 0.6823430019712757
52 70 2559 0.703021978021978
24 36 693 0.8020833333333334
76 101 5191 0.6762636789994789
56 75 2925 0.6964285714285714
53 73 2741 0.708451796329801
47 53 1630 0.6543556804496186
28 36 755 0.7490079365079365
22 33 590 0.8126721763085399
41 61 1871 0.7481007596961216
40 65 2005 0.7711538461538462
23 38 721 0.8249427917620138
27 38 795 0.7748538011695906
11 11 106 0.8760330578512397
58 75 2972 0.6832183908045977
28 36 755 0.7490079365079365
19 24 365 0.8004385964912281
72 77 3333 0.6011904761904762
35 45 1140 0.7238095238095238
48 60 1977 0.6864583333333333
30 41 930 0.7560975609756098
77 83 3835 0.6000625880143952
40 57 1685 0.7390350877192983
61 91 4011 0.7225725094577553
10 14 130 0.9285714285714286
28 36 755 0.7490079365079365
24 26 453 0.7259615384615384
26 38 778 0.7874493927125507
38 47 1258 0.704367301231803
21 36 636 0.8412698412698413
20 29 475 0.8189655172413793
47 48 1395 0.6183510638297872
24 28 501 0.7455357142857143
45 59 1875 0.7062146892655367
24 31 573 0.7701612903225806
26 31 596 0.739454094292804
15 20 255 0.85
18 26 390 0.8333333333333334
8 11 85 0.9659090909090909
44 54 1635 0.688131313131313
38 46 1220 0.6979405034324944
34 41 988 0.7087517934002869
36 43 1083 0.6996124031007752
29 31 623 0.692992213570634
19 25 384 0.8084210526315789
17 23 325 0.8312020460358056
59 68 2581 0.6433200398803589
39 36 843 0.6004273504273505
27 32 633 0.7326388888888888
35 52 1385 0.760989010989011
43 61 1920 0.731986275257339
14 16 188 0.8392857142857143
51 70 2535 0.7100840336134453
30 35 750 0.7142857142857143
16 18 233 0.8090277777777778
98 104 5914 0.5802590266875981
54 74 2820 0.7057057057057057
37 40 984 0.6648648648648648
10 18 170 0.9444444444444444
46 50 1480 0.6434782608695652
61 67 2547 0.6231954979202349
50 57 1860 0.6526315789473685
19 22 327 0.7822966507177033
45 59 1875 0.7062146892655367
27 34 687 0.7483660130718954
50 63 2160 0.6857142857142857
43 40 1017 0.5912790697674419
5 5 25 1.0
42 61 1896 0.7400468384074942
24 33 621 0.7840909090909091
16 22 297 0.84375
51 51 1566 0.6020761245674741
49 62 2092 0.6886109282422647
16 13 153 0.7355769230769231
42 55 1644 0.7116883116883117
20 27 435 0.8055555555555556
42 46 1266 0.65527950310559
42 49 1392 0.6763848396501458
100 112 6735 0.6013392857142856
36 46 1191 0.7192028985507247
32 36 801 0.6953125
43 51 1490 0.6794345645234838
17 17 223 0.7716262975778546
40 46 1245 0.6766304347826086
14 18 216 0.8571428571428572
66 81 3516 0.6576879910213244
13 16 180 0.8653846153846154
13 13 141 0.834319526627219
32 41 961 0.7324695121951219
29 36 768 0.735632183908046
24 23 381 0.6902173913043478
9 10 84 0.9333333333333333
17 21 291 0.8151260504201681
6 10 60 1.0
30 34 720 0.7058823529411765
21 25 405 0.7714285714285714
18 25 372 0.8266666666666667
27 28 525 0.6944444444444444
10 10 90 0.9
25 34 660 0.776470588235294
38 39 954 0.6437246963562753
30 32 660 0.6875
25 23 385 0.6695652173913044
43 53 1576 0.6915313734093901
10 12 110 0.9166666666666666
43 51 1490 0.6794345645234838
7 10 69 0.9857142857142858
20 22 335 0.7613636363636364
48 54 1689 0.6516203703703703
32 36 801 0.6953125
44 54 1635 0.688131313131313
22 24 392 0.7424242424242423
21 20 300 0.7142857142857143
19 28 441 0.8289473684210525
22 23 370 0.7312252964426876
25 28 510 0.7285714285714285
35 46 1175 0.7298136645962733
9 8 66 0.9166666666666666
16 16 201 0.78515625
21 27 447 0.7883597883597884
19 23 346 0.7917620137299771
19 26 403 0.8157894736842105
44 51 1503 0.6697860962566844
40 43 1125 0.6540697674418605
17 23 325 0.8312020460358056
35 32 685 0.6116071428571429
27 35 714 0.7555555555555555
30 43 990 0.7674418604651163
18 20 282 0.7833333333333333
8 9 69 0.9583333333333334
48 60 1977 0.6864583333333333
32 31 641 0.6461693548387096
79 87 4172 0.6070129492215917
64 74 3025 0.6387246621621622
9 8 66 0.9166666666666666
39 47 1272 0.6939443535188216
46 57 1802 0.6872616323417238
42 38 930 0.5827067669172932
55 78 3065 0.7144522144522144
25 30 560 0.7466666666666666
103 123 7916 0.6248322677401531
70 84 3800 0.6462585034013605
30 33 690 0.696969696969697
5 5 25 1.0
50 49 1460 0.5959183673469388
3 3 9 1.0
15 19 240 0.8421052631578947
15 25 330 0.88
48 69 2409 0.7273550724637681
11 18 183 0.9242424242424243
42 54 1602 0.7063492063492064
18 23 336 0.8115942028985508
10 16 150 0.9375
12 15 159 0.8833333333333333
46 66 2216 0.7299077733860342
22 26 436 0.7622377622377622
20 29 475 0.8189655172413793
13 20 232 0.8923076923076924
27 31 606 0.7240143369175627
16 25 345 0.8625
30 38 840 0.7368421052631579
20 30 495 0.825
17 35 529 0.8890756302521008
25 28 510 0.7285714285714285
43 49 1404 0.6663502610346465
12 16 171 0.890625
42 63 1980 0.7482993197278912
66 91 4176 0.6953046953046953
18 16 210 0.7291666666666666
28 43 951 0.7898671096345515
14 22 272 0.8831168831168831
14 20 244 0.8714285714285713
19 29 460 0.8348457350272231
31 49 1194 0.7860434496379197
43 59 1834 0.7229010642491132
31 36 791 0.7087813620071685
15 20 255 0.85
24 32 597 0.77734375
45 47 1335 0.6312056737588653
51 74 2739 0.7257551669316374
14 23 286 0.888198757763975
64 88 3921 0.6962002840909091
45 63 2055 0.7248677248677249
22 30 524 0.7939393939393938
26 35 700 0.7692307692307693
35 48 1245 0.7410714285714285
31 40 915 0.7379032258064516
51 67 2382 0.6971027216856892
35 49 1280 0.7463556851311953
26 39 804 0.7928994082840237
39 57 1662 0.747638326585695
42 50 1434 0.6828571428571429
50 61 2060 0.6754098360655738
13 19 219 0.8866396761133604
7 10 69 0.9857142857142858
34 47 1192 0.7459324155193994
22 31 546 0.8005865102639296
30 37 810 0.7297297297297297
29 28 536 0.6600985221674877
21 22 342 0.7402597402597402
22 22 348 0.71900826446281
9 9 75 0.925925925925926
48 50 1497 0.62375
30 29 570 0.6551724137931034
42 46 1266 0.65527950310559
16 18 233 0.8090277777777778
29 40 884 0.7620689655172413
18 21 300 0.7936507936507937
7 10 69 0.9857142857142858
40 41 1045 0.6371951219512195
10 13 120 0.9230769230769231
73 90 4292 0.6532724505327245
73 83 3781 0.6240303680475325
53 72 2688 0.7044025157232705
63 77 3198 0.6592455163883735
44 59 1855 0.7145608628659476
32 46 1121 0.7615489130434783
15 18 225 0.8333333333333334
28 29 559 0.6884236453201971
8 9 69 0.9583333333333334
39 47 1272 0.6939443535188216
86 118 6908 0.6807252660622782
31 42 977 0.7503840245775729
101 143 9883 0.6842761199196843
39 40 999 0.6403846153846154
106 136 9366 0.6496947835738068
57 69 2607 0.6628527841342486
25 34 660 0.776470588235294
42 60 1854 0.7357142857142858
25 33 635 0.7696969696969697
19 21 308 0.7719298245614035
50 75 2760 0.736
18 28 426 0.8452380952380952
41 50 1420 0.6926829268292682
27 26 471 0.6709401709401709
36 47 1227 0.725177304964539
16 18 233 0.8090277777777778
32 38 865 0.7113486842105263
34 45 1124 0.734640522875817
11 8 73 0.8295454545454546
30 48 1140 0.7916666666666666
54 64 2280 0.6597222222222222
31 44 1039 0.7617302052785924
26 28 518 0.7115384615384616
14 20 244 0.8714285714285713
28 29 559 0.6884236453201971
26 42 882 0.8076923076923076
19 16 213 0.7006578947368421
31 37 822 0.7166521360069747
24 33 621 0.7840909090909091
12 19 207 0.9078947368421053
32 44 1057 0.7507102272727273
43 48 1361 0.6593992248062016
30 39 870 0.7435897435897436
14 19 230 0.8646616541353382
16 23 313 0.8505434782608695
37 38 910 0.647226173541963
9 11 93 0.9393939393939394
78 105 5562 0.6791208791208792
74 107 5572 0.7037130588532458
40 44 1165 0.6619318181818182
23 32 583 0.7921195652173914
19 23 346 0.7917620137299771
41 47 1297 0.6730669434353918
11 18 183 0.9242424242424243
57 78 3120 0.7017543859649122
14 20 244 0.8714285714285713
22 25 414 0.7527272727272727
55 85 3450 0.7379679144385026
96 152 10497 0.7193667763157895
63 96 4395 0.7266865079365079
12 19 207 0.9078947368421053
48 64 2169 0.7060546875
24 38 741 0.8125
40 62 1885 0.7600806451612904
21 33 573 0.8268398268398268
13 15 167 0.8564102564102565
55 70 2625 0.6818181818181818
77 95 4759 0.6505809979494189
24 27 477 0.7361111111111112
35 46 1175 0.7298136645962733
77 115 6299 0.7113495200451722
31 36 791 0.7087813620071685
37 52 1428 0.7422037422037422
10 18 170 0.9444444444444444
54 82 3252 0.7344173441734417
27 33 660 0.7407407407407407
36 46 1191 0.7192028985507247
33 43 1041 0.733615221987315
24 20 309 0.64375
37 61 1761 0.7802392556490918
13 22 258 0.9020979020979021
41 52 1502 0.7045028142589118
43 56 1705 0.7080564784053156
11 9 84 0.8484848484848485
51 63 2178 0.6778711484593837
36 38 903 0.6600877192982456
23 25 422 0.7339130434782609
16 25 345 0.8625
32 36 801 0.6953125
49 41 1066 0.5306122448979591
22 25 414 0.7527272727272727
38 51 1410 0.7275541795665635
33 32 678 0.6420454545454546
27 36 741 0.7623456790123456
43 50 1447 0.6730232558139535
36 48 1263 0.7309027777777778
17 19 257 0.7956656346749226
45 74 2550 0.7657657657657657
59 82 3407 0.7042166184373708
13 16 180 0.8653846153846154
10 11 100 0.9090909090909091
46 67 2262 0.7339390006489293
10 18 170 0.9444444444444444
31 35 760 0.7004608294930875
49 79 2925 0.7556187031774735
13 15 167 0.8564102564102565
9 9 75 0.925925925925926
96 125 7905 0.65875
62 80 3364 0.6782258064516129
29 35 739 0.7280788177339902
57 75 2949 0.6898245614035088
28 30 587 0.6988095238095239
28 24 419 0.6235119047619048
31 39 884 0.7311827956989247
15 20 255 0.85
62 88 3860 0.7074780058651027
51 65 2280 0.6877828054298643
21 22 342 0.7402597402597402
13 15 167 0.8564102564102565
32 44 1057 0.7507102272727273
33 38 876 0.6985645933014354
31 37 822 0.7166521360069747
18 28 426 0.8452380952380952
21 25 405 0.7714285714285714
19 30 479 0.8403508771929824
16 20 265 0.828125
27 38 795 0.7748538011695906
17 26 376 0.8506787330316742
54 83 3306 0.7376171352074966
25 33 635 0.7696969696969697
14 15 174 0.8285714285714286
22 24 392 0.7424242424242423
84 131 7923 0.7200109051254089
44 45 1239 0.6257575757575757
61 88 3828 0.7131147540983607
13 17 193 0.8733031674208145
51 70 2535 0.7100840336134453
43 61 1920 0.731986275257339
21 27 447 0.7883597883597884
27 33 660 0.7407407407407407
35 40 965 0.6892857142857143
77 89 4297 0.6270246607325258
54 63 2226 0.654320987654321
33 36 810 0.6818181818181819
17 19 257 0.7956656346749226
37 57 1613 0.7648174490279753
6 9 54 1.0
62 89 3922 0.7107647698441464
39 57 1662 0.747638326585695
27 49 1092 0.8253968253968254
48 71 2505 0.7350352112676056
15 18 225 0.8333333333333334
17 21 291 0.8151260504201681
64 91 4113 0.7062156593406593
61 78 3218 0.6763345943673813
65 100 4730 0.7276923076923077
18 24 354 0.8194444444444445
31 42 977 0.7503840245775729
42 53 1560 0.7008086253369272
30 46 1080 0.782608695652174
26 33 648 0.7552447552447552
55 69 2570 0.6772068511198945
23 31 560 0.785413744740533
23 29 514 0.7706146926536732
63 69 2694 0.6197377501725327
30 34 720 0.7058823529411765
19 23 346 0.7917620137299771
41 50 1420 0.6926829268292682
20 30 495 0.825
23 35 652 0.8099378881987578
14 19 230 0.8646616541353382
42 45 1224 0.6476190476190476
20 34 575 0.8455882352941176
12 18 195 0.9027777777777778
11 15 150 0.9090909090909091
18 25 372 0.8266666666666667
66 83 3648 0.6659364731653888
41 47 1297 0.6730669434353918
44 55 1679 0.6938016528925619
24 33 621 0.7840909090909091
61 64 2364 0.6055327868852459
52 69 2507 0.6987179487179487
31 31 636 0.6618106139438085
34 40 954 0.7014705882352941
32 47 1153 0.7666223404255319
21 30 510 0.8095238095238095
22 28 480 0.7792207792207791
50 61 2060 0.6754098360655738
38 53 1486 0.7378351539225423
56 70 2645 0.6747448979591836
94 121 7458 0.655705996131528
93 108 6216 0.6188769414575866
27 40 849 0.7861111111111111
19 21 308 0.7719298245614035
12 8 75 0.78125
34 45 1124 0.734640522875817
54 69 2550 0.6843800322061192
51 77 2892 0.7364400305576776
20 19 275 0.7236842105263158
22 21 326 0.7056277056277056
42 66 2106 0.7597402597402598
12 20 219 0.9125
25 33 635 0.7696969696969697
26 33 648 0.7552447552447552
10 12 110 0.9166666666666666
16 25 345 0.8625
55 70 2625 0.6818181818181818
28 39 839 0.7683150183150184
14 21 258 0.8775510204081632
12 13 135 0.8653846153846154
16 21 281 0.8363095238095238
24 38 741 0.8125
11 16 161 0.9147727272727273
33 35 777 0.6727272727272727
23 35 652 0.8099378881987578
8 9 69 0.9583333333333334
27 37 768 0.7687687687687688
21 39 699 0.8534798534798534
26 41 856 0.8030018761726078
23 30 537 0.7782608695652175
24 36 693 0.8020833333333334
20 27 435 0.8055555555555556
21 34 594 0.8319327731092436
16 19 249 0.819078947368421
67 78 3335 0.638155376961347
68 78 3351 0.6317873303167421
15 18 225 0.8333333333333334
25 33 635 0.7696969696969697
17 20 274 0.8058823529411765
30 31 630 0.6774193548387096
21 22 342 0.7402597402597402
24 39 765 0.8173076923076923
22 21 326 0.7056277056277056
19 23 346 0.7917620137299771
6 8 48 1.0
75 66 2541 0.5133333333333334
35 41 1000 0.6968641114982579
42 52 1518 0.6950549450549451
24 28 501 0.7455357142857143
35 42 1035 0.7040816326530612
52 49 1467 0.57574568288854
45 51 1515 0.6601307189542484
53 58 1946 0.6330513988288875
35 41 1000 0.6968641114982579
15 19 240 0.8421052631578947
29 35 739 0.7280788177339902
40 48 1325 0.6901041666666666
44 52 1547 0.6761363636363635
37 37 873 0.6376917457998539
34 44 1090 0.7286096256684492
32 44 1057 0.7507102272727273
17 25 359 0.8447058823529412
13 19 219 0.8866396761133604
19 28 441 0.8289473684210525
20 26 415 0.7980769230769231
24 37 717 0.8074324324324325
66 88 3978 0.6849173553719008
30 41 930 0.7560975609756098
19 26 403 0.8157894736842105
28 31 615 0.7085253456221199
37 50 1354 0.731891891891892
52 57 1883 0.6352901484480431
13 19 219 0.8866396761133604
28 34 699 0.7342436974789917
27 34 687 0.7483660130718954
13 18 206 0.8803418803418803
61 71 2791 0.644423920572616
15 20 255 0.85
26 32 622 0.7475961538461539
16 20 265 0.828125
31 46 1101 0.7720897615708274
89 104 5770 0.6233794295592048
41 47 1297 0.6730669434353918
24 24 405 0.703125
41 55 1625 0.720620842572062
47 61 2006 0.699686083013603
15 17 210 0.8235294117647058
32 41 961 0.7324695121951219
38 45 1182 0.6912280701754386
19 21 308 0.7719298245614035
34 39 920 0.693815987933635
51 57 1872 0.6439628482972136
28 28 531 0.6772959183673469
16 17 217 0.7977941176470589
17 16 206 0.7573529411764706
22 40 744 0.8454545454545455
22 33 590 0.8126721763085399
34 48 1226 0.7512254901960785
58 79 3204 0.699257965953732
