15 19 207 0.7263157894736842
4 7 27 0.9642857142857143
41 47 1186 0.6154644525168655
38 37 776 0.5519203413940257
29 28 461 0.5677339901477833
30 34 642 0.6294117647058823
26 25 374 0.5753846153846154
33 29 493 0.5151515151515151
27 29 483 0.6168582375478927
24 27 417 0.6435185185185185
19 19 225 0.6232686980609419
38 36 738 0.5394736842105263
32 46 1037 0.704483695652174
10 21 182 0.8666666666666666
6 8 42 0.875
49 56 1663 0.6060495626822158
34 37 762 0.6057233704292527
50 69 2322 0.6730434782608695
28 36 683 0.6775793650793651
36 56 1455 0.7217261904761905
43 46 1158 0.5854398382204247
28 27 431 0.5701058201058201
48 44 1078 0.5104166666666666
13 16 153 0.7355769230769231
8 9 57 0.7916666666666666
37 42 959 0.6171171171171171
48 57 1701 0.6217105263157895
21 24 333 0.6607142857142857
42 48 1236 0.613095238095238
18 21 258 0.6825396825396826
34 35 694 0.5831932773109243
19 21 263 0.6591478696741855
38 42 966 0.6052631578947368
39 40 894 0.573076923076923
15 21 237 0.7523809523809524
4 8 31 0.96875
74 82 3512 0.5787738958470666
35 37 767 0.5922779922779923
47 59 1783 0.6429859358095925
36 48 1167 0.6753472222222222
51 54 1578 0.5729847494553377
32 30 525 0.546875
36 46 1095 0.6612318840579711
23 30 480 0.6956521739130435
13 14 127 0.6978021978021979
4 7 27 0.9642857142857143
14 15 144 0.6857142857142857
32 40 845 0.66015625
41 50 1309 0.6385365853658537
27 33 591 0.6632996632996633
27 31 537 0.6415770609318997
31 35 679 0.6258064516129032
43 55 1545 0.6532769556025371
40 34 663 0.4875
60 58 1827 0.525
27 38 726 0.7076023391812866
34 36 728 0.5947712418300654
16 17 181 0.6654411764705882
19 22 282 0.6746411483253589
33 32 591 0.5596590909090909
30 28 462 0.55
35 37 767 0.5922779922779923
13 16 153 0.7355769230769231
52 65 2155 0.6375739644970414
59 80 3124 0.661864406779661
28 33 599 0.6482683982683982
40 47 1177 0.6260638297872341
58 70 2520 0.6206896551724138
42 54 1488 0.6560846560846562
53 62 2011 0.6119902617163725
38 45 1080 0.6315789473684211
21 30 459 0.7285714285714285
40 68 2017 0.7415441176470587
41 48 1227 0.6234756097560975
55 58 1812 0.5680250783699059
27 30 510 0.6296296296296297
100 123 7547 0.6135772357723577
10 13 102 0.7846153846153846
23 29 457 0.6851574212893553
6 9 48 0.8888888888888888
32 45 1005 0.6979166666666666
20 20 247 0.6174999999999999
21 26 375 0.6868131868131868
20 29 427 0.7362068965517242
25 32 547 0.68375
17 22 269 0.7192513368983957
60 95 4047 0.7100000000000001
34 45 1034 0.6758169934640522
21 28 417 0.7091836734693878
24 35 609 0.725
29 29 490 0.582639714625446
52 62 1999 0.6200372208436725
46 72 2366 0.7143719806763285
33 29 493 0.5151515151515151
18 28 384 0.7619047619047619
50 60 1872 0.624
24 30 489 0.6791666666666667
22 26 382 0.6678321678321678
28 28 459 0.5854591836734694
43 62 1846 0.6924231057764442
15 21 237 0.7523809523809524
52 59 1843 0.6007170795306389
23 20 250 0.5434782608695652
33 32 591 0.5596590909090909
42 48 1236 0.613095238095238
42 52 1404 0.6428571428571429
30 36 702 0.6499999999999999
32 28 462 0.515625
33 41 888 0.656319290465632
34 41 898 0.6441893830703013
53 53 1534 0.5461018155927376
30 33 612 0.6181818181818182
56 69 2433 0.6296583850931676
6 7 36 0.8571428571428571
95 148 9782 0.6957325746799431
33 49 1152 0.712430426716141
53 67 2276 0.6409462123345536
52 70 2415 0.6634615384615384
24 36 633 0.7326388888888888
76 101 4975 0.6481240229286087
56 75 2769 0.6592857142857143
53 73 2594 0.6704574825536315
47 53 1501 0.6025692492974709
28 36 683 0.6775793650793651
22 33 536 0.7382920110192838
41 61 1760 0.7037185125949621
40 65 1897 0.7296153846153846
23 38 664 0.7597254004576659
27 38 726 0.7076023391812866
11 11 85 0.7024793388429752
58 75 2810 0.6459770114942529
28 36 683 0.6775793650793651
19 24 320 0.7017543859649122
72 77 3129 0.5643939393939394
35 45 1047 0.6647619047619048
48 60 1845 0.640625
30 41 852 0.6926829268292682
77 83 3616 0.5657956501329995
40 57 1577 0.6916666666666667
61 91 3840 0.6917672491442983
10 14 112 0.7999999999999999
28 36 683 0.6775793650793651
24 26 393 0.6298076923076923
26 38 712 0.7206477732793521
38 47 1156 0.6472564389697648
21 36 585 0.7738095238095238
20 29 427 0.7362068965517242
47 48 1266 0.5611702127659575
24 28 441 0.65625
45 59 1752 0.6598870056497175
24 31 513 0.6895161290322581
26 31 530 0.6575682382133995
15 20 222 0.74
18 26 348 0.7435897435897435
8 11 73 0.8295454545454546
44 54 1515 0.6376262626262625
38 46 1118 0.6395881006864989
34 41 898 0.6441893830703013
36 43 987 0.6375968992248062
29 31 548 0.6095661846496108
19 25 339 0.7136842105263157
17 23 286 0.731457800511509
59 68 2416 0.6021934197407777
39 36 738 0.5256410256410257
27 32 564 0.6527777777777778
35 52 1292 0.7098901098901098
43 61 1803 0.6873808616088448
14 16 158 0.7053571428571429
51 70 2394 0.6705882352941176
30 35 672 0.64
16 18 197 0.6840277777777778
98 104 5632 0.5525902668759811
54 74 2670 0.6681681681681682
37 40 885 0.597972972972973
10 18 152 0.8444444444444444
46 50 1354 0.5886956521739131
61 67 2376 0.5813555174944948
50 57 1722 0.6042105263157894
19 22 282 0.6746411483253589
45 59 1752 0.6598870056497175
27 34 618 0.673202614379085
50 63 2022 0.6419047619047619
43 40 900 0.5232558139534884
5 5 22 0.8800000000000001
42 61 1782 0.6955503512880562
24 33 561 0.7083333333333334
16 22 261 0.7414772727272727
51 51 1425 0.5478662053056517
49 62 1957 0.6441737985516788
16 13 117 0.5625
42 55 1530 0.6623376623376623
20 27 387 0.7166666666666667
42 46 1152 0.5962732919254659
42 49 1278 0.6209912536443148
100 112 6447 0.5756249999999999
36 46 1095 0.6612318840579711
32 36 717 0.6223958333333334
43 51 1373 0.6260829913360694
17 17 184 0.6366782006920415
40 46 1137 0.6179347826086957
14 18 186 0.7380952380952381
66 81 3330 0.6228956228956228
13 16 153 0.7355769230769231
13 13 114 0.6745562130177516
32 41 877 0.6684451219512195
29 36 693 0.6637931034482759
24 23 321 0.5815217391304348
9 10 69 0.7666666666666667
17 21 252 0.7058823529411765
6 10 54 0.9
30 34 642 0.6294117647058823
21 25 354 0.6742857142857143
18 25 330 0.7333333333333333
27 28 456 0.6031746031746031
10 10 72 0.72
25 34 597 0.7023529411764705
38 39 852 0.5748987854251012
30 32 582 0.60625
25 23 322 0.56
43 53 1459 0.6401930671347082
10 12 92 0.7666666666666666
43 51 1373 0.6260829913360694
7 10 60 0.8571428571428571
20 22 287 0.6522727272727272
48 54 1557 0.6006944444444444
32 36 717 0.6223958333333334
44 54 1515 0.6376262626262625
22 24 338 0.6401515151515151
21 20 249 0.5928571428571429
19 28 396 0.7443609022556391
22 23 316 0.6245059288537549
25 28 447 0.6385714285714286
35 46 1082 0.6720496894409937
9 8 51 0.7083333333333334
16 16 165 0.64453125
21 27 396 0.6984126984126985
19 23 301 0.6887871853546911
19 26 358 0.7246963562753036
44 51 1383 0.6163101604278075
40 43 1017 0.5912790697674418
17 23 286 0.731457800511509
35 32 592 0.5285714285714286
27 35 645 0.6825396825396826
30 43 912 0.7069767441860465
18 20 240 0.6666666666666667
8 9 57 0.7916666666666666
48 60 1845 0.640625
32 31 557 0.561491935483871
79 87 3947 0.5742761530627092
64 74 2845 0.6007179054054054
9 8 51 0.7083333333333334
39 47 1167 0.6366612111292962
46 57 1676 0.639206712433257
42 38 817 0.5119047619047619
55 78 2912 0.6787878787878788
25 30 497 0.6626666666666666
103 123 7619 0.6013892177756729
70 84 3602 0.6125850340136054
30 33 612 0.6181818181818182
5 5 22 0.8800000000000001
50 49 1322 0.5395918367346939
3 3 9 1.0
15 19 207 0.7263157894736842
15 25 297 0.792
48 69 2277 0.6875
11 18 162 0.8181818181818181
42 54 1488 0.6560846560846562
18 23 294 0.7101449275362318
10 16 132 0.825
12 15 135 0.75
46 66 2090 0.6884057971014492
22 26 382 0.6678321678321678
20 29 427 0.7362068965517242
13 20 205 0.7884615384615385
27 31 537 0.6415770609318997
16 25 309 0.7725
30 38 762 0.6684210526315789
20 30 447 0.745
17 35 490 0.823529411764706
25 28 447 0.6385714285714286
43 49 1287 0.6108210726150926
12 16 147 0.765625
42 63 1866 0.7052154195011339
66 91 3990 0.6643356643356643
18 16 168 0.5833333333333334
28 43 879 0.7300664451827242
14 22 242 0.7857142857142857
14 20 214 0.7642857142857143
19 29 415 0.7531760435571687
31 49 1113 0.7327188940092166
43 59 1717 0.6767836026803311
31 36 710 0.6362007168458781
15 20 222 0.74
24 32 537 0.69921875
45 47 1212 0.573049645390071
51 74 2598 0.6883942766295708
14 23 256 0.7950310559006211
64 88 3741 0.6642400568181818
45 63 1932 0.6814814814814815
22 30 470 0.7121212121212122
26 35 634 0.6967032967032967
35 48 1152 0.6857142857142856
31 40 834 0.6725806451612903
51 67 2241 0.655838454784899
35 49 1187 0.6921282798833819
26 39 738 0.7278106508875739
39 57 1557 0.7004048582995951
42 50 1320 0.6285714285714286
50 61 1922 0.6301639344262294
13 19 192 0.7773279352226721
7 10 60 0.8571428571428571
34 47 1102 0.6896120150187736
22 31 492 0.7214076246334311
30 37 732 0.6594594594594594
29 28 461 0.5677339901477833
21 22 291 0.6298701298701299
22 22 294 0.6074380165289256
9 9 60 0.7407407407407408
48 50 1365 0.56875
30 29 492 0.5655172413793103
42 46 1152 0.5962732919254659
16 18 197 0.6840277777777778
29 40 809 0.6974137931034483
18 21 258 0.6825396825396826
7 10 60 0.8571428571428571
40 41 937 0.5713414634146342
10 13 102 0.7846153846153846
73 90 4085 0.621765601217656
73 83 3574 0.5898663145733619
53 72 2541 0.6658805031446541
63 77 3021 0.6227581941867656
44 59 1735 0.6683359013867488
32 46 1037 0.704483695652174
15 18 192 0.7111111111111111
28 29 487 0.5997536945812808
8 9 57 0.7916666666666666
39 47 1167 0.6366612111292962
86 118 6662 0.6564840362633031
31 42 896 0.6881720430107526
101 143 9592 0.6641279512566641
39 40 894 0.573076923076923
106 136 9060 0.6284683684794673
57 69 2448 0.6224256292906178
25 34 597 0.7023529411764705
42 60 1740 0.6904761904761905
25 33 572 0.6933333333333334
19 21 263 0.6591478696741855
50 75 2622 0.6991999999999999
18 28 384 0.7619047619047619
41 50 1309 0.6385365853658537
27 26 402 0.5726495726495726
36 47 1131 0.6684397163120568
16 18 197 0.6840277777777778
32 38 781 0.6422697368421053
34 45 1034 0.6758169934640522
11 8 52 0.5909090909090909
30 48 1062 0.7374999999999999
54 64 2130 0.6163194444444444
31 44 958 0.7023460410557184
26 28 452 0.6208791208791208
14 20 214 0.7642857142857143
28 29 487 0.5997536945812808
26 42 816 0.7472527472527473
19 16 168 0.5526315789473685
31 37 741 0.6460331299040977
24 33 561 0.7083333333333334
12 19 183 0.8026315789473685
32 44 973 0.6910511363636364
43 48 1244 0.6027131782945737
30 39 792 0.6769230769230768
14 19 200 0.7518796992481204
16 23 277 0.7527173913043478
37 38 811 0.5768136557610242
9 11 78 0.7878787878787878
78 105 5340 0.652014652014652
74 107 5362 0.6771912099014902
40 44 1057 0.6005681818181818
23 32 526 0.7146739130434783
19 23 301 0.6887871853546911
41 47 1186 0.6154644525168655
11 18 162 0.8181818181818181
57 78 2961 0.6659919028340081
14 20 214 0.7642857142857143
22 25 360 0.6545454545454545
55 85 3297 0.7052406417112299
96 152 10221 0.700452302631579
63 96 4218 0.6974206349206349
12 19 183 0.8026315789473685
48 64 2037 0.6630859375
24 38 681 0.7467105263157895
40 62 1777 0.716532258064516
21 33 522 0.7532467532467533
13 15 140 0.717948717948718
55 70 2472 0.642077922077922
77 95 4540 0.6206425153793574
24 27 417 0.6435185185185185
35 46 1082 0.6720496894409937
77 115 6080 0.686617730095991
31 36 710 0.6362007168458781
37 52 1329 0.6907484407484408
10 18 152 0.8444444444444444
54 82 3102 0.7005420054200542
27 33 591 0.6632996632996633
36 46 1095 0.6612318840579711
33 43 954 0.6723044397463003
24 20 250 0.5208333333333333
37 61 1662 0.7363757199822774
13 22 231 0.8076923076923077
41 52 1391 0.6524390243902439
43 56 1588 0.659468438538206
11 9 63 0.6363636363636364
51 63 2037 0.6339869281045751
36 38 807 0.5899122807017544
23 25 365 0.6347826086956522
16 25 309 0.7725
32 36 717 0.6223958333333334
49 41 943 0.46938775510204084
22 25 360 0.6545454545454545
38 51 1308 0.674922600619195
33 32 591 0.5596590909090909
27 36 672 0.691358024691358
43 50 1330 0.6186046511627907
36 48 1167 0.6753472222222222
17 19 218 0.6749226006191951
45 74 2427 0.7288288288288288
59 82 3242 0.670111616370401
13 16 153 0.7355769230769231
10 11 82 0.7454545454545454
46 67 2136 0.6930564568462038
10 18 152 0.8444444444444444
31 35 679 0.6258064516129032
49 79 2790 0.7207439938000516
13 15 140 0.717948717948718
9 9 60 0.7407407407407408
96 125 7629 0.63575
62 80 3190 0.6431451612903226
29 35 664 0.6541871921182266
57 75 2790 0.6526315789473685
28 30 515 0.613095238095238
28 24 348 0.5178571428571429
31 39 803 0.6641852770885028
15 20 222 0.74
62 88 3686 0.6755865102639297
51 65 2139 0.6452488687782805
21 22 291 0.6298701298701299
13 15 140 0.717948717948718
32 44 973 0.6910511363636364
33 38 789 0.6291866028708134
31 37 741 0.6460331299040977
18 28 384 0.7619047619047619
21 25 354 0.6742857142857143
19 30 434 0.7614035087719297
16 20 229 0.715625
27 38 726 0.7076023391812866
17 26 337 0.7624434389140272
54 83 3156 0.7041499330655957
25 33 572 0.6933333333333334
14 15 144 0.6857142857142857
22 24 338 0.6401515151515151
84 131 7683 0.6982006543075245
44 45 1119 0.5651515151515152
61 88 3657 0.6812593144560357
13 17 166 0.751131221719457
51 70 2394 0.6705882352941176
43 61 1803 0.6873808616088448
21 27 396 0.6984126984126985
27 33 591 0.6632996632996633
35 40 872 0.6228571428571429
77 89 4078 0.5950678534948197
54 63 2076 0.6102292768959435
33 36 723 0.6085858585858586
17 19 218 0.6749226006191951
37 57 1514 0.7178757705073494
6 9 48 0.8888888888888888
62 89 3748 0.6792316056542226
39 57 1557 0.7004048582995951
27 49 1023 0.7732426303854875
48 71 2373 0.6963028169014085
15 18 192 0.7111111111111111
17 21 252 0.7058823529411765
64 91 3933 0.6753090659340659
61 78 3047 0.6403951240016814
65 100 4547 0.6995384615384616
18 24 312 0.7222222222222222
31 42 896 0.6881720430107526
42 53 1446 0.6495956873315364
30 46 1002 0.726086956521739
26 33 582 0.6783216783216783
55 69 2417 0.6368906455862977
23 31 503 0.7054698457223002
23 29 457 0.6851574212893553
63 69 2517 0.5790200138026225
30 34 642 0.6294117647058823
19 23 301 0.6887871853546911
41 50 1309 0.6385365853658537
20 30 447 0.745
23 35 595 0.7391304347826088
14 19 200 0.7518796992481204
42 45 1110 0.5873015873015872
20 34 527 0.775
12 18 171 0.7916666666666666
11 15 129 0.7818181818181817
18 25 330 0.7333333333333333
66 83 3462 0.6319824753559693
41 47 1186 0.6154644525168655
44 55 1559 0.6442148760330578
24 33 561 0.7083333333333334
61 64 2193 0.5617315573770492
52 69 2363 0.6585841694537347
31 31 555 0.5775234131113424
34 40 864 0.6352941176470588
32 47 1069 0.7107712765957447
21 30 459 0.7285714285714285
22 28 426 0.6915584415584416
50 61 1922 0.6301639344262294
38 53 1384 0.6871896722939423
56 70 2489 0.6349489795918367
94 121 7188 0.6319676455072973
93 108 5949 0.5922939068100358
27 40 780 0.7222222222222222
19 21 263 0.6591478696741855
12 8 52 0.5416666666666666
34 45 1034 0.6758169934640522
54 69 2400 0.644122383252818
51 77 2751 0.7005347593582887
20 19 227 0.5973684210526315
22 21 272 0.5887445887445887
42 66 1992 0.7186147186147186
12 20 195 0.8125
25 33 572 0.6933333333333334
26 33 582 0.6783216783216783
10 12 92 0.7666666666666666
16 25 309 0.7725
55 70 2472 0.642077922077922
28 39 767 0.7023809523809523
14 21 228 0.7755102040816326
12 13 111 0.7115384615384616
16 21 245 0.7291666666666666
24 38 681 0.7467105263157895
11 16 140 0.7954545454545454
33 35 690 0.5974025974025974
23 35 595 0.7391304347826088
8 9 57 0.7916666666666666
27 37 699 0.6996996996996997
21 39 648 0.7912087912087912
26 41 790 0.7410881801125703
23 30 480 0.6956521739130435
24 36 633 0.7326388888888888
20 27 387 0.7166666666666667
21 34 543 0.7605042016806722
16 19 213 0.7006578947368421
67 78 3146 0.6019900497512438
68 78 3159 0.5955882352941176
15 18 192 0.7111111111111111
25 33 572 0.6933333333333334
17 20 235 0.6911764705882353
30 31 552 0.5935483870967742
21 22 291 0.6298701298701299
24 39 705 0.7532051282051282
22 21 272 0.5887445887445887
19 23 301 0.6887871853546911
6 8 42 0.875
75 66 2343 0.47333333333333333
35 41 907 0.6320557491289198
42 52 1404 0.6428571428571429
24 28 441 0.65625
35 42 942 0.6408163265306123
52 49 1323 0.5192307692307693
45 51 1392 0.6065359477124183
53 58 1799 0.58523096942095
35 41 907 0.6320557491289198
15 19 207 0.7263157894736842
29 35 664 0.6541871921182266
40 48 1217 0.6338541666666667
44 52 1427 0.6236888111888111
37 37 774 0.5653761869978087
34 44 1000 0.6684491978609626
32 44 973 0.6910511363636364
17 25 320 0.7529411764705882
13 19 192 0.7773279352226721
19 28 396 0.7443609022556391
20 26 367 0.7057692307692308
24 37 657 0.7398648648648649
66 88 3792 0.652892561983471
30 41 852 0.6926829268292682
19 26 358 0.7246963562753036
28 31 543 0.6255760368663594
37 50 1255 0.6783783783783783
52 57 1739 0.5867071524966262
13 19 192 0.7773279352226721
28 34 627 0.6586134453781513
27 34 618 0.673202614379085
13 18 179 0.764957264957265
61 71 2620 0.6049411221426922
15 20 222 0.74
26 32 556 0.6682692307692307
16 20 229 0.715625
31 46 1020 0.7152875175315568
89 104 5515 0.5958297320656871
41 47 1186 0.6154644525168655
24 24 345 0.5989583333333334
41 55 1514 0.6713968957871398
47 61 1877 0.6546913149633764
15 17 177 0.6941176470588236
32 41 877 0.6684451219512195
38 45 1080 0.6315789473684211
19 21 263 0.6591478696741855
34 39 830 0.6259426847662142
51 57 1731 0.5954592363261093
28 28 459 0.5854591836734694
16 17 181 0.6654411764705882
17 16 167 0.6139705882352942
22 40 690 0.7840909090909091
22 33 536 0.7382920110192838
34 48 1136 0.6960784313725491
58 79 3042 0.6639022261021388
