15 19 194 0.6807017543859649
4 7 25 0.8928571428571429
41 47 1147 0.5952257394914375
38 37 740 0.5263157894736842
29 28 434 0.5344827586206896
30 34 614 0.6019607843137255
26 25 350 0.5384615384615384
33 29 464 0.48484848484848486
27 29 458 0.5849297573435505
24 27 395 0.6095679012345678
19 19 208 0.5761772853185596
38 36 702 0.513157894736842
32 46 1007 0.6841032608695652
10 21 174 0.8285714285714285
6 8 38 0.7916666666666666
49 56 1616 0.5889212827988338
34 37 730 0.5802861685214626
50 69 2274 0.6591304347826087
28 36 657 0.6517857142857143
36 56 1421 0.704861111111111
43 46 1117 0.564711830131446
28 27 405 0.5357142857142857
48 44 1034 0.48958333333333337
13 16 142 0.6826923076923077
8 9 51 0.7083333333333334
37 42 924 0.5945945945945945
48 57 1655 0.6048976608187134
21 24 314 0.623015873015873
42 48 1196 0.5932539682539683
18 21 242 0.6402116402116402
34 35 662 0.5563025210084033
19 21 246 0.6165413533834586
38 42 930 0.5827067669172932
39 40 857 0.5493589743589744
15 21 224 0.7111111111111111
4 8 29 0.90625
74 82 3440 0.5669083717864205
35 37 734 0.5667953667953668
47 59 1738 0.6267580238009376
36 48 1133 0.6556712962962963
51 54 1529 0.5551924473493101
32 30 495 0.515625
36 46 1061 0.6407004830917874
23 30 459 0.6652173913043478
13 14 116 0.6373626373626374
4 7 25 0.8928571428571429
14 15 132 0.6285714285714286
32 40 815 0.63671875
41 50 1270 0.6195121951219512
27 33 566 0.6352413019079686
27 31 512 0.6117084826762246
31 35 650 0.599078341013825
43 55 1504 0.6359408033826638
40 34 629 0.46249999999999997
60 58 1769 0.5083333333333333
27 38 701 0.6832358674463938
34 36 696 0.5686274509803921
16 17 167 0.6139705882352942
19 22 265 0.6339712918660287
33 32 560 0.5303030303030303
30 28 434 0.5166666666666667
35 37 734 0.5667953667953668
13 16 142 0.6826923076923077
52 65 2105 0.6227810650887574
59 80 3067 0.6497881355932204
28 33 573 0.6201298701298702
40 47 1139 0.6058510638297873
58 70 2464 0.6068965517241379
42 54 1448 0.6384479717813051
53 62 1960 0.5964698721850274
38 45 1044 0.6105263157894737
21 30 440 0.6984126984126984
40 68 1979 0.7275735294117647
41 48 1188 0.6036585365853658
55 58 1759 0.55141065830721
27 30 485 0.5987654320987654
100 123 7449 0.605609756097561
10 13 94 0.7230769230769231
23 29 436 0.6536731634182908
6 9 44 0.8148148148148148
32 45 975 0.6770833333333334
20 20 229 0.5725
21 26 356 0.652014652014652
20 29 409 0.7051724137931035
25 32 524 0.655
17 22 254 0.679144385026738
60 95 3989 0.6998245614035088
34 45 1002 0.6549019607843137
21 28 398 0.6768707482993197
24 35 587 0.6988095238095238
29 29 463 0.5505350772889417
52 62 1949 0.6045285359801489
46 72 2322 0.7010869565217391
33 29 464 0.48484848484848486
18 28 368 0.7301587301587301
50 60 1824 0.608
24 30 467 0.648611111111111
22 26 362 0.6328671328671328
28 28 433 0.5522959183673469
43 62 1805 0.6770442610652663
15 21 224 0.7111111111111111
52 59 1793 0.584419817470665
23 20 230 0.5
33 32 560 0.5303030303030303
42 48 1196 0.5932539682539683
42 52 1364 0.6245421245421245
30 36 674 0.624074074074074
32 28 434 0.484375
33 41 857 0.6334072431633407
34 41 866 0.6212338593974175
53 53 1483 0.5279458882164472
30 33 584 0.5898989898989898
56 69 2379 0.6156832298136645
6 7 32 0.7619047619047619
95 148 9689 0.6891180654338549
33 49 1121 0.6932591218305504
53 67 2225 0.6265840608279358
52 70 2365 0.6497252747252747
24 36 611 0.7071759259259259
76 101 4901 0.6384835852006254
56 75 2715 0.6464285714285714
53 73 2543 0.6572757818557767
47 53 1456 0.5845042151746287
28 36 657 0.6517857142857143
22 33 516 0.7107438016528925
41 61 1721 0.68812475009996
40 65 1859 0.715
23 38 643 0.7356979405034325
27 38 701 0.6832358674463938
11 11 76 0.628099173553719
58 75 2754 0.6331034482758621
28 36 657 0.6517857142857143
19 24 303 0.6644736842105263
72 77 3059 0.5517676767676768
35 45 1014 0.6438095238095238
48 60 1799 0.6246527777777777
30 41 824 0.6699186991869919
77 83 3541 0.5540603974338915
40 57 1539 0.675
61 91 3781 0.68113853359755
10 14 104 0.7428571428571429
28 36 657 0.6517857142857143
24 26 371 0.594551282051282
26 38 688 0.6963562753036436
38 47 1120 0.6270996640537514
21 36 566 0.7486772486772487
20 29 409 0.7051724137931035
47 48 1221 0.5412234042553191
24 28 419 0.6235119047619048
45 59 1709 0.6436911487758945
24 31 491 0.6599462365591398
26 31 506 0.6277915632754342
15 20 209 0.6966666666666667
18 26 332 0.7094017094017093
8 11 67 0.7613636363636364
44 54 1473 0.6199494949494949
38 46 1082 0.6189931350114416
34 41 866 0.6212338593974175
36 43 953 0.6156330749354005
29 31 521 0.5795328142380423
19 25 322 0.6778947368421052
17 23 271 0.6930946291560103
59 68 2359 0.5879860418743769
39 36 702 0.5
27 32 539 0.6238425925925926
35 52 1259 0.6917582417582417
43 61 1762 0.6717499046892871
14 16 146 0.6517857142857143
51 70 2345 0.6568627450980392
30 35 644 0.6133333333333333
16 18 183 0.6354166666666666
98 104 5536 0.543171114599686
54 74 2618 0.6551551551551551
37 40 850 0.5743243243243243
10 18 144 0.8
46 50 1310 0.5695652173913044
61 67 2317 0.5669195008563739
50 57 1674 0.5873684210526315
19 22 265 0.6339712918660287
45 59 1709 0.6436911487758945
27 34 593 0.6459694989106753
50 63 1974 0.6266666666666666
43 40 860 0.5
5 5 19 0.76
42 61 1742 0.6799375487900078
24 33 539 0.6805555555555555
16 22 247 0.7017045454545454
51 51 1376 0.5290272971933871
49 62 1910 0.6287030941408821
16 13 104 0.5
42 55 1490 0.6450216450216449
20 27 369 0.6833333333333333
42 46 1112 0.5755693581780538
42 49 1238 0.6015549076773566
100 112 6349 0.566875
36 46 1061 0.6407004830917874
32 36 687 0.5963541666666666
43 51 1332 0.6073871409028728
17 17 169 0.5847750865051903
40 46 1099 0.5972826086956522
14 18 174 0.6904761904761905
66 81 3266 0.6109240553684998
13 16 142 0.6826923076923077
13 13 103 0.6094674556213018
32 41 847 0.645579268292683
29 36 666 0.6379310344827586
24 23 299 0.5416666666666667
9 10 62 0.6888888888888889
17 21 237 0.6638655462184874
6 10 50 0.8333333333333334
30 34 614 0.6019607843137255
21 25 335 0.638095238095238
18 25 314 0.6977777777777777
27 28 431 0.5701058201058201
10 10 64 0.64
25 34 574 0.6752941176470588
38 39 816 0.5506072874493927
30 32 554 0.5770833333333333
25 23 299 0.52
43 53 1418 0.6222027204914435
10 12 84 0.7000000000000001
43 51 1332 0.6073871409028728
7 10 55 0.7857142857142857
20 22 269 0.6113636363636363
48 54 1511 0.5829475308641976
32 36 687 0.5963541666666666
44 54 1473 0.6199494949494949
22 24 318 0.6022727272727273
21 20 230 0.5476190476190477
19 28 379 0.7124060150375939
22 23 296 0.5849802371541503
25 28 424 0.6057142857142858
35 46 1049 0.6515527950310559
9 8 44 0.6111111111111112
16 16 151 0.58984375
21 27 377 0.6649029982363316
19 23 284 0.6498855835240275
19 26 341 0.6902834008097165
44 51 1341 0.5975935828877005
40 43 979 0.569186046511628
17 23 271 0.6930946291560103
35 32 560 0.5
27 35 620 0.656084656084656
30 43 884 0.6852713178294573
18 20 224 0.6222222222222222
8 9 51 0.7083333333333334
48 60 1799 0.6246527777777777
32 31 527 0.53125
79 87 3870 0.5630728939327805
64 74 2783 0.5876266891891891
9 8 44 0.6111111111111112
39 47 1130 0.6164757228587016
46 57 1632 0.6224256292906178
42 38 779 0.4880952380952381
55 78 2859 0.6664335664335664
25 30 474 0.632
103 123 7518 0.5934170021311864
70 84 3534 0.6010204081632653
30 33 584 0.5898989898989898
5 5 19 0.76
50 49 1274 0.52
3 3 8 0.8888888888888888
15 19 194 0.6807017543859649
15 25 284 0.7573333333333333
48 69 2231 0.673611111111111
11 18 153 0.7727272727272727
42 54 1448 0.6384479717813051
18 23 278 0.6714975845410628
10 16 124 0.775
12 15 125 0.6944444444444444
46 66 2046 0.6739130434782609
22 26 362 0.6328671328671328
20 29 409 0.7051724137931035
13 20 194 0.7461538461538462
27 31 512 0.6117084826762246
16 25 295 0.7375
30 38 734 0.643859649122807
20 30 429 0.715
17 35 475 0.7983193277310925
25 28 424 0.6057142857142858
43 49 1246 0.5913621262458472
12 16 137 0.7135416666666666
42 63 1826 0.690098261526833
66 91 3926 0.6536796536796536
18 16 152 0.5277777777777778
28 43 853 0.7084717607973422
14 22 230 0.7467532467532467
14 20 202 0.7214285714285714
19 29 398 0.7223230490018149
31 49 1084 0.7136273864384464
43 59 1676 0.6606227828143476
31 36 681 0.6102150537634409
15 20 209 0.6966666666666667
24 32 515 0.6705729166666666
45 47 1169 0.5527186761229315
51 74 2549 0.6754107048224695
14 23 244 0.7577639751552795
64 88 3679 0.6532315340909091
45 63 1889 0.6663139329805996
22 30 450 0.6818181818181818
26 35 610 0.6703296703296703
35 48 1119 0.6660714285714285
31 40 805 0.6491935483870968
51 67 2192 0.6414983904009365
35 49 1154 0.6728862973760932
26 39 714 0.7041420118343195
39 57 1520 0.6837606837606837
42 50 1280 0.6095238095238095
50 61 1874 0.6144262295081967
13 19 181 0.7327935222672065
7 10 55 0.7857142857142857
34 47 1070 0.6695869837296621
22 31 472 0.6920821114369501
30 37 704 0.6342342342342342
29 28 434 0.5344827586206896
21 22 272 0.5887445887445888
22 22 274 0.5661157024793388
9 9 53 0.654320987654321
48 50 1319 0.5495833333333333
30 29 464 0.5333333333333333
42 46 1112 0.5755693581780538
16 18 183 0.6354166666666666
29 40 782 0.6741379310344827
18 21 242 0.6402116402116402
7 10 55 0.7857142857142857
40 41 899 0.5481707317073171
10 13 94 0.7230769230769231
73 90 4014 0.6109589041095891
73 83 3503 0.578148209275458
53 72 2490 0.6525157232704403
63 77 2960 0.6101834673263244
44 59 1693 0.6521571648690293
32 46 1007 0.6841032608695652
15 18 179 0.662962962962963
28 29 461 0.5677339901477833
8 9 51 0.7083333333333334
39 47 1130 0.6164757228587016
86 118 6578 0.6482065431612141
31 42 867 0.6658986175115208
101 143 9493 0.6572734196496572
39 40 857 0.5493589743589744
106 136 8956 0.6212541620421753
57 69 2393 0.6084413933384185
25 34 574 0.6752941176470588
42 60 1700 0.6746031746031745
25 33 549 0.6654545454545455
19 21 246 0.6165413533834586
50 75 2574 0.6864
18 28 368 0.7301587301587301
41 50 1270 0.6195121951219512
27 26 377 0.5370370370370371
36 47 1097 0.6483451536643026
16 18 183 0.6354166666666666
32 38 751 0.6175986842105263
34 45 1002 0.6549019607843137
11 8 44 0.5
30 48 1034 0.7180555555555556
54 64 2078 0.6012731481481481
31 44 929 0.6810850439882699
26 28 428 0.5879120879120878
14 20 202 0.7214285714285714
28 29 461 0.5677339901477833
26 42 792 0.7252747252747253
19 16 152 0.5
31 37 712 0.6207497820401047
24 33 539 0.6805555555555555
12 19 173 0.7587719298245613
32 44 943 0.6697443181818182
43 48 1203 0.5828488372093024
30 39 764 0.652991452991453
14 19 188 0.706766917293233
16 23 263 0.7146739130434783
37 38 776 0.5519203413940256
9 11 71 0.7171717171717172
78 105 5264 0.6427350427350428
74 107 5290 0.6680980045466026
40 44 1019 0.5789772727272727
23 32 505 0.686141304347826
19 23 284 0.6498855835240275
41 47 1147 0.5952257394914375
11 18 153 0.7727272727272727
57 78 2906 0.6536212325686009
14 20 202 0.7214285714285714
22 25 340 0.6181818181818182
55 85 3244 0.6939037433155081
96 152 10127 0.6940104166666666
63 96 4157 0.6873346560846562
12 19 173 0.7587719298245613
48 64 1991 0.6481119791666666
24 38 659 0.7225877192982456
40 62 1739 0.7012096774193549
21 33 503 0.7258297258297258
13 15 129 0.6615384615384615
55 70 2419 0.6283116883116884
77 95 4465 0.6103896103896104
24 27 395 0.6095679012345678
35 46 1049 0.6515527950310559
77 115 6005 0.6781479390175043
31 36 681 0.6102150537634409
37 52 1294 0.6725571725571726
10 18 144 0.8
54 82 3050 0.6887985546522132
27 33 566 0.6352413019079686
36 46 1061 0.6407004830917874
33 43 923 0.6504580690627202
24 20 230 0.4791666666666667
37 61 1627 0.7208684093929996
13 22 220 0.7692307692307693
41 52 1352 0.6341463414634146
43 56 1547 0.6424418604651162
11 9 54 0.5454545454545454
51 63 1988 0.6187363834422658
36 38 773 0.5650584795321637
23 25 344 0.5982608695652174
16 25 295 0.7375
32 36 687 0.5963541666666666
49 41 902 0.4489795918367347
22 25 340 0.6181818181818182
38 51 1272 0.6563467492260062
33 32 560 0.5303030303030303
27 36 647 0.6656378600823045
43 50 1289 0.5995348837209302
36 48 1133 0.6556712962962963
17 19 203 0.628482972136223
45 74 2384 0.7159159159159159
59 82 3185 0.6583298883836296
13 16 142 0.6826923076923077
10 11 74 0.6727272727272727
46 67 2092 0.6787800129785854
10 18 144 0.8
31 35 650 0.599078341013825
49 79 2743 0.7086024283130974
13 15 129 0.6615384615384615
9 9 53 0.654320987654321
96 125 7535 0.6279166666666667
62 80 3130 0.6310483870967742
29 35 637 0.6275862068965518
57 75 2735 0.639766081871345
28 30 489 0.5821428571428572
28 24 324 0.48214285714285715
31 39 774 0.6401985111662531
15 20 209 0.6966666666666667
62 88 3626 0.6645894428152492
51 65 2090 0.6304675716440422
21 22 272 0.5887445887445888
13 15 129 0.6615384615384615
32 44 943 0.6697443181818182
33 38 758 0.6044657097288676
31 37 712 0.6207497820401047
18 28 368 0.7301587301587301
21 25 335 0.638095238095238
19 30 417 0.731578947368421
16 20 215 0.671875
27 38 701 0.6832358674463938
17 26 322 0.7285067873303167
54 83 3104 0.6925479696564034
25 33 549 0.6654545454545455
14 15 132 0.6285714285714286
22 24 318 0.6022727272727273
84 131 7601 0.690748818611414
44 45 1077 0.543939393939394
61 88 3598 0.6702682563338301
13 17 155 0.7013574660633485
51 70 2345 0.6568627450980392
43 61 1762 0.6717499046892871
21 27 377 0.6649029982363316
27 33 566 0.6352413019079686
35 40 839 0.5992857142857143
77 89 4003 0.5841237414271122
54 63 2024 0.5949441504997061
33 36 692 0.5824915824915825
17 19 203 0.628482972136223
37 57 1479 0.7012802275960172
6 9 44 0.8148148148148148
62 89 3688 0.6683581007611453
39 57 1520 0.6837606837606837
27 49 998 0.7543461829176115
48 71 2327 0.6828051643192488
15 18 179 0.662962962962963
17 21 237 0.6638655462184874
64 91 3871 0.6646634615384616
61 78 2988 0.6279949558638084
65 100 4484 0.6898461538461538
18 24 296 0.6851851851851851
31 42 867 0.6658986175115208
42 53 1406 0.6316262353998203
30 46 974 0.7057971014492754
26 33 558 0.6503496503496503
55 69 2364 0.6229249011857708
23 31 482 0.6760168302945301
23 29 436 0.6536731634182908
63 69 2456 0.5649873475960432
30 34 614 0.6019607843137255
19 23 284 0.6498855835240275
41 50 1270 0.6195121951219512
20 30 429 0.715
23 35 574 0.7130434782608696
14 19 188 0.706766917293233
42 45 1070 0.566137566137566
20 34 509 0.7485294117647059
12 18 161 0.7453703703703703
11 15 120 0.7272727272727272
18 25 314 0.6977777777777777
66 83 3398 0.6202993793355239
41 47 1147 0.5952257394914375
44 55 1517 0.6268595041322313
24 33 539 0.6805555555555555
61 64 2134 0.5466188524590164
52 69 2313 0.6446488294314382
31 31 526 0.5473465140478668
34 40 832 0.6117647058823529
32 47 1039 0.6908244680851063
21 30 440 0.6984126984126984
22 28 406 0.6590909090909091
50 61 1874 0.6144262295081967
38 53 1348 0.6693147964250248
56 70 2435 0.6211734693877551
94 121 7096 0.6238790223316335
93 108 5858 0.5832337714058144
27 40 755 0.6990740740740741
19 21 246 0.6165413533834586
12 8 44 0.4583333333333333
34 45 1002 0.6549019607843137
54 69 2348 0.6301663982823403
51 77 2702 0.6880570409982174
20 19 209 0.5499999999999999
22 21 252 0.5454545454545455
42 66 1952 0.7041847041847041
12 20 185 0.7708333333333333
25 33 549 0.6654545454545455
26 33 558 0.6503496503496503
10 12 84 0.7000000000000001
16 25 295 0.7375
55 70 2419 0.6283116883116884
28 39 741 0.6785714285714286
14 21 216 0.7346938775510204
12 13 101 0.6474358974358974
16 21 231 0.6875
24 38 659 0.7225877192982456
11 16 131 0.7443181818181818
33 35 659 0.5705627705627705
23 35 574 0.7130434782608696
8 9 51 0.7083333333333334
27 37 674 0.6746746746746747
21 39 629 0.7680097680097681
26 41 766 0.7185741088180112
23 30 459 0.6652173913043478
24 36 611 0.7071759259259259
20 27 369 0.6833333333333333
21 34 524 0.7338935574229692
16 19 199 0.6546052631578947
67 78 3081 0.5895522388059702
68 78 3093 0.5831447963800905
15 18 179 0.662962962962963
25 33 549 0.6654545454545455
17 20 220 0.6470588235294118
30 31 524 0.5634408602150537
21 22 272 0.5887445887445888
24 39 683 0.7297008547008547
22 21 252 0.5454545454545455
19 23 284 0.6498855835240275
6 8 38 0.7916666666666666
75 66 2277 0.45999999999999996
35 41 874 0.6090592334494773
42 52 1364 0.6245421245421245
24 28 419 0.6235119047619048
35 42 909 0.6183673469387755
52 49 1274 0.5
45 51 1349 0.5877995642701525
53 58 1748 0.5686402081977879
35 41 874 0.6090592334494773
15 19 194 0.6807017543859649
29 35 637 0.6275862068965518
40 48 1179 0.6140625000000001
44 52 1385 0.6053321678321678
37 37 739 0.5398100803506208
34 44 968 0.6470588235294117
32 44 943 0.6697443181818182
17 25 305 0.7176470588235294
13 19 181 0.7327935222672065
19 28 379 0.7124060150375939
20 26 349 0.6711538461538461
24 37 635 0.7150900900900901
66 88 3728 0.6418732782369146
30 41 824 0.6699186991869919
19 26 341 0.6902834008097165
28 31 517 0.5956221198156683
37 50 1220 0.6594594594594595
52 57 1689 0.569838056680162
13 19 181 0.7327935222672065
28 34 601 0.6313025210084033
27 34 593 0.6459694989106753
13 18 168 0.717948717948718
61 71 2561 0.5913184022165782
15 20 209 0.6966666666666667
26 32 532 0.6394230769230769
16 20 215 0.671875
31 46 991 0.6949509116409537
89 104 5428 0.5864304235090751
41 47 1147 0.5952257394914375
24 24 323 0.560763888888889
41 55 1475 0.6541019955654103
47 61 1832 0.6389954656435298
15 17 164 0.6431372549019608
32 41 847 0.645579268292683
38 45 1044 0.6105263157894737
19 21 246 0.6165413533834586
34 39 798 0.6018099547511312
51 57 1682 0.5786033711730305
28 28 433 0.5522959183673469
16 17 167 0.6139705882352942
17 16 152 0.5588235294117647
22 40 670 0.7613636363636364
22 33 516 0.7107438016528925
34 48 1104 0.676470588235294
58 79 2986 0.6516804888694894
