15 16 204 0.85
4 6 24 1.0
41 50 1455 0.7097560975609756
38 43 1138 0.6964504283965728
29 33 704 0.735632183908046
30 33 714 0.7212121212121212
26 28 538 0.739010989010989
33 35 804 0.6961038961038961
27 31 627 0.7491039426523297
24 28 519 0.7723214285714286
19 23 359 0.8215102974828375
38 39 986 0.6653171390013495
32 34 763 0.7012867647058824
10 11 104 0.9454545454545454
6 9 54 1.0
49 45 1302 0.5904761904761905
34 52 1390 0.7861990950226244
50 65 2304 0.7089230769230769
28 37 805 0.777027027027027
36 47 1257 0.7429078014184397
43 56 1742 0.7234219269102989
28 31 637 0.7338709677419355
48 61 2067 0.7059426229508197
13 9 96 0.8205128205128206
8 8 63 0.984375
37 39 978 0.6777546777546777
48 48 1443 0.6263020833333334
21 25 420 0.8
42 49 1428 0.6938775510204082
18 22 330 0.8333333333333333
34 34 778 0.6730103806228374
19 22 340 0.8133971291866029
38 36 872 0.6374269005847952
39 36 876 0.6239316239316239
15 20 264 0.8800000000000001
4 7 28 1.0
74 96 4826 0.6793355855855855
35 32 714 0.6375
47 48 1436 0.6365248226950354
36 39 969 0.6901709401709402
51 50 1560 0.611764705882353
32 28 571 0.6372767857142857
36 40 1005 0.6979166666666667
23 23 393 0.7429111531190926
13 12 135 0.8653846153846154
4 6 24 1.0
14 13 154 0.8461538461538461
32 45 1115 0.7743055555555556
41 40 1045 0.6371951219512195
27 33 681 0.7643097643097643
27 36 762 0.7839506172839505
31 31 661 0.6878251821019772
43 54 1656 0.7131782945736433
40 52 1519 0.7302884615384616
60 64 2409 0.62734375
27 34 708 0.7712418300653594
34 32 710 0.6525735294117647
16 22 307 0.8721590909090909
19 23 359 0.8215102974828375
33 32 705 0.6676136363636364
30 30 624 0.6933333333333334
35 30 644 0.6133333333333333
13 17 200 0.9049773755656109
52 54 1773 0.6314102564102564
59 78 3224 0.7005649717514124
28 37 805 0.777027027027027
40 53 1559 0.7353773584905661
58 77 3140 0.703090013434841
42 56 1722 0.7321428571428571
53 62 2205 0.6710286062081559
38 43 1138 0.6964504283965728
21 34 609 0.8529411764705882
40 55 1639 0.745
41 50 1455 0.7097560975609756
55 59 2069 0.6375963020030816
27 29 573 0.7318007662835249
100 100 5629 0.5629
10 11 104 0.9454545454545454
23 25 439 0.7634782608695652
6 8 48 1.0
32 46 1147 0.7792119565217391
20 28 469 0.8375
21 27 462 0.8148148148148148
20 25 409 0.818
25 33 654 0.7927272727272727
17 14 183 0.7689075630252101
60 51 1632 0.5333333333333333
34 39 948 0.7149321266968326
21 32 567 0.84375
24 33 639 0.8068181818181818
29 30 617 0.7091954022988506
52 67 2449 0.7029276693455798
46 68 2348 0.7506393861892583
33 36 837 0.7045454545454546
18 18 258 0.7962962962962963
50 61 2104 0.6898360655737704
24 26 471 0.7548076923076923
22 33 606 0.8347107438016529
28 30 609 0.725
43 52 1570 0.7021466905187835
15 19 249 0.8736842105263158
52 71 2657 0.7196641386782232
23 26 462 0.7725752508361203
33 32 705 0.6676136363636364
42 54 1638 0.7222222222222222
42 56 1722 0.7321428571428571
30 43 1014 0.786046511627907
32 43 1051 0.7638081395348837
33 39 936 0.7272727272727273
34 42 1050 0.7352941176470589
53 53 1728 0.6151655393378427
30 40 924 0.77
56 65 2415 0.6634615384615384
6 6 36 1.0
95 100 5584 0.5877894736842105
33 46 1167 0.7687747035573124
53 69 2576 0.7044025157232704
52 68 2501 0.7072963800904978
24 37 735 0.8277027027027027
76 94 4729 0.6619540873460247
56 75 2975 0.7083333333333334
53 78 3053 0.7385099177552008
47 59 1953 0.7042913811756221
28 39 861 0.7884615384615384
22 31 562 0.8240469208211144
41 63 1988 0.7696476964769647
40 68 2159 0.7937500000000001
23 42 830 0.8592132505175984
27 34 708 0.7712418300653594
11 11 111 0.9173553719008265
58 66 2502 0.6536050156739812
28 31 637 0.7338709677419355
19 26 416 0.8421052631578948
72 66 2607 0.5486111111111112
35 43 1099 0.7302325581395348
48 59 1971 0.6959745762711864
30 42 984 0.7809523809523808
77 77 3444 0.5808736717827627
40 59 1799 0.7622881355932204
61 69 2724 0.6471846044191019
10 10 94 0.9400000000000001
28 29 581 0.7155172413793104
24 28 519 0.7723214285714286
26 38 798 0.8076923076923077
38 53 1518 0.7537239324726911
21 33 588 0.8484848484848485
20 26 429 0.825
47 55 1765 0.6827852998065764
24 31 591 0.7943548387096774
45 59 1914 0.7209039548022599
24 42 855 0.8482142857142857
26 41 876 0.8217636022514072
15 17 219 0.8588235294117647
18 21 312 0.8253968253968254
8 8 63 0.984375
44 42 1145 0.6195887445887446
38 45 1214 0.7099415204678362
34 42 1050 0.7352941176470589
36 40 1005 0.6979166666666667
29 23 414 0.6206896551724138
19 23 359 0.8215102974828375
17 16 217 0.7977941176470589
59 60 2162 0.6107344632768361
39 45 1227 0.6991452991452991
27 28 546 0.7222222222222222
35 49 1309 0.7632653061224489
43 57 1785 0.7282741738066095
14 11 126 0.8181818181818182
51 66 2376 0.7058823529411764
30 37 834 0.7513513513513513
16 21 291 0.8660714285714286
98 100 5614 0.5728571428571428
54 63 2274 0.6684303350970018
37 31 682 0.5945945945945945
10 16 154 0.9625
46 47 1382 0.6392229417206291
61 28 574 0.3360655737704918
50 63 2204 0.6996825396825397
19 22 340 0.8133971291866029
45 50 1509 0.6706666666666666
27 27 519 0.7119341563786008
50 65 2304 0.7089230769230769
43 48 1398 0.6773255813953488
5 5 25 1.0
42 60 1890 0.75
24 27 495 0.7638888888888888
16 19 259 0.8519736842105263
51 49 1509 0.6038415366146459
49 63 2184 0.7074829931972789
16 18 243 0.84375
42 45 1260 0.6666666666666666
20 26 429 0.825
42 42 1134 0.6428571428571429
42 48 1386 0.6875
100 100 5629 0.5629
36 41 1041 0.7052845528455285
32 35 795 0.7098214285714286
43 45 1269 0.6558139534883721
17 20 285 0.8382352941176471
40 50 1439 0.7195
14 15 182 0.8666666666666667
66 66 2586 0.59366391184573
13 16 187 0.8990384615384616
13 12 135 0.8653846153846154
32 29 603 0.6497844827586207
29 44 1023 0.8017241379310345
24 23 399 0.7228260869565217
9 5 42 0.9333333333333333
17 26 387 0.8755656108597285
6 9 54 1.0
30 35 774 0.7371428571428572
21 23 378 0.782608695652174
18 29 456 0.8735632183908045
27 28 546 0.7222222222222222
10 14 134 0.9571428571428572
25 36 729 0.81
38 39 986 0.6653171390013495
30 35 774 0.7371428571428572
25 26 479 0.7369230769230769
43 63 2043 0.7541528239202657
10 13 124 0.9538461538461539
43 61 1957 0.7460922607701105
7 6 42 1.0
20 22 349 0.7931818181818181
48 53 1683 0.6615566037735849
32 32 699 0.6826171875
44 62 2025 0.7423020527859238
22 25 430 0.7818181818181819
21 18 273 0.7222222222222222
19 26 416 0.8421052631578948
22 25 430 0.7818181818181819
25 30 579 0.772
35 53 1449 0.781132075471698
9 8 69 0.9583333333333334
16 19 259 0.8519736842105263
21 30 525 0.8333333333333334
19 21 321 0.8045112781954887
19 22 340 0.8133971291866029
44 48 1409 0.6671401515151515
40 43 1159 0.6738372093023256
17 18 251 0.8202614379084968
35 41 1029 0.7170731707317073
27 38 816 0.7953216374269005
30 44 1044 0.7909090909090909
18 23 348 0.8405797101449275
8 4 31 0.96875
48 47 1395 0.6183510638297872
32 31 667 0.6723790322580645
79 89 4403 0.6262267102830323
64 65 2507 0.6026442307692308
9 15 132 0.9777777777777777
39 45 1227 0.6991452991452991
46 53 1658 0.6800656275635767
42 41 1092 0.6341463414634146
55 75 2949 0.7149090909090909
25 28 529 0.7557142857142857
103 100 5644 0.5479611650485436
70 93 4494 0.6903225806451613
30 33 714 0.7212121212121212
5 5 25 1.0
50 56 1854 0.6621428571428571
3 3 9 1.0
15 15 189 0.84
15 13 159 0.8153846153846154
48 49 1491 0.6339285714285714
11 17 177 0.9465240641711229
42 61 1932 0.7540983606557377
18 19 276 0.8070175438596492
10 15 144 0.9600000000000001
12 15 165 0.9166666666666666
46 70 2440 0.7577639751552795
22 25 430 0.7818181818181819
20 25 409 0.818
13 17 200 0.9049773755656109
27 35 735 0.7777777777777778
16 25 355 0.8875
30 32 684 0.7125
20 28 469 0.8375
17 26 387 0.8755656108597285
25 21 354 0.6742857142857143
43 52 1570 0.7021466905187835
12 12 129 0.8958333333333334
42 41 1092 0.6341463414634146
66 88 4038 0.6952479338842975
18 18 258 0.7962962962962963
28 35 749 0.7642857142857142
14 21 266 0.9047619047619048
14 20 252 0.9
19 21 321 0.8045112781954887
31 34 754 0.7153700189753321
43 55 1699 0.7183932346723044
31 26 506 0.6277915632754343
15 21 279 0.8857142857142858
24 31 591 0.7943548387096774
45 54 1689 0.6950617283950616
51 55 1815 0.6470588235294117
14 12 140 0.8333333333333334
64 52 1690 0.5078125
45 67 2274 0.754228855721393
22 25 430 0.7818181818181819
26 32 642 0.7716346153846154
35 45 1169 0.7422222222222222
31 37 847 0.7384481255448998
51 61 2121 0.6817743490838958
35 46 1204 0.7478260869565218
26 38 798 0.8076923076923077
39 49 1383 0.7237048665620094
42 60 1890 0.75
50 62 2154 0.6948387096774193
13 20 239 0.9192307692307692
7 11 77 1.0
34 46 1186 0.7583120204603581
22 30 540 0.8181818181818182
30 37 834 0.7513513513513513
29 29 588 0.699167657550535
21 32 567 0.84375
22 23 386 0.7628458498023716
9 11 96 0.9696969696969696
48 59 1971 0.6959745762711864
30 33 714 0.7212121212121212
42 53 1596 0.7169811320754716
16 20 275 0.859375
29 35 762 0.7507389162561576
18 20 294 0.8166666666666667
7 12 84 1.0
40 43 1159 0.6738372093023256
10 12 114 0.9500000000000001
73 86 4067 0.6478177763618987
73 95 4724 0.6811824080749819
53 66 2417 0.6909662664379645
63 80 3444 0.6833333333333333
44 51 1541 0.6867201426024956
32 40 955 0.74609375
15 18 234 0.8666666666666667
28 27 525 0.6944444444444444
8 9 71 0.9861111111111112
39 49 1383 0.7237048665620094
86 98 5268 0.6250593260560038
31 44 1064 0.7800586510263929
101 100 5635 0.557920792079208
39 47 1305 0.7119476268412438
106 100 5650 0.5330188679245284
57 67 2544 0.6661429693637078
25 36 729 0.81
42 56 1722 0.7321428571428571
25 37 754 0.8151351351351351
19 22 340 0.8133971291866029
50 55 1804 0.6559999999999999
18 21 312 0.8253968253968254
41 45 1250 0.6775067750677507
27 25 465 0.6888888888888889
36 54 1509 0.7762345679012346
16 15 195 0.8125
32 26 507 0.609375
34 46 1186 0.7583120204603581
11 8 78 0.8863636363636364
30 42 984 0.7809523809523808
54 68 2544 0.69281045751634
31 28 568 0.6543778801843319
26 22 382 0.6678321678321678
14 21 266 0.9047619047619048
28 29 581 0.7155172413793104
26 41 876 0.8217636022514072
19 18 264 0.7719298245614036
31 35 785 0.7235023041474655
24 33 639 0.8068181818181818
12 9 93 0.8611111111111112
32 39 923 0.7395833333333334
43 51 1527 0.6963064295485636
30 39 894 0.7641025641025642
14 15 182 0.8666666666666667
16 16 211 0.82421875
37 39 978 0.6777546777546777
9 14 123 0.9761904761904762
78 79 3606 0.5851996105160663
74 85 4012 0.6378378378378379
40 48 1359 0.7078125000000001
23 39 761 0.8483835005574136
19 27 435 0.847953216374269
41 59 1824 0.7540305911533691
11 19 199 0.9521531100478469
57 76 3057 0.7056786703601108
14 19 238 0.8947368421052632
22 22 364 0.7520661157024794
55 78 3114 0.7258741258741258
96 100 5595 0.5828125
63 89 4011 0.7153558052434457
12 6 57 0.7916666666666666
48 68 2403 0.7362132352941176
24 34 663 0.8125
40 50 1439 0.7195
21 53 1008 0.9056603773584906
13 9 96 0.8205128205128206
55 51 1629 0.5807486631016042
77 92 4599 0.6492094861660079
24 31 591 0.7943548387096774
35 50 1344 0.768
77 100 5215 0.6772727272727274
31 40 940 0.7580645161290323
37 56 1607 0.7755791505791506
10 15 144 0.9600000000000001
54 73 2814 0.7138508371385084
27 31 627 0.7491039426523297
36 57 1617 0.7880116959064327
33 42 1035 0.7467532467532467
24 29 543 0.7801724137931034
37 52 1459 0.7583160083160083
13 20 239 0.9192307692307692
41 43 1168 0.6625070901871809
43 61 1957 0.7460922607701105
11 11 111 0.9173553719008265
51 67 2427 0.7102721685689201
36 36 861 0.6643518518518519
23 34 646 0.8260869565217391
16 22 307 0.8721590909090909
32 28 571 0.6372767857142857
49 53 1694 0.6522911051212937
22 26 452 0.7902097902097902
38 49 1366 0.7336197636949516
33 31 672 0.656891495601173
27 53 1221 0.8532494758909853
43 50 1484 0.6902325581395349
36 52 1437 0.7676282051282051
17 17 234 0.809688581314879
45 75 2634 0.7804444444444444
59 83 3519 0.7186032264651827
13 11 122 0.8531468531468532
10 11 104 0.9454545454545454
46 70 2440 0.7577639751552795
10 18 174 0.9666666666666666
31 45 1095 0.7849462365591398
49 72 2625 0.7440476190476191
13 18 213 0.9102564102564101
9 11 96 0.9696969696969696
96 84 4074 0.5052083333333334
62 81 3482 0.6933492632417364
29 37 820 0.7642124883504193
57 80 3285 0.7203947368421052
28 29 581 0.7155172413793104
28 35 749 0.7642857142857142
31 41 971 0.7639653815892998
15 12 144 0.7999999999999999
62 40 1060 0.4274193548387097
51 68 2478 0.7145328719723183
21 21 336 0.7619047619047619
13 17 200 0.9049773755656109
32 45 1115 0.7743055555555556
33 37 870 0.7125307125307125
31 41 971 0.7639653815892998
18 27 420 0.8641975308641975
21 30 525 0.8333333333333334
19 34 568 0.8792569659442725
16 15 195 0.8125
27 32 654 0.7569444444444444
17 19 268 0.8297213622291022
54 63 2274 0.6684303350970018
25 30 579 0.772
14 14 168 0.8571428571428571
22 28 496 0.8051948051948052
84 100 5397 0.6425
44 42 1145 0.6195887445887446
61 79 3334 0.6918447810749118
13 15 174 0.8923076923076924
51 59 2019 0.6709870388833499
43 58 1828 0.7329591018444266
21 30 525 0.8333333333333334
27 51 1167 0.8474945533769063
35 43 1099 0.7302325581395348
77 83 3906 0.6111719605695509
54 69 2598 0.6972624798711756
33 40 969 0.7340909090909091
17 24 353 0.8651960784313726
37 53 1496 0.7628760836308006
6 8 48 1.0
62 70 2800 0.6451612903225806
39 35 837 0.6131868131868131
27 35 735 0.7777777777777778
48 52 1635 0.6550480769230769
15 24 324 0.9
17 22 319 0.8529411764705883
64 78 3339 0.6688701923076923
61 83 3578 0.7066956349990124
65 95 4464 0.722914979757085
18 18 258 0.7962962962962963
31 46 1126 0.7896213183730715
42 48 1386 0.6875
30 45 1074 0.7955555555555555
26 35 720 0.7912087912087913
55 71 2729 0.6988476312419974
23 36 692 0.8357487922705313
23 29 531 0.7961019490254873
63 73 3003 0.6529680365296804
30 46 1104 0.7999999999999999
19 27 435 0.847953216374269
41 91 3136 0.8405253283302063
20 23 369 0.8021739130434782
23 37 715 0.8401880141010576
14 19 238 0.8947368421052632
42 54 1638 0.7222222222222222
20 28 469 0.8375
12 24 273 0.9479166666666666
11 18 188 0.9494949494949494
18 17 240 0.7843137254901961
66 82 3642 0.6729490022172949
41 74 2439 0.8038892551087673
44 53 1629 0.6985420240137221
24 38 759 0.8322368421052632
61 79 3334 0.6918447810749118
52 84 3333 0.7630494505494505
31 38 878 0.7453310696095077
34 39 948 0.7149321266968326
32 44 1083 0.7691761363636364
21 37 672 0.8648648648648649
22 21 342 0.7402597402597403
50 81 3104 0.7664197530864197
38 56 1632 0.7669172932330827
56 70 2695 0.6875
94 100 5572 0.5927659574468085
93 100 5559 0.597741935483871
27 46 1032 0.8309178743961353
19 25 397 0.8357894736842105
12 12 129 0.8958333333333334
34 36 846 0.6911764705882353
54 58 2004 0.6398467432950192
51 70 2580 0.7226890756302521
20 21 329 0.7833333333333333
22 26 452 0.7902097902097902
42 65 2100 0.7692307692307693
12 17 189 0.9264705882352942
25 30 579 0.772
26 36 746 0.7970085470085471
10 12 114 0.9500000000000001
16 14 179 0.7991071428571429
55 38 969 0.4636363636363636
28 47 1085 0.824468085106383
14 16 196 0.875
12 9 93 0.8611111111111112
16 25 355 0.8875
24 24 423 0.734375
11 12 122 0.9242424242424243
33 38 903 0.7200956937799043
23 29 531 0.7961019490254873
8 12 95 0.9895833333333334
27 42 924 0.8148148148148148
21 21 336 0.7619047619047619
26 40 850 0.8173076923076923
23 31 577 0.8092566619915849
24 29 543 0.7801724137931034
20 31 529 0.8532258064516128
21 46 861 0.8913043478260869
16 13 163 0.7836538461538461
67 84 3798 0.6748400852878464
68 87 4025 0.6803583502366464
15 17 219 0.8588235294117647
25 25 454 0.7264
17 20 285 0.8382352941176471
30 32 684 0.7125
21 20 315 0.75
24 27 495 0.7638888888888888
22 28 496 0.8051948051948052
19 23 359 0.8215102974828375
6 7 42 1.0
75 86 4104 0.6362790697674419
35 41 1029 0.7170731707317073
42 45 1260 0.6666666666666666
24 32 615 0.80078125
35 46 1204 0.7478260869565218
52 55 1825 0.6381118881118881
45 44 1239 0.6257575757575758
53 66 2417 0.6909662664379645
35 40 994 0.71
15 16 204 0.85
29 35 762 0.7507389162561576
40 47 1319 0.7015957446808511
44 47 1365 0.6600580270793037
37 48 1311 0.7381756756756758
34 51 1356 0.7820069204152249
32 40 955 0.74609375
17 22 319 0.8529411764705883
13 17 200 0.9049773755656109
19 36 606 0.8859649122807017
20 22 349 0.7931818181818181
24 30 567 0.7875
66 95 4500 0.7177033492822967
30 40 924 0.77
19 19 283 0.7839335180055402
28 29 581 0.7155172413793104
37 46 1237 0.7267920094007051
52 60 2085 0.6682692307692307
13 23 278 0.9297658862876254
28 35 749 0.7642857142857142
27 28 546 0.7222222222222222
13 15 174 0.8923076923076924
61 75 3090 0.6754098360655738
15 16 204 0.85
26 34 694 0.7850678733031674
16 17 227 0.8345588235294118
31 36 816 0.7311827956989247
89 100 5497 0.6176404494382023
41 60 1865 0.7581300813008129
24 25 447 0.745
41 52 1537 0.7209193245778611
47 65 2235 0.7315875613747954
15 21 279 0.8857142857142858
32 44 1083 0.7691761363636364
38 47 1290 0.7222844344904815
19 16 226 0.743421052631579
34 32 710 0.6525735294117647
51 53 1713 0.6337402885682575
28 32 665 0.7421875
16 15 195 0.8125
17 17 234 0.809688581314879
22 29 518 0.8119122257053292
22 41 782 0.8669623059866962
34 51 1356 0.7820069204152249
58 67 2560 0.6587750900669069
