15 18 255 0.9444444444444444
4 9 36 1.0
41 51 1595 0.7627929220468675
38 48 1418 0.7774122807017544
29 26 564 0.7480106100795756
30 37 900 0.8108108108108109
26 25 514 0.7907692307692308
33 29 681 0.7115987460815048
27 26 549 0.782051282051282
24 26 519 0.8317307692307693
19 24 411 0.9013157894736842
38 37 1000 0.7112375533428165
32 37 931 0.7863175675675675
10 15 150 1.0
6 9 54 1.0
49 65 2405 0.7551020408163266
34 39 1026 0.7737556561085973
50 56 1980 0.7071428571428572
28 37 865 0.8349420849420849
36 48 1377 0.796875
43 49 1546 0.7337446606549597
28 27 585 0.7738095238095238
48 51 1707 0.6973039215686274
13 11 137 0.958041958041958
8 11 88 1.0
37 33 843 0.6904176904176904
48 51 1707 0.6973039215686274
21 19 333 0.8345864661654135
42 48 1488 0.7380952380952381
18 21 342 0.9047619047619048
34 34 856 0.740484429065744
19 21 354 0.887218045112782
38 31 772 0.6553480475382003
39 35 930 0.6813186813186813
15 20 285 0.95
4 7 28 1.0
74 91 4654 0.6911196911196912
35 33 830 0.7186147186147186
47 57 1976 0.7375886524822695
36 41 1125 0.7621951219512195
51 52 1791 0.6753393665158371
32 35 867 0.7741071428571429
36 46 1305 0.7880434782608695
23 21 392 0.8115942028985508
13 12 150 0.9615384615384616
4 6 24 1.0
14 22 298 0.9675324675324675
32 43 1123 0.8161337209302325
41 46 1390 0.7370095440084836
27 26 549 0.782051282051282
27 38 873 0.8508771929824562
31 48 1257 0.844758064516129
43 49 1546 0.7337446606549597
40 45 1335 0.7416666666666667
60 41 1230 0.5
27 38 873 0.8508771929824562
34 44 1196 0.7994652406417113
16 18 267 0.9270833333333334
19 21 354 0.887218045112782
33 34 846 0.7540106951871658
30 32 750 0.78125
35 32 795 0.7098214285714286
13 19 241 0.9757085020242916
52 43 1333 0.5961538461538461
59 78 3377 0.7338113863537592
28 35 809 0.8255102040816327
40 58 1855 0.7995689655172413
58 72 3000 0.7183908045977012
42 52 1656 0.7582417582417583
53 73 2923 0.7554923752907728
38 51 1532 0.7905056759545924
21 28 522 0.8877551020408163
40 55 1735 0.7886363636363637
41 49 1513 0.7531110004977601
55 73 2980 0.7422166874221668
27 32 711 0.8229166666666666
100 100 5905 0.5905
10 11 110 1.0
23 25 484 0.8417391304347827
6 9 54 1.0
32 53 1443 0.8508254716981132
20 21 365 0.8690476190476191
21 27 501 0.8835978835978836
20 30 545 0.9083333333333333
25 37 805 0.8702702702702704
17 15 227 0.8901960784313726
60 76 3285 0.7203947368421053
34 38 992 0.7678018575851393
21 32 606 0.9017857142857143
24 37 783 0.8817567567567568
29 36 854 0.8180076628352491
52 69 2685 0.7483277591973244
46 62 2186 0.7664796633941093
33 35 879 0.7610389610389611
18 17 270 0.8823529411764706
50 45 1430 0.6355555555555555
24 30 615 0.8541666666666666
22 30 582 0.8818181818181817
28 31 697 0.8029953917050691
43 53 1718 0.7538394032470382
15 17 240 0.9411764705882353
52 71 2789 0.7554171180931745
23 20 369 0.8021739130434783
33 39 1011 0.7855477855477856
42 46 1404 0.7267080745341615
42 56 1824 0.7755102040816327
30 45 1140 0.8444444444444444
32 38 963 0.7919407894736842
33 39 1011 0.7855477855477856
34 39 1026 0.7737556561085973
53 56 2022 0.6812668463611861
30 32 750 0.78125
56 61 2335 0.6835480093676815
6 5 30 1.0
95 100 5845 0.6152631578947368
33 47 1275 0.8220502901353964
53 69 2711 0.7413180202351655
52 62 2321 0.7199131513647643
24 37 783 0.8817567567567568
76 59 2301 0.5131578947368421
56 74 3063 0.7391409266409266
53 78 3188 0.7711659409772618
47 56 1929 0.73290273556231
28 42 1005 0.854591836734694
22 33 648 0.8925619834710743
41 65 2169 0.8138836772983115
40 67 2215 0.8264925373134329
23 40 829 0.9010869565217391
27 35 792 0.8380952380952381
11 8 87 0.9886363636363636
58 57 2130 0.6442831215970962
28 31 697 0.8029953917050691
19 26 449 0.9089068825910931
72 89 4455 0.6952247191011236
35 39 1040 0.761904761904762
48 73 2763 0.788527397260274
30 44 1110 0.8409090909090909
77 84 4190 0.6478045763760049
40 50 1535 0.7675
61 66 2700 0.6706408345752608
10 12 120 1.0
28 40 949 0.8473214285714287
24 27 543 0.8379629629629629
26 36 800 0.8547008547008548
38 48 1418 0.7774122807017544
21 30 564 0.8952380952380953
20 26 465 0.8942307692307693
47 54 1835 0.72301024428684
24 26 519 0.8317307692307693
45 51 1665 0.7254901960784313
24 34 711 0.8713235294117647
26 31 670 0.8312655086848636
15 18 255 0.9444444444444444
18 20 324 0.9
8 8 64 1.0
44 49 1561 0.724025974025974
38 46 1342 0.7677345537757437
34 43 1162 0.7948016415868674
36 28 657 0.6517857142857143
29 26 564 0.7480106100795756
19 21 354 0.887218045112782
17 17 261 0.9031141868512111
59 59 2256 0.6480896294168342
39 66 2139 0.831002331002331
27 32 711 0.8229166666666666
35 50 1425 0.8142857142857143
43 53 1718 0.7538394032470382
14 11 144 0.9350649350649352
51 42 1281 0.5980392156862745
30 36 870 0.8055555555555556
16 19 283 0.930921052631579
98 100 5884 0.6004081632653061
54 69 2736 0.7342995169082125
37 40 1102 0.7445945945945945
10 16 160 1.0
46 54 1818 0.7318840579710145
61 59 2273 0.631564323423173
50 51 1730 0.6784313725490196
19 20 335 0.881578947368421
45 57 1935 0.7543859649122807
27 29 630 0.8045977011494252
50 70 2680 0.7657142857142857
43 49 1546 0.7337446606549597
5 5 25 1.0
42 56 1824 0.7755102040816327
24 29 591 0.8491379310344828
16 18 267 0.9270833333333334
51 49 1638 0.6554621848739496
49 61 2209 0.7390431582469054
16 21 315 0.9375
42 43 1278 0.707641196013289
20 29 525 0.9051724137931034
42 53 1698 0.7628032345013478
42 45 1362 0.7206349206349206
100 100 5905 0.5905
36 44 1233 0.7784090909090909
32 36 899 0.7803819444444444
43 49 1546 0.7337446606549597
17 18 278 0.9084967320261437
40 45 1335 0.7416666666666667
14 12 158 0.9404761904761906
66 73 3222 0.6687422166874222
13 16 202 0.9711538461538461
13 12 150 0.9615384615384616
32 34 835 0.7674632352941176
29 45 1115 0.8544061302681993
24 23 447 0.8097826086956522
9 7 63 1.0
17 17 261 0.9031141868512111
6 10 60 1.0
30 36 870 0.8055555555555556
21 20 354 0.8428571428571429
18 29 486 0.9310344827586207
27 33 738 0.8282828282828283
10 13 130 1.0
25 32 680 0.85
38 38 1038 0.7188365650969528
30 39 960 0.8205128205128205
25 28 580 0.8285714285714285
43 71 2492 0.8162463150999018
10 12 120 1.0
43 56 1847 0.7670265780730897
7 6 42 1.0
20 25 445 0.89
48 44 1371 0.6491477272727273
32 35 867 0.7741071428571429
44 51 1649 0.7348484848484849
22 25 472 0.8581818181818182
21 17 291 0.8151260504201681
19 23 392 0.897025171624714
22 27 516 0.8686868686868686
25 32 680 0.85
35 45 1250 0.7936507936507937
9 7 63 1.0
16 20 299 0.934375
21 29 543 0.8916256157635468
19 21 354 0.887218045112782
19 19 316 0.8753462603878116
44 51 1649 0.7348484848484849
40 36 975 0.6770833333333334
17 23 363 0.928388746803069
35 44 1215 0.788961038961039
27 41 954 0.8617886178861789
30 43 1080 0.8372093023255814
18 22 360 0.9090909090909091
8 6 48 1.0
48 51 1707 0.6973039215686274
32 32 771 0.7529296875
79 84 4221 0.6360759493670886
64 69 2931 0.6637228260869565
9 15 135 1.0
39 46 1359 0.7575250836120402
46 54 1818 0.7318840579710145
42 43 1278 0.707641196013289
55 76 3145 0.7523923444976076
25 27 555 0.8222222222222222
103 100 5929 0.575631067961165
70 100 5170 0.7385714285714287
30 34 810 0.7941176470588235
5 5 25 1.0
50 51 1730 0.6784313725490196
3 3 9 1.0
15 15 210 0.9333333333333333
15 8 105 0.875
48 52 1755 0.703125
11 17 186 0.9946524064171124
42 56 1824 0.7755102040816327
18 23 378 0.9130434782608695
10 15 150 1.0
12 15 177 0.9833333333333333
46 62 2186 0.7664796633941093
22 23 428 0.8458498023715414
20 25 445 0.89
13 21 267 0.9780219780219781
27 35 792 0.8380952380952381
16 27 411 0.9513888888888888
30 35 840 0.8
20 27 485 0.8981481481481481
17 26 414 0.9366515837104072
25 22 430 0.7818181818181817
43 60 2019 0.7825581395348837
12 13 153 0.9807692307692307
42 40 1152 0.6857142857142857
66 80 3684 0.6977272727272728
18 19 306 0.8947368421052632
28 42 1005 0.854591836734694
14 21 284 0.9659863945578231
14 20 270 0.9642857142857142
19 29 506 0.9183303085299456
31 44 1133 0.8306451612903225
43 56 1847 0.7670265780730897
31 26 575 0.7133995037220843
15 20 285 0.95
24 26 519 0.8317307692307693
45 49 1575 0.7142857142857143
51 66 2505 0.7442067736185383
14 9 116 0.9206349206349207
64 67 2803 0.6536847014925373
45 73 2655 0.8082191780821918
22 36 714 0.9015151515151515
26 36 800 0.8547008547008548
35 42 1145 0.7789115646258503
31 33 792 0.7741935483870968
51 60 2199 0.7186274509803922
35 32 795 0.7098214285714286
26 38 852 0.8623481781376517
39 60 1905 0.8141025641025641
42 52 1656 0.7582417582417583
50 68 2580 0.7588235294117647
13 20 254 0.976923076923077
7 10 70 1.0
34 43 1162 0.7948016415868674
22 34 670 0.8957219251336898
30 38 930 0.8157894736842105
29 33 767 0.8014629049111808
21 32 606 0.9017857142857143
22 22 406 0.8388429752066116
9 7 63 1.0
48 71 2667 0.7825704225352113
30 38 930 0.8157894736842105
42 50 1572 0.7485714285714287
16 20 299 0.934375
29 37 883 0.8229263746505125
18 20 324 0.9
7 12 84 1.0
40 53 1655 0.7806603773584906
10 9 90 1.0
73 88 4408 0.6861768368617684
73 96 4992 0.7123287671232877
53 81 3347 0.7796412764966224
63 89 4176 0.7447833065810595
44 49 1561 0.724025974025974
32 53 1443 0.8508254716981132
15 17 240 0.9411764705882353
28 26 557 0.7651098901098901
8 8 64 1.0
39 53 1632 0.7895500725689405
86 100 5674 0.6597674418604652
31 41 1040 0.8182533438237608
101 100 5914 0.5855445544554455
39 47 1398 0.7626841243862521
106 100 5944 0.560754716981132
57 70 2862 0.7172932330827068
25 33 705 0.8545454545454545
42 64 2160 0.8035714285714286
25 26 530 0.8153846153846154
19 20 335 0.881578947368421
50 55 1930 0.7018181818181819
18 21 342 0.9047619047619048
41 40 1144 0.697560975609756
27 27 576 0.7901234567901234
36 52 1521 0.8125
16 19 283 0.930921052631579
32 33 803 0.7604166666666666
34 42 1128 0.7899159663865547
11 10 109 0.9909090909090909
30 35 840 0.8
54 64 2466 0.7135416666666666
31 30 699 0.7516129032258064
26 26 540 0.7988165680473374
14 25 340 0.9714285714285714
28 32 725 0.8091517857142857
26 41 930 0.8724202626641651
19 22 373 0.8923444976076556
31 45 1164 0.8344086021505376
24 34 711 0.8713235294117647
12 11 129 0.9772727272727273
32 37 931 0.7863175675675675
43 51 1632 0.744186046511628
30 41 1020 0.8292682926829268
14 20 270 0.9642857142857142
16 19 283 0.930921052631579
37 43 1213 0.7624135763670647
9 16 144 1.0
78 82 4050 0.6332082551594747
74 96 5024 0.7072072072072072
40 49 1495 0.7627551020408163
23 22 415 0.8201581027667985
19 28 487 0.9154135338345865
41 57 1841 0.7877620881471973
11 23 252 0.9960474308300395
57 73 3033 0.7289113193943764
14 19 256 0.9624060150375939
22 24 450 0.8522727272727272
55 87 3750 0.7836990595611286
96 100 5859 0.6103125
63 82 3735 0.7229965156794425
12 10 117 0.975
48 59 2091 0.7383474576271186
24 33 687 0.8674242424242424
40 56 1775 0.7924107142857143
21 22 396 0.8571428571428572
13 16 202 0.9711538461538461
55 53 1880 0.6449399656946826
77 87 4421 0.6599492461561427
24 22 423 0.8011363636363636
35 42 1145 0.7789115646258503
77 44 1386 0.4090909090909091
31 33 792 0.7741935483870968
37 43 1213 0.7624135763670647
10 13 130 1.0
54 69 2736 0.7342995169082125
27 28 603 0.7976190476190476
36 49 1413 0.8010204081632653
33 48 1308 0.8257575757575757
24 28 567 0.84375
37 70 2212 0.854054054054054
13 20 254 0.976923076923077
41 40 1144 0.697560975609756
43 58 1933 0.7750601443464314
11 10 109 0.9909090909090909
51 66 2505 0.7442067736185383
36 39 1053 0.75
23 24 461 0.8351449275362319
16 26 395 0.9495192307692307
32 32 771 0.7529296875
49 52 1768 0.6938775510204083
22 26 494 0.8636363636363635
38 57 1760 0.8125577100646353
33 34 846 0.7540106951871658
27 39 900 0.8547008547008548
43 43 1288 0.6965927528393726
36 43 1197 0.7732558139534884
17 14 210 0.8823529411764707
45 69 2475 0.7971014492753623
59 73 3082 0.7155792895286742
13 10 124 0.9538461538461538
10 11 110 1.0
46 69 2508 0.7901701323251418
10 17 170 1.0
31 43 1102 0.8267066766691673
49 82 3238 0.805873568939771
13 18 228 0.9743589743589745
9 10 90 1.0
96 98 5667 0.6023596938775511
62 77 3396 0.7113531629660662
29 41 999 0.8402018502943651
57 78 3318 0.7462887989203778
28 26 557 0.7651098901098901
28 27 585 0.7738095238095238
31 44 1133 0.8306451612903225
15 15 210 0.9333333333333333
62 70 2962 0.6824884792626728
51 54 1893 0.6873638344226579
21 24 438 0.8690476190476191
13 15 189 0.9692307692307692
32 46 1219 0.828125
33 41 1077 0.7960088691796008
31 32 761 0.7671370967741935
18 30 504 0.9333333333333333
21 24 438 0.8690476190476191
19 35 620 0.9323308270676691
16 15 219 0.9125
27 29 630 0.8045977011494252
17 18 278 0.9084967320261437
54 50 1710 0.6333333333333333
25 33 705 0.8545454545454545
14 14 186 0.9489795918367347
22 27 516 0.8686868686868686
84 100 5625 0.6696428571428571
44 55 1825 0.7541322314049587
61 79 3493 0.7248391782527495
13 13 163 0.9644970414201184
51 62 2301 0.7277039848197343
43 51 1632 0.744186046511628
21 27 501 0.8835978835978836
27 35 792 0.8380952380952381
35 43 1180 0.7840531561461794
77 87 4421 0.6599492461561427
54 69 2736 0.7342995169082125
33 40 1044 0.7909090909090909
17 23 363 0.928388746803069
37 37 991 0.7238860482103725
6 11 66 1.0
62 89 4140 0.750271837622327
39 54 1671 0.7934472934472935
27 42 981 0.8650793650793651
48 59 2091 0.7383474576271186
15 23 330 0.9565217391304348
17 21 329 0.9215686274509803
64 90 4275 0.7421875
61 77 3371 0.717692143921652
65 99 4895 0.7606837606837606
18 23 378 0.9130434782608695
31 53 1412 0.8594035301278149
42 56 1824 0.7755102040816327
30 39 960 0.8205128205128205
26 39 878 0.8658777120315582
55 65 2540 0.7104895104895105
23 37 760 0.8930669800235017
23 27 530 0.8534621578099839
63 71 3042 0.6800804828973843
30 43 1080 0.8372093023255814
19 28 487 0.9154135338345865
41 66 2210 0.8167036215816704
20 33 605 0.9166666666666666
23 34 691 0.8836317135549873
14 19 256 0.9624060150375939
42 56 1824 0.7755102040816327
20 36 665 0.9236111111111112
12 21 249 0.9880952380952381
11 20 219 0.9954545454545455
18 14 216 0.8571428571428571
66 91 4410 0.7342657342657342
41 50 1554 0.758048780487805
44 55 1825 0.7541322314049587
24 20 375 0.78125
61 76 3310 0.7139775668679896
52 78 3153 0.7773668639053255
31 45 1164 0.8344086021505376
34 39 1026 0.7737556561085973
32 40 1027 0.80234375
21 28 522 0.8877551020408163
22 17 296 0.7914438502673797
50 65 2430 0.7476923076923078
38 60 1874 0.8219298245614035
56 76 3175 0.7460056390977443
94 100 5830 0.6202127659574468
93 82 4141 0.543010752688172
27 38 873 0.8508771929824562
19 16 259 0.8519736842105263
12 15 177 0.9833333333333333
34 41 1094 0.7847919655667146
54 67 2628 0.72636815920398
51 73 2862 0.7687348912167606
20 18 305 0.8472222222222222
22 21 384 0.8311688311688311
42 59 1950 0.7869249394673123
12 13 153 0.9807692307692307
25 37 805 0.8702702702702704
26 34 748 0.8461538461538461
10 11 110 1.0
16 19 283 0.930921052631579
55 69 2760 0.7272727272727273
28 41 977 0.8510452961672474
14 21 284 0.9659863945578231
12 18 213 0.9861111111111112
16 29 443 0.9547413793103449
24 35 735 0.875
11 20 219 0.9954545454545455
33 35 879 0.7610389610389611
23 29 576 0.863568215892054
8 12 96 1.0
27 31 684 0.8172043010752688
21 33 627 0.9047619047619048
26 38 852 0.8623481781376517
23 31 622 0.8723702664796634
24 34 711 0.8713235294117647
20 34 625 0.9191176470588235
21 27 501 0.8835978835978836
16 13 187 0.8990384615384616
67 67 2836 0.6317665404321675
68 91 4477 0.7234970911441501
15 16 225 0.9375
25 28 580 0.8285714285714285
17 19 295 0.9133126934984519
30 33 780 0.7878787878787878
21 14 228 0.7755102040816327
24 34 711 0.8713235294117647
22 20 362 0.8227272727272726
19 19 316 0.8753462603878116
6 13 78 1.0
75 76 3555 0.6236842105263157
35 39 1040 0.761904761904762
42 63 2118 0.8004535147392291
24 34 711 0.8713235294117647
35 42 1145 0.7789115646258503
52 56 2009 0.6899038461538461
45 56 1890 0.75
53 67 2605 0.7335961700929315
35 34 865 0.7268907563025211
15 18 255 0.9444444444444444
29 34 796 0.8073022312373225
40 46 1375 0.7472826086956522
44 50 1605 0.7295454545454545
37 38 1028 0.7311522048364153
34 41 1094 0.7847919655667146
32 37 931 0.7863175675675675
17 23 363 0.928388746803069
13 14 176 0.967032967032967
19 27 468 0.912280701754386
20 21 365 0.8690476190476191
24 36 759 0.8784722222222222
66 85 4014 0.7155080213903744
30 40 990 0.825
19 22 373 0.8923444976076556
28 31 697 0.8029953917050691
37 37 991 0.7238860482103725
52 58 2113 0.7005968169761274
13 20 254 0.976923076923077
28 32 725 0.8091517857142857
27 30 657 0.8111111111111111
13 14 176 0.967032967032967
61 62 2456 0.6493918561607614
15 18 255 0.9444444444444444
26 29 618 0.8196286472148542
16 16 235 0.91796875
31 37 916 0.7986050566695727
89 81 4049 0.561659037314468
41 31 775 0.6097560975609756
24 30 615 0.8541666666666666
41 58 1882 0.791421362489487
47 64 2305 0.7662898936170213
15 21 300 0.9523809523809523
32 45 1187 0.8243055555555555
38 48 1418 0.7774122807017544
19 23 392 0.897025171624714
34 36 924 0.7549019607843137
51 54 1893 0.6873638344226579
28 27 585 0.7738095238095238
16 13 187 0.8990384615384616
17 19 295 0.9133126934984519
22 19 340 0.8133971291866029
22 26 494 0.8636363636363635
34 45 1230 0.803921568627451
58 75 3174 0.7296551724137931
