15 21 210 0.6666666666666666
4 9 30 0.8333333333333334
41 32 528 0.4024390243902439
38 36 666 0.4868421052631579
29 29 435 0.5172413793103449
30 15 120 0.26666666666666666
26 28 403 0.5535714285714286
33 11 66 0.18181818181818182
27 25 325 0.48148148148148145
24 25 324 0.54
19 25 304 0.64
38 23 276 0.31578947368421056
32 36 656 0.5694444444444444
10 14 95 0.6785714285714286
6 9 39 0.7222222222222222
49 59 1715 0.5932203389830508
34 26 351 0.3970588235294118
50 56 1575 0.5625
28 42 798 0.6785714285714286
36 44 954 0.6022727272727273
43 44 989 0.5227272727272727
28 28 406 0.5178571428571429
48 47 1128 0.5
13 25 247 0.76
8 9 44 0.6111111111111112
37 44 962 0.5909090909090909
48 41 861 0.4375
21 22 252 0.5454545454545454
42 32 528 0.39285714285714285
18 18 171 0.5277777777777778
34 43 901 0.6162790697674418
19 23 266 0.6086956521739131
38 41 855 0.5487804878048781
39 32 528 0.4230769230769231
15 16 135 0.5625
4 9 30 0.8333333333333334
74 67 2278 0.45945945945945943
35 46 1015 0.6304347826086957
47 53 1410 0.5660377358490566
36 32 528 0.4583333333333333
51 13 91 0.13725490196078433
32 19 190 0.3125
36 27 378 0.3888888888888889
23 21 231 0.47826086956521735
13 26 260 0.7692307692307693
4 9 30 0.8333333333333334
14 16 133 0.59375
32 39 752 0.6025641025641025
41 27 378 0.3414634146341463
27 14 105 0.2777777777777778
27 34 567 0.6176470588235294
31 34 589 0.5588235294117647
43 36 666 0.4302325581395349
40 41 860 0.524390243902439
60 60 1830 0.5083333333333333
27 30 459 0.5666666666666667
34 44 935 0.625
16 16 136 0.53125
19 19 190 0.5263157894736842
33 45 957 0.6444444444444445
30 31 495 0.532258064516129
35 37 700 0.5405405405405406
13 20 182 0.7
52 61 1846 0.5819672131147541
59 76 2773 0.618421052631579
28 37 658 0.6351351351351351
40 52 1300 0.625
58 68 2291 0.5808823529411765
42 54 1407 0.6203703703703703
53 61 1855 0.5737704918032787
38 42 893 0.5595238095238095
21 25 315 0.6
40 48 1140 0.59375
41 50 1230 0.6
55 63 1980 0.5714285714285714
27 33 540 0.6060606060606061
100 92 4278 0.465
10 10 55 0.55
23 27 368 0.5925925925925926
6 12 57 0.7916666666666666
32 38 720 0.5921052631578947
20 35 510 0.7285714285714285
21 26 336 0.6153846153846154
20 25 310 0.62
25 34 550 0.6470588235294118
17 3 6 0.11764705882352942
60 72 2550 0.5902777777777778
34 43 901 0.6162790697674418
21 29 399 0.6551724137931034
24 28 396 0.5892857142857143
29 25 325 0.4482758620689655
52 50 1275 0.4903846153846154
46 63 1863 0.6428571428571429
33 41 825 0.6097560975609756
18 4 10 0.1388888888888889
50 59 1725 0.5847457627118644
24 27 372 0.5740740740740741
22 27 363 0.6111111111111112
28 39 714 0.6538461538461539
43 45 1032 0.5333333333333333
15 27 300 0.7407407407407407
52 79 2782 0.6772151898734177
23 24 299 0.5416666666666666
33 37 693 0.5675675675675675
42 1 1 0.023809523809523808
42 49 1197 0.5816326530612245
30 9 45 0.16666666666666666
32 11 66 0.1875
33 12 78 0.196969696969697
34 44 935 0.625
53 54 1484 0.5185185185185185
30 33 555 0.5606060606060606
56 63 1988 0.5634920634920635
6 11 51 0.7727272727272727
95 95 4560 0.5052631578947369
33 42 858 0.6190476190476191
53 61 1855 0.5737704918032787
52 60 1794 0.575
24 35 564 0.6714285714285714
76 91 4066 0.5879120879120879
56 68 2268 0.5955882352941176
53 74 2544 0.6486486486486487
47 52 1363 0.5576923076923077
28 40 742 0.6625
22 25 319 0.58
41 56 1476 0.6428571428571429
40 66 1860 0.7045454545454546
23 35 552 0.6857142857142857
27 34 567 0.6176470588235294
11 12 77 0.5833333333333334
58 78 2871 0.6346153846153846
28 34 574 0.6029411764705882
19 25 304 0.64
72 61 1891 0.4305555555555556
35 22 253 0.32857142857142857
48 55 1512 0.5727272727272728
30 38 705 0.618421052631579
77 71 2556 0.4675324675324676
40 51 1260 0.6176470588235294
61 64 2074 0.53125
10 15 105 0.7
28 36 630 0.625
24 29 420 0.603448275862069
26 38 663 0.6710526315789473
38 42 893 0.5595238095238095
21 28 378 0.6428571428571429
20 20 210 0.525
47 48 1175 0.5208333333333334
24 24 300 0.5208333333333334
45 55 1485 0.6
24 1 1 0.041666666666666664
26 29 429 0.5689655172413793
15 13 91 0.4666666666666667
18 19 189 0.5526315789473685
8 14 84 0.75
44 42 903 0.48863636363636365
38 40 817 0.5375
34 26 351 0.3970588235294118
36 14 105 0.20833333333333331
29 28 406 0.5
19 26 323 0.6538461538461539
17 3 6 0.11764705882352942
59 58 1711 0.5
39 44 975 0.5681818181818182
27 28 405 0.5357142857142857
35 48 1085 0.6458333333333334
43 50 1247 0.58
14 16 133 0.59375
51 69 2244 0.6376811594202898
30 32 525 0.546875
16 19 184 0.6052631578947368
98 93 4371 0.47959183673469385
54 65 2079 0.5923076923076923
37 44 962 0.5909090909090909
10 11 65 0.5909090909090909
46 44 990 0.48913043478260865
61 73 2623 0.589041095890411
50 50 1275 0.51
19 22 247 0.5909090909090909
45 54 1440 0.5925925925925926
27 26 351 0.5
50 57 1625 0.5701754385964912
43 56 1505 0.625
5 4 10 0.5
42 50 1239 0.59
24 29 420 0.603448275862069
16 24 264 0.6875
51 24 300 0.2450980392156863
49 64 1960 0.625
16 4 10 0.15625
42 53 1365 0.6132075471698113
20 24 290 0.6041666666666666
42 49 1197 0.5816326530612245
42 46 1071 0.5543478260869565
100 75 2850 0.38
36 32 528 0.4583333333333333
32 31 496 0.5
43 41 861 0.4883720930232558
17 23 255 0.6521739130434783
40 45 1020 0.5666666666666667
14 16 133 0.59375
66 66 2211 0.5075757575757576
13 15 117 0.6
13 14 104 0.5714285714285714
32 23 276 0.375
29 42 812 0.6666666666666666
24 27 372 0.5740740740740741
9 9 45 0.5555555555555556
17 19 187 0.5789473684210527
6 9 39 0.7222222222222222
30 37 675 0.6081081081081081
21 29 399 0.6551724137931034
18 25 297 0.66
27 31 486 0.5806451612903226
10 6 21 0.35000000000000003
25 27 375 0.5555555555555556
38 40 817 0.5375
30 41 795 0.6463414634146342
25 13 91 0.28
43 45 1032 0.5333333333333333
10 23 185 0.8043478260869565
43 46 1075 0.5434782608695652
7 12 63 0.75
20 23 270 0.5869565217391305
48 49 1224 0.5204081632653061
32 44 912 0.6477272727272727
44 50 1254 0.57
22 20 210 0.47727272727272724
21 21 231 0.5238095238095238
19 24 285 0.625
22 13 91 0.31818181818181823
25 36 600 0.6666666666666666
35 42 875 0.5952380952380952
9 16 108 0.75
16 13 91 0.4375
21 32 462 0.6875
19 18 171 0.5
19 23 266 0.6086956521739131
44 32 528 0.375
40 13 91 0.175
17 8 36 0.2647058823529412
35 13 91 0.2
27 44 837 0.7045454545454546
30 42 825 0.6547619047619048
18 22 243 0.6136363636363636
8 10 52 0.65
48 57 1608 0.5877192982456141
32 40 784 0.6125
79 88 3871 0.5568181818181818
64 69 2400 0.5434782608695652
9 9 45 0.5555555555555556
39 43 936 0.5581395348837209
46 52 1357 0.5673076923076923
42 44 987 0.5340909090909091
55 57 1650 0.5263157894736842
25 24 300 0.5
103 90 4095 0.441747572815534
70 86 3605 0.5988372093023255
30 32 525 0.546875
5 4 10 0.5
50 67 2125 0.6343283582089553
3 3 6 0.6666666666666666
15 14 105 0.5
15 3 6 0.13333333333333333
48 57 1608 0.5877192982456141
11 12 77 0.5833333333333334
42 62 1743 0.6693548387096774
18 17 153 0.5
10 11 65 0.5909090909090909
12 13 90 0.5769230769230769
46 64 1909 0.6484375
22 25 319 0.58
20 26 330 0.6346153846153846
13 20 182 0.7
27 32 513 0.59375
16 26 296 0.7115384615384616
30 36 645 0.5972222222222222
20 30 410 0.6833333333333333
17 27 323 0.7037037037037037
25 28 400 0.5714285714285714
43 40 820 0.4767441860465116
12 15 114 0.6333333333333333
42 45 1029 0.5444444444444444
66 79 3069 0.5886075949367089
18 13 91 0.3888888888888889
28 38 686 0.6447368421052632
14 13 91 0.5
14 21 203 0.6904761904761905
19 23 266 0.6086956521739131
31 40 775 0.625
43 50 1247 0.58
31 34 589 0.5588235294117647
15 26 285 0.7307692307692307
24 25 324 0.54
45 48 1170 0.5416666666666666
51 61 1836 0.5901639344262295
14 3 6 0.14285714285714285
64 85 3424 0.6294117647058823
45 56 1530 0.6071428571428571
22 31 451 0.6612903225806451
26 36 611 0.6527777777777778
35 37 700 0.5405405405405406
31 33 558 0.5454545454545454
51 64 1989 0.609375
35 55 1330 0.6909090909090909
26 37 637 0.6621621621621622
39 49 1170 0.6122448979591837
42 51 1281 0.5980392156862745
50 67 2125 0.6343283582089553
13 20 182 0.7
7 12 63 0.75
34 39 765 0.5769230769230769
22 21 231 0.5
30 40 765 0.6375
29 28 406 0.5
21 34 504 0.7058823529411765
22 24 297 0.5625
9 15 99 0.7333333333333333
48 55 1512 0.5727272727272728
30 39 735 0.6282051282051282
42 42 903 0.5119047619047619
16 14 105 0.46875
29 12 78 0.22413793103448276
18 22 243 0.6136363636363636
7 8 35 0.625
40 55 1420 0.6454545454545455
10 11 65 0.5909090909090909
73 12 78 0.08904109589041097
73 31 496 0.2191780821917808
53 20 210 0.19811320754716982
63 14 105 0.11904761904761905
44 40 820 0.46590909090909094
32 30 465 0.484375
15 19 180 0.631578947368421
28 25 325 0.4642857142857143
8 10 52 0.65
39 47 1092 0.5957446808510638
86 65 2145 0.3837209302325581
31 33 558 0.5454545454545454
101 83 3486 0.4158415841584158
39 49 1170 0.6122448979591837
106 99 4950 0.4716981132075471
57 79 2907 0.6455696202531646
25 23 276 0.48
42 53 1365 0.6132075471698113
25 25 325 0.52
19 19 190 0.5263157894736842
50 53 1425 0.5377358490566038
18 19 189 0.5526315789473685
41 38 741 0.475609756097561
27 29 432 0.5517241379310345
36 50 1170 0.65
16 21 216 0.6428571428571429
32 33 560 0.5303030303030303
34 42 867 0.6071428571428571
11 10 55 0.5
30 37 675 0.6081081081081081
54 27 378 0.25925925925925924
31 39 744 0.6153846153846154
26 27 377 0.5370370370370371
14 19 175 0.6578947368421053
28 31 490 0.5645161290322581
26 35 585 0.6428571428571429
19 28 361 0.6785714285714286
31 40 775 0.625
24 31 468 0.6290322580645161
12 15 114 0.6333333333333333
32 39 752 0.6025641025641025
43 50 1247 0.58
30 32 525 0.546875
14 19 175 0.6578947368421053
16 18 168 0.5833333333333334
37 46 1036 0.6086956521739131
9 12 72 0.6666666666666666
78 91 4095 0.5769230769230769
74 93 4181 0.6075268817204301
40 55 1420 0.6454545454545455
23 12 78 0.2826086956521739
19 21 228 0.5714285714285714
41 48 1148 0.5833333333333334
11 16 121 0.6875
57 62 1938 0.5483870967741935
14 14 105 0.5357142857142857
22 22 253 0.5227272727272727
55 88 3355 0.6931818181818182
96 95 4560 0.5
63 58 1711 0.46825396825396826
12 17 138 0.6764705882352942
48 52 1368 0.5480769230769231
24 33 516 0.6515151515151515
40 44 980 0.5568181818181818
21 24 294 0.5833333333333334
13 23 221 0.7391304347826086
55 62 1925 0.5645161290322581
77 92 4158 0.5869565217391305
24 33 516 0.6515151515151515
35 52 1225 0.6730769230769231
77 76 2926 0.5
31 44 899 0.6590909090909091
37 40 814 0.55
10 11 65 0.5909090909090909
54 71 2403 0.6267605633802817
27 22 253 0.42592592592592593
36 49 1134 0.6428571428571429
33 32 528 0.5
24 26 348 0.5576923076923077
37 53 1295 0.660377358490566
13 15 117 0.6
41 48 1148 0.5833333333333334
43 40 820 0.4767441860465116
11 14 99 0.6428571428571429
51 50 1275 0.5
36 44 954 0.6022727272727273
23 27 368 0.5925925925925926
16 21 216 0.6428571428571429
32 33 560 0.5303030303030303
49 49 1225 0.5102040816326531
22 18 171 0.4318181818181818
38 54 1349 0.6574074074074074
33 38 726 0.5789473684210527
27 17 153 0.33333333333333337
43 47 1118 0.5531914893617021
36 44 954 0.6022727272727273
17 11 66 0.35294117647058826
45 51 1305 0.5686274509803921
59 65 2124 0.5538461538461539
13 12 78 0.5
10 13 85 0.6538461538461539
46 69 2139 0.6739130434782609
10 14 95 0.6785714285714286
31 30 465 0.5
49 60 1764 0.6
13 12 78 0.5
9 9 45 0.5555555555555556
96 96 4656 0.5052083333333334
62 22 253 0.18548387096774197
29 26 351 0.4655172413793104
57 78 2850 0.6410256410256411
28 26 351 0.48214285714285715
28 35 602 0.6142857142857143
31 45 930 0.6666666666666666
15 17 150 0.5882352941176471
62 72 2573 0.5763888888888888
51 62 1887 0.5967741935483871
21 23 273 0.5652173913043478
13 14 104 0.5714285714285714
32 43 880 0.6395348837209303
33 35 627 0.5428571428571428
31 31 496 0.5161290322580645
18 23 261 0.6304347826086957
21 24 294 0.5833333333333334
19 30 399 0.7
16 16 136 0.53125
27 23 276 0.4444444444444444
17 21 221 0.6190476190476191
54 57 1647 0.5350877192982456
25 22 253 0.45999999999999996
14 28 301 0.7678571428571429
22 27 363 0.6111111111111112
84 87 3822 0.5229885057471264
44 51 1298 0.5784313725490197
61 64 2074 0.53125
13 21 195 0.7142857142857143
51 54 1479 0.5370370370370371
43 46 1075 0.5434782608695652
21 34 504 0.7058823529411765
27 33 540 0.6060606060606061
35 35 630 0.5142857142857142
77 77 3003 0.5064935064935064
54 74 2565 0.6418918918918919
33 41 825 0.6097560975609756
17 20 204 0.6
37 54 1332 0.6666666666666666
6 9 39 0.7222222222222222
62 83 3255 0.6325301204819277
39 64 1755 0.703125
27 37 648 0.6486486486486487
48 49 1224 0.5204081632653061
15 23 240 0.6956521739130435
17 35 459 0.7714285714285715
64 86 3488 0.6337209302325582
61 79 2989 0.620253164556962
65 91 3835 0.6483516483516484
18 22 243 0.6136363636363636
31 42 837 0.6428571428571429
42 56 1491 0.6339285714285714
30 36 645 0.5972222222222222
26 34 559 0.6323529411764706
55 76 2695 0.6447368421052632
23 35 552 0.6857142857142857
23 31 460 0.6451612903225806
63 72 2583 0.5694444444444444
30 44 885 0.6704545454545454
19 29 380 0.6896551724137931
41 63 1763 0.6825396825396826
20 23 270 0.5869565217391305
23 34 529 0.6764705882352942
14 21 203 0.6904761904761905
42 54 1407 0.6203703703703703
20 38 570 0.75
12 21 186 0.7380952380952381
11 14 99 0.6428571428571429
18 23 261 0.6304347826086957
66 74 2739 0.5608108108108109
41 56 1476 0.6428571428571429
44 53 1386 0.5943396226415094
24 13 91 0.29166666666666663
61 72 2562 0.5833333333333334
52 72 2418 0.6458333333333334
31 39 744 0.6153846153846154
34 38 731 0.5657894736842105
32 36 656 0.5694444444444444
21 27 357 0.6296296296296297
22 11 66 0.2727272727272727
50 73 2425 0.6643835616438356
38 52 1273 0.6442307692307693
56 75 2660 0.6333333333333333
94 96 4653 0.515625
93 86 3741 0.467741935483871
27 36 621 0.6388888888888888
19 20 209 0.55
12 14 102 0.6071428571428571
34 36 663 0.5416666666666666
54 63 1971 0.5793650793650794
51 56 1581 0.5535714285714286
20 22 250 0.5681818181818182
22 27 363 0.6111111111111112
42 54 1407 0.6203703703703703
12 8 36 0.375
25 19 190 0.39999999999999997
26 30 455 0.5833333333333334
10 14 95 0.6785714285714286
16 30 360 0.75
55 80 2915 0.6625
28 42 798 0.6785714285714286
14 18 161 0.6388888888888888
12 9 45 0.4166666666666667
16 13 91 0.4375
24 30 444 0.6166666666666667
11 15 110 0.6666666666666666
33 53 1221 0.6981132075471698
23 28 391 0.6071428571428571
8 19 124 0.8157894736842105
27 34 567 0.6176470588235294
21 24 294 0.5833333333333334
26 33 533 0.6212121212121212
23 16 136 0.3695652173913043
24 29 420 0.603448275862069
20 30 410 0.6833333333333333
21 38 588 0.7368421052631579
16 10 55 0.34375
67 60 1830 0.4552238805970149
68 38 741 0.2867647058823529
15 16 135 0.5625
25 25 325 0.52
17 20 204 0.6
30 34 585 0.5735294117647058
21 22 252 0.5454545454545454
24 23 276 0.5
22 6 21 0.1590909090909091
19 17 153 0.47368421052631576
6 9 39 0.7222222222222222
75 68 2346 0.46
35 11 66 0.17142857142857143
42 32 528 0.39285714285714285
24 14 105 0.3125
35 44 945 0.6136363636363636
52 59 1742 0.5677966101694916
45 19 190 0.22222222222222224
53 65 2067 0.6
35 35 630 0.5142857142857142
15 14 105 0.5
29 32 522 0.5625
40 38 741 0.4875
44 49 1210 0.5612244897959183
37 15 120 0.21621621621621623
34 35 629 0.5285714285714286
32 28 406 0.453125
17 17 153 0.5294117647058824
13 23 221 0.7391304347826086
19 33 456 0.7272727272727273
20 19 190 0.5
24 31 468 0.6290322580645161
66 61 1891 0.4696969696969697
30 42 825 0.6547619047619048
19 24 285 0.625
28 26 351 0.48214285714285715
37 45 999 0.6
52 52 1378 0.5096153846153846
13 18 156 0.6666666666666666
28 28 406 0.5178571428571429
27 24 300 0.46296296296296297
13 13 91 0.5384615384615384
61 67 2257 0.5522388059701493
15 16 135 0.5625
26 28 403 0.5535714285714286
16 4 10 0.15625
31 45 930 0.6666666666666666
89 82 3403 0.4662921348314607
41 20 210 0.25609756097560976
24 26 348 0.5576923076923077
41 52 1312 0.6153846153846154
47 14 105 0.15957446808510636
15 19 180 0.631578947368421
32 40 784 0.6125
38 31 496 0.42105263157894735
19 9 45 0.2631578947368421
34 36 663 0.5416666666666666
51 45 1035 0.4509803921568627
28 31 490 0.5645161290322581
16 16 136 0.53125
17 16 136 0.5
22 4 10 0.11363636363636363
22 30 429 0.65
34 50 1139 0.67
58 75 2697 0.62
