15 24 269 0.7472222222222222
4 9 33 0.9166666666666666
41 19 209 0.2682926829268293
38 31 527 0.4473684210526316
29 28 434 0.5344827586206896
30 25 350 0.4666666666666666
26 22 275 0.4807692307692308
33 31 527 0.5151515151515151
27 31 512 0.6117084826762246
24 25 347 0.5783333333333334
19 16 152 0.5
38 17 170 0.2631578947368421
32 23 299 0.40625
10 13 94 0.7230769230769231
6 4 14 0.5833333333333334
49 47 1175 0.5102040816326531
34 24 324 0.39705882352941174
50 49 1274 0.52
28 39 741 0.6785714285714286
36 47 1097 0.6483451536643026
43 45 1074 0.5550387596899226
28 26 377 0.5178571428571428
48 41 902 0.45833333333333337
13 6 27 0.3461538461538462
8 7 35 0.625
37 8 44 0.14864864864864866
48 43 989 0.4791666666666667
21 20 230 0.5476190476190477
42 41 902 0.5238095238095237
18 20 224 0.6222222222222222
34 37 730 0.5802861685214626
19 13 104 0.4210526315789474
38 37 740 0.5263157894736842
39 35 665 0.48717948717948717
15 16 149 0.6208333333333333
4 7 25 0.8928571428571429
74 36 702 0.2635135135135135
35 25 350 0.4
47 46 1127 0.5212765957446809
36 14 119 0.2361111111111111
51 16 152 0.18627450980392157
32 29 464 0.5
36 36 701 0.5408950617283951
23 17 170 0.43478260869565216
13 15 129 0.6615384615384615
4 9 33 0.9166666666666666
14 13 104 0.5714285714285714
32 29 464 0.5
41 22 275 0.3048780487804878
27 13 104 0.2962962962962963
27 32 539 0.6238425925925926
31 38 743 0.6307300509337861
43 39 819 0.4883720930232558
40 47 1139 0.6058510638297873
60 30 495 0.275
27 28 431 0.5701058201058201
34 22 275 0.3676470588235294
16 14 119 0.53125
19 19 208 0.5761772853185596
33 37 725 0.5937755937755937
30 24 324 0.45
35 33 594 0.5142857142857142
13 18 168 0.717948717948718
52 70 2365 0.6497252747252747
59 76 2831 0.6313559322033898
28 35 629 0.6418367346938776
40 50 1259 0.6295000000000001
58 78 2928 0.6472148541114059
42 50 1280 0.6095238095238095
53 49 1274 0.490566037735849
38 36 702 0.513157894736842
21 23 293 0.6066252587991718
40 42 939 0.5589285714285714
41 48 1188 0.6036585365853658
55 64 2089 0.5934659090909091
27 34 593 0.6459694989106753
100 77 3080 0.4
10 10 64 0.64
23 30 459 0.6652173913043478
6 7 32 0.7619047619047619
32 37 719 0.6072635135135135
20 20 229 0.5725
21 27 377 0.6649029982363316
20 25 329 0.6579999999999999
25 26 374 0.5753846153846154
17 11 77 0.4117647058823529
60 66 2249 0.567929292929293
34 40 832 0.6117647058823529
21 30 440 0.6984126984126984
24 29 443 0.6364942528735632
29 29 463 0.5505350772889417
52 54 1533 0.5459401709401709
46 55 1540 0.6086956521739131
33 44 956 0.6584022038567493
18 20 224 0.6222222222222222
50 57 1674 0.5873684210526315
24 27 395 0.6095679012345678
22 29 428 0.670846394984326
28 29 461 0.5677339901477833
43 50 1289 0.5995348837209302
15 19 194 0.6807017543859649
52 72 2469 0.6594551282051282
23 29 436 0.6536731634182908
33 36 692 0.5824915824915825
42 41 902 0.5238095238095237
42 51 1322 0.6171802054154994
30 40 794 0.6616666666666666
32 45 975 0.6770833333333334
33 36 692 0.5824915824915825
34 42 900 0.6302521008403361
53 12 90 0.14150943396226415
30 28 434 0.5166666666666667
56 56 1651 0.5264668367346939
6 7 32 0.7619047619047619
95 96 4749 0.5207236842105263
33 35 659 0.5705627705627705
53 71 2437 0.6476215785277704
52 56 1637 0.5621565934065934
24 37 635 0.7150900900900901
76 100 4825 0.6348684210526315
56 65 2155 0.592032967032967
53 72 2490 0.6525157232704403
47 51 1362 0.5682102628285357
28 42 825 0.701530612244898
22 26 362 0.6328671328671328
41 59 1639 0.6775527077304672
40 69 2019 0.7315217391304348
23 38 643 0.7356979405034325
27 35 620 0.656084656084656
11 14 109 0.7077922077922078
58 69 2406 0.6011994002998501
28 31 517 0.5956221198156683
19 28 379 0.7124060150375939
72 60 1890 0.4375
35 38 769 0.5781954887218045
48 46 1127 0.5104166666666667
30 36 674 0.624074074074074
77 61 1952 0.4155844155844156
40 56 1499 0.6691964285714286
61 46 1127 0.4016393442622951
10 11 74 0.6727272727272727
28 33 573 0.6201298701298702
24 28 419 0.6235119047619048
26 33 558 0.6503496503496503
38 46 1082 0.6189931350114416
21 33 503 0.7258297258297258
20 20 229 0.5725
47 50 1315 0.5595744680851064
24 29 443 0.6364942528735632
45 46 1124 0.5429951690821256
24 32 515 0.6705729166666666
26 34 584 0.6606334841628959
15 17 164 0.6431372549019608
18 21 242 0.6402116402116402
8 10 59 0.7375
44 47 1165 0.5633462282398453
38 42 930 0.5827067669172932
34 39 798 0.6018099547511312
36 21 252 0.3333333333333333
29 25 350 0.48275862068965514
19 22 265 0.6339712918660287
17 7 35 0.2941176470588235
59 59 1828 0.5251364550416547
39 30 495 0.4230769230769231
27 26 377 0.5370370370370371
35 47 1084 0.6589665653495441
43 62 1805 0.6770442610652663
14 13 104 0.5714285714285714
51 61 1886 0.6062359369977499
30 28 434 0.5166666666666667
16 20 215 0.671875
98 38 779 0.20918367346938777
54 63 2024 0.5949441504997061
37 37 739 0.5398100803506208
10 12 84 0.7000000000000001
46 51 1356 0.5780051150895141
61 65 2195 0.55359394703657
50 54 1524 0.5644444444444444
19 23 284 0.6498855835240275
45 56 1574 0.6246031746031745
27 27 404 0.5541838134430728
50 59 1774 0.6013559322033898
43 40 860 0.5
5 4 14 0.7
42 46 1112 0.5755693581780538
24 28 419 0.6235119047619048
16 22 247 0.7017045454545454
51 50 1325 0.5196078431372549
49 60 1812 0.6163265306122448
16 13 104 0.5
42 54 1448 0.6384479717813051
20 22 269 0.6113636363636363
42 47 1154 0.5845997973657547
42 36 702 0.4642857142857143
100 15 135 0.09000000000000001
36 39 809 0.5762108262108262
32 29 464 0.5
43 43 988 0.5343428880475933
17 19 203 0.628482972136223
40 40 859 0.536875
14 7 35 0.35714285714285715
66 60 1890 0.4772727272727273
13 13 103 0.6094674556213018
13 12 90 0.576923076923077
32 23 299 0.40625
29 42 840 0.689655172413793
24 27 395 0.6095679012345678
9 10 62 0.6888888888888889
17 18 186 0.607843137254902
6 7 32 0.7619047619047619
30 36 674 0.624074074074074
21 20 230 0.5476190476190477
18 25 314 0.6977777777777777
27 32 539 0.6238425925925926
10 15 114 0.76
25 32 524 0.655
38 43 968 0.5924112607099143
30 36 674 0.624074074074074
25 24 324 0.54
43 51 1332 0.6073871409028728
10 12 84 0.7000000000000001
43 58 1633 0.6547714514835605
7 16 97 0.8660714285714286
20 19 209 0.5499999999999999
48 56 1607 0.5978422619047619
32 37 719 0.6072635135135135
44 45 1077 0.543939393939394
22 18 189 0.4772727272727273
21 21 251 0.5691609977324263
19 20 227 0.5973684210526315
22 22 274 0.5661157024793388
25 35 599 0.6845714285714286
35 49 1154 0.6728862973760932
9 15 107 0.7925925925925926
16 21 231 0.6875
21 29 419 0.6880131362889984
19 19 208 0.5761772853185596
19 18 189 0.5526315789473685
44 13 104 0.18181818181818182
40 43 979 0.569186046511628
17 22 254 0.679144385026738
35 36 699 0.5547619047619048
27 40 755 0.6990740740740741
30 42 854 0.6777777777777777
18 20 224 0.6222222222222222
8 8 43 0.671875
48 61 1847 0.6308060109289617
32 33 591 0.5596590909090909
79 68 2414 0.44936708860759494
64 67 2335 0.5445429104477612
9 12 80 0.7407407407407408
39 45 1052 0.5994301994301995
46 40 860 0.46739130434782605
42 46 1112 0.5755693581780538
55 68 2309 0.6173796791443851
25 23 299 0.52
103 94 4559 0.47087378640776695
70 49 1274 0.37142857142857144
30 29 464 0.5333333333333333
5 4 14 0.7
50 23 299 0.26
3 3 8 0.8888888888888888
15 19 194 0.6807017543859649
15 7 35 0.33333333333333337
48 50 1319 0.5495833333333333
11 13 98 0.6853146853146852
42 59 1658 0.6690879741727199
18 17 170 0.5555555555555556
10 18 144 0.8
12 13 101 0.6474358974358974
46 58 1678 0.6289355322338831
22 25 340 0.6181818181818182
20 24 309 0.6437499999999999
13 18 168 0.717948717948718
27 30 485 0.5987654320987654
16 21 231 0.6875
30 35 644 0.6133333333333333
20 26 349 0.6711538461538461
17 24 288 0.7058823529411765
25 25 349 0.5584
43 37 740 0.4651162790697674
12 16 137 0.7135416666666666
42 45 1070 0.566137566137566
66 67 2342 0.52962460425147
18 15 135 0.5
28 46 937 0.7274844720496895
14 17 160 0.6722689075630253
14 21 216 0.7346938775510204
19 14 119 0.4473684210526316
31 31 526 0.5473465140478668
43 53 1418 0.6222027204914435
31 40 805 0.6491935483870968
15 28 329 0.7833333333333333
24 32 515 0.6705729166666666
45 49 1259 0.5709750566893425
51 36 702 0.3823529411764706
14 10 65 0.4642857142857143
64 83 3359 0.6323418674698795
45 65 1979 0.6765811965811965
22 27 384 0.6464646464646464
26 29 454 0.6021220159151193
35 39 804 0.589010989010989
31 22 275 0.40322580645161293
51 49 1274 0.5098039215686274
35 46 1049 0.6515527950310559
26 38 688 0.6963562753036436
39 48 1169 0.624465811965812
42 51 1322 0.6171802054154994
50 66 2124 0.6436363636363636
13 20 194 0.7461538461538462
7 6 27 0.6428571428571429
34 43 934 0.6388508891928865
22 16 152 0.4318181818181818
30 38 734 0.643859649122807
29 30 492 0.5655172413793104
21 29 419 0.6880131362889984
22 17 170 0.4545454545454546
9 19 143 0.8362573099415205
48 60 1799 0.6246527777777777
30 12 90 0.25
42 50 1280 0.6095238095238095
16 14 119 0.53125
29 38 724 0.6569872958257713
18 25 314 0.6977777777777777
7 14 83 0.8469387755102041
40 46 1099 0.5972826086956522
10 17 134 0.788235294117647
73 83 3503 0.578148209275458
73 75 2919 0.5331506849315069
53 40 860 0.40566037735849053
63 23 299 0.20634920634920634
44 48 1209 0.5724431818181818
32 41 847 0.645579268292683
15 18 179 0.662962962962963
28 28 433 0.5522959183673469
8 9 51 0.7083333333333334
39 46 1091 0.6081382385730212
86 98 4858 0.5764119601328904
31 38 743 0.6307300509337861
101 93 4464 0.4752475247524752
39 49 1208 0.6321297749869178
106 97 4850 0.4716981132075472
57 76 2792 0.644506001846722
25 29 449 0.6193103448275863
42 57 1574 0.6574770258980785
25 36 624 0.6933333333333334
19 24 303 0.6644736842105263
50 55 1574 0.5723636363636364
18 22 260 0.6565656565656566
41 16 152 0.23170731707317074
27 32 539 0.6238425925925926
36 53 1313 0.6881551362683438
16 15 135 0.5625
32 32 559 0.5458984375
34 39 798 0.6018099547511312
11 9 54 0.5454545454545454
30 35 644 0.6133333333333333
54 22 275 0.23148148148148148
31 31 526 0.5473465140478668
26 29 454 0.6021220159151193
14 21 216 0.7346938775510204
28 36 657 0.6517857142857143
26 38 688 0.6963562753036436
19 25 322 0.6778947368421052
31 46 991 0.6949509116409537
24 33 539 0.6805555555555555
12 12 89 0.6180555555555556
32 38 751 0.6175986842105263
43 49 1246 0.5913621262458472
30 44 914 0.6924242424242424
14 18 174 0.6904761904761905
16 18 183 0.6354166666666666
37 35 665 0.5135135135135135
9 14 98 0.7777777777777778
78 82 3470 0.542526579111945
74 94 4328 0.6221966647498562
40 43 979 0.569186046511628
23 24 321 0.5815217391304348
19 20 227 0.5973684210526315
41 57 1557 0.6662387676508345
11 18 153 0.7727272727272727
57 69 2393 0.6084413933384185
14 15 132 0.6285714285714286
22 26 362 0.6328671328671328
55 75 2694 0.6530909090909092
96 33 594 0.1875
63 68 2393 0.5585901027077497
12 15 125 0.6944444444444444
48 58 1703 0.6117097701149425
24 27 395 0.6095679012345678
40 52 1339 0.64375
21 14 119 0.40476190476190477
13 21 207 0.7582417582417582
55 71 2474 0.6335467349551857
77 84 3618 0.5593692022263451
24 27 395 0.6095679012345678
35 50 1189 0.6794285714285714
77 86 3772 0.5696164300815464
31 38 743 0.6307300509337861
37 43 961 0.6040226272784412
10 9 54 0.6000000000000001
54 62 1970 0.5884109916367981
27 33 566 0.6352413019079686
36 31 527 0.4722222222222222
33 30 495 0.5
24 25 347 0.5783333333333334
37 30 495 0.44594594594594594
13 12 90 0.576923076923077
41 51 1311 0.6269727403156384
43 36 702 0.4534883720930233
11 10 65 0.5909090909090909
51 60 1835 0.5996732026143791
36 5 20 0.11111111111111112
23 6 27 0.1956521739130435
16 16 151 0.58984375
32 8 44 0.171875
49 48 1224 0.5204081632653061
22 28 406 0.6590909090909091
38 55 1424 0.6813397129186602
33 31 527 0.5151515151515151
27 24 324 0.5
43 39 819 0.4883720930232558
36 52 1277 0.6821581196581197
17 11 77 0.4117647058823529
45 57 1619 0.6311890838206627
59 13 104 0.13559322033898305
13 6 27 0.3461538461538462
10 7 35 0.5
46 76 2506 0.7168192219679634
10 13 94 0.7230769230769231
31 26 377 0.467741935483871
49 65 2057 0.645839874411303
13 13 103 0.6094674556213018
9 14 98 0.7777777777777778
96 92 4370 0.4947916666666667
62 78 3006 0.6215880893300249
29 28 434 0.5344827586206896
57 68 2336 0.6026831785345718
28 22 275 0.4464285714285714
28 33 573 0.6201298701298702
31 41 836 0.6577498033044846
15 7 35 0.33333333333333337
62 70 2510 0.5783410138248848
51 28 434 0.30392156862745096
21 22 272 0.5887445887445888
13 15 129 0.6615384615384615
32 42 879 0.6540178571428571
33 36 692 0.5824915824915825
31 35 650 0.599078341013825
18 23 278 0.6714975845410628
21 21 251 0.5691609977324263
19 24 303 0.6644736842105263
16 23 263 0.7146739130434783
27 23 299 0.4814814814814815
17 17 169 0.5847750865051903
54 68 2294 0.6247276688453159
25 33 549 0.6654545454545455
14 23 244 0.7577639751552795
22 28 406 0.6590909090909091
84 90 4157 0.549867724867725
44 43 989 0.5227272727272727
61 65 2195 0.55359394703657
13 23 233 0.7792642140468228
51 52 1427 0.5380844645550528
43 42 945 0.5232558139534884
21 24 314 0.623015873015873
27 35 620 0.656084656084656
35 8 44 0.15714285714285714
77 82 3464 0.5486221095977194
54 60 1862 0.5746913580246914
33 13 104 0.2424242424242424
17 26 322 0.7285067873303167
37 41 887 0.5847066578773895
6 8 38 0.7916666666666666
62 82 3254 0.6400472069236821
39 61 1676 0.7044976881042454
27 33 566 0.6352413019079686
48 41 902 0.45833333333333337
15 27 314 0.7753086419753087
17 26 322 0.7285067873303167
64 75 2847 0.593125
61 85 3415 0.6586306653809065
65 90 3834 0.6553846153846153
18 23 278 0.6714975845410628
31 39 774 0.6401985111662531
42 54 1448 0.6384479717813051
30 40 794 0.6616666666666666
26 33 558 0.6503496503496503
55 78 2859 0.6664335664335664
23 34 551 0.7046035805626598
23 34 551 0.7046035805626598
63 43 989 0.36507936507936506
30 43 884 0.6852713178294573
19 29 398 0.7223230490018149
41 62 1762 0.6931549960660897
20 27 369 0.6833333333333333
23 38 643 0.7356979405034325
14 20 202 0.7214285714285714
42 50 1280 0.6095238095238095
20 33 489 0.7409090909090909
12 19 173 0.7587719298245613
11 15 120 0.7272727272727272
18 16 152 0.5277777777777778
66 70 2540 0.5497835497835498
41 53 1393 0.641049240681086
44 47 1165 0.5633462282398453
24 30 467 0.648611111111111
61 73 2683 0.6025151583202336
52 76 2677 0.6773785425101215
31 45 960 0.6881720430107527
34 37 730 0.5802861685214626
32 44 943 0.6697443181818182
21 34 524 0.7338935574229692
22 27 384 0.6464646464646464
50 48 1224 0.51
38 59 1576 0.7029438001784121
56 19 209 0.19642857142857142
94 80 3320 0.4414893617021277
93 84 3654 0.46774193548387094
27 41 782 0.7064137308039746
19 31 436 0.7402376910016978
12 13 101 0.6474358974358974
34 41 866 0.6212338593974175
54 57 1700 0.5523066926575698
51 56 1631 0.571078431372549
20 17 170 0.5
22 19 209 0.5
42 52 1364 0.6245421245421245
12 15 125 0.6944444444444444
25 18 189 0.42
26 35 610 0.6703296703296703
10 12 84 0.7000000000000001
16 22 247 0.7017045454545454
55 69 2364 0.6229249011857708
28 45 909 0.7214285714285714
14 23 244 0.7577639751552795
12 16 137 0.7135416666666666
16 15 135 0.5625
24 29 443 0.6364942528735632
11 14 109 0.7077922077922078
33 37 725 0.5937755937755937
23 30 459 0.6652173913043478
8 9 51 0.7083333333333334
27 32 539 0.6238425925925926
21 20 230 0.5476190476190477
26 34 584 0.6606334841628959
23 32 505 0.686141304347826
24 29 443 0.6364942528735632
20 23 289 0.6282608695652173
21 34 524 0.7338935574229692
16 11 77 0.4375
67 71 2612 0.5490855581248687
68 78 3093 0.5831447963800905
15 16 149 0.6208333333333333
25 27 399 0.5911111111111111
17 18 186 0.607843137254902
30 28 434 0.5166666666666667
21 19 209 0.5238095238095238
24 20 230 0.4791666666666667
22 5 20 0.18181818181818182
19 27 360 0.7017543859649122
6 7 32 0.7619047619047619
75 53 1484 0.3733333333333333
35 33 594 0.5142857142857142
42 42 944 0.5351473922902494
24 28 419 0.6235119047619048
35 24 324 0.38571428571428573
52 59 1793 0.584419817470665
45 45 1079 0.5328395061728395
53 68 2278 0.6320754716981132
35 28 434 0.4428571428571429
15 14 119 0.5666666666666667
29 3 9 0.10344827586206896
40 42 939 0.5589285714285714
44 49 1253 0.5811688311688311
37 28 434 0.4189189189189189
34 20 230 0.3382352941176471
32 33 591 0.5596590909090909
17 21 237 0.6638655462184874
13 24 246 0.7884615384615384
19 34 493 0.763157894736842
20 23 289 0.6282608695652173
24 34 563 0.6899509803921569
66 53 1484 0.42424242424242425
30 34 614 0.6019607843137255
19 18 189 0.5526315789473685
28 13 104 0.2857142857142857
37 43 961 0.6040226272784412
52 54 1533 0.5459401709401709
13 20 194 0.7461538461538462
28 31 517 0.5956221198156683
27 29 458 0.5849297573435505
13 13 103 0.6094674556213018
61 65 2195 0.55359394703657
15 14 119 0.5666666666666667
26 26 376 0.5562130177514792
16 13 104 0.5
31 40 805 0.6491935483870968
89 77 3080 0.449438202247191
41 46 1106 0.5864262990455992
24 27 395 0.6095679012345678
41 54 1434 0.6476964769647696
47 64 1973 0.6559175531914894
15 22 239 0.7242424242424242
32 40 815 0.63671875
38 46 1082 0.6189931350114416
19 14 119 0.4473684210526316
34 34 628 0.5432525951557093
51 47 1175 0.49019607843137253
28 17 170 0.35714285714285715
16 14 119 0.53125
17 11 77 0.4117647058823529
22 12 90 0.3409090909090909
22 39 648 0.7552447552447552
34 44 968 0.6470588235294117
58 79 2986 0.6516804888694894
