15 20 195 0.65
4 7 22 0.7857142857142857
41 53 1353 0.6226415094339622
38 37 703 0.5
29 32 522 0.5625
30 27 378 0.4666666666666667
26 29 429 0.5689655172413793
33 34 594 0.5294117647058824
27 41 756 0.6829268292682927
24 28 396 0.5892857142857143
19 21 228 0.5714285714285714
38 41 855 0.5487804878048781
32 38 720 0.5921052631578947
10 15 105 0.7
6 11 51 0.7727272727272727
49 56 1568 0.5714285714285714
34 22 253 0.3382352941176471
50 67 2125 0.6343283582089553
28 43 826 0.686046511627907
36 50 1170 0.65
43 57 1548 0.631578947368421
28 34 574 0.6029411764705882
48 59 1704 0.6016949152542372
13 5 15 0.23076923076923075
8 11 60 0.6818181818181818
37 12 78 0.17567567567567566
48 51 1320 0.5392156862745098
21 21 231 0.5238095238095238
42 49 1197 0.5816326530612245
18 15 120 0.4444444444444445
34 42 867 0.6071428571428571
19 20 209 0.55
38 44 969 0.5795454545454546
39 40 819 0.525
15 28 315 0.75
4 9 30 0.8333333333333334
74 68 2346 0.46621621621621623
35 58 1435 0.7068965517241379
47 58 1645 0.603448275862069
36 40 810 0.5625
51 56 1581 0.5535714285714286
32 11 66 0.1875
36 47 1062 0.6276595744680851
23 24 299 0.5416666666666666
13 26 260 0.7692307692307693
4 7 22 0.7857142857142857
14 14 105 0.5357142857142857
32 46 976 0.6630434782608695
41 44 984 0.5454545454545454
27 16 136 0.3148148148148148
27 37 648 0.6486486486486487
31 42 837 0.6428571428571429
43 53 1376 0.6037735849056604
40 45 1020 0.5666666666666667
60 86 3390 0.6569767441860465
27 36 621 0.6388888888888888
34 25 325 0.38235294117647056
16 14 105 0.46875
19 23 266 0.6086956521739131
33 36 660 0.5555555555555556
30 35 615 0.5857142857142857
35 36 665 0.5277777777777778
13 15 117 0.6
52 18 171 0.18269230769230768
59 82 3127 0.6463414634146342
28 40 742 0.6625
40 42 900 0.5357142857142857
58 74 2639 0.6148648648648649
42 55 1449 0.6272727272727273
53 76 2650 0.6578947368421053
38 49 1159 0.6224489795918368
21 47 777 0.7872340425531915
40 15 120 0.2
41 57 1517 0.6491228070175439
55 61 1870 0.5573770491803278
27 31 486 0.5806451612903226
100 100 5050 0.505
10 11 65 0.5909090909090909
23 27 368 0.5925925925925926
6 11 51 0.7727272727272727
32 46 976 0.6630434782608695
20 23 270 0.5869565217391305
21 26 336 0.6153846153846154
20 26 330 0.6346153846153846
25 33 525 0.6363636363636364
17 8 36 0.2647058823529412
60 80 3030 0.63125
34 36 663 0.5416666666666666
21 25 315 0.6
24 30 444 0.6166666666666667
29 32 522 0.5625
52 7 28 0.07692307692307691
46 65 1955 0.6538461538461539
33 39 759 0.5897435897435898
18 22 243 0.6136363636363636
50 57 1625 0.5701754385964912
24 26 348 0.5576923076923077
22 27 363 0.6111111111111112
28 11 66 0.2142857142857143
43 51 1290 0.5882352941176471
15 19 180 0.631578947368421
52 65 2054 0.6076923076923076
23 25 322 0.56
33 41 825 0.6097560975609756
42 51 1281 0.5980392156862745
42 59 1617 0.652542372881356
30 40 765 0.6375
32 32 528 0.515625
33 24 300 0.37878787878787884
34 45 969 0.6333333333333333
53 18 171 0.1792452830188679
30 37 675 0.6081081081081081
56 18 171 0.16964285714285712
6 18 93 0.8611111111111112
95 100 5035 0.53
33 43 891 0.627906976744186
53 64 2014 0.59375
52 63 1950 0.5952380952380952
24 35 564 0.6714285714285714
76 97 4522 0.6134020618556701
56 71 2436 0.6126760563380281
53 79 2809 0.6708860759493671
47 66 2021 0.6515151515151515
28 45 882 0.7
22 35 539 0.7
41 62 1722 0.6774193548387096
40 71 2060 0.7253521126760564
23 35 552 0.6857142857142857
27 36 621 0.6388888888888888
11 18 143 0.7222222222222222
58 77 2813 0.6298701298701299
28 40 742 0.6625
19 32 437 0.71875
72 97 4428 0.634020618556701
35 45 980 0.6222222222222222
48 9 45 0.10416666666666667
30 42 825 0.6547619047619048
77 95 4389 0.6
40 58 1540 0.6637931034482759
61 90 3660 0.6666666666666666
10 13 85 0.6538461538461539
28 41 770 0.6707317073170732
24 27 372 0.5740740740740741
26 35 585 0.6428571428571429
38 52 1273 0.6442307692307693
21 30 420 0.6666666666666666
20 27 350 0.6481481481481481
47 56 1551 0.5892857142857143
24 27 372 0.5740740740740741
45 53 1395 0.5849056603773585
24 36 588 0.6805555555555556
26 35 585 0.6428571428571429
15 18 165 0.6111111111111112
18 27 333 0.6851851851851852
8 9 44 0.6111111111111112
44 47 1122 0.5425531914893617
38 44 969 0.5795454545454546
34 40 799 0.5875
36 44 954 0.6022727272727273
29 30 464 0.5333333333333333
19 27 342 0.6666666666666666
17 21 221 0.6190476190476191
59 64 2065 0.546875
39 45 1014 0.5777777777777777
27 31 486 0.5806451612903226
35 57 1400 0.7017543859649122
43 53 1376 0.6037735849056604
14 13 91 0.5
51 68 2193 0.6323529411764706
30 36 645 0.5972222222222222
16 20 200 0.625
98 100 5047 0.515
54 63 1971 0.5793650793650794
37 45 999 0.6
10 16 115 0.71875
46 51 1311 0.5588235294117647
61 33 561 0.2786885245901639
50 70 2275 0.65
19 20 209 0.55
45 58 1620 0.6206896551724138
27 30 459 0.5666666666666667
50 59 1725 0.5847457627118644
43 41 861 0.4883720930232558
5 5 15 0.6
42 50 1239 0.59
24 28 396 0.5892857142857143
16 24 264 0.6875
51 51 1326 0.5098039215686274
49 64 1960 0.625
16 4 10 0.15625
42 16 136 0.20238095238095238
20 24 290 0.6041666666666666
42 51 1281 0.5980392156862745
42 53 1365 0.6132075471698113
100 100 5050 0.505
36 38 738 0.5394736842105263
32 35 624 0.5571428571428572
43 51 1290 0.5882352941176471
17 22 238 0.6363636363636364
40 47 1100 0.5851063829787234
14 17 147 0.6176470588235294
66 80 3135 0.59375
13 16 130 0.625
13 14 104 0.5714285714285714
32 36 656 0.5694444444444444
29 40 754 0.65
24 22 253 0.47916666666666663
9 12 72 0.6666666666666666
17 21 221 0.6190476190476191
6 9 39 0.7222222222222222
30 30 465 0.5166666666666667
21 24 294 0.5833333333333334
18 25 297 0.66
27 33 540 0.6060606060606061
10 8 36 0.45
25 33 525 0.6363636363636364
38 46 1045 0.5978260869565217
30 47 975 0.6914893617021277
25 12 78 0.26
43 58 1591 0.6379310344827587
10 14 95 0.6785714285714286
43 61 1720 0.6557377049180327
7 12 63 0.75
20 23 270 0.5869565217391305
48 56 1560 0.5803571428571429
32 21 231 0.34375
44 66 1958 0.6742424242424242
22 29 407 0.6379310344827587
21 19 190 0.47619047619047616
19 25 304 0.64
22 25 319 0.58
25 33 525 0.6363636363636364
35 38 735 0.5526315789473685
9 9 45 0.5555555555555556
16 28 328 0.7321428571428571
21 29 399 0.6551724137931034
19 23 266 0.6086956521739131
19 18 171 0.5
44 59 1650 0.635593220338983
40 13 91 0.175
17 17 153 0.5294117647058824
35 49 1120 0.6530612244897959
27 47 918 0.723404255319149
30 49 1035 0.7040816326530612
18 23 261 0.6304347826086957
8 8 36 0.5625
48 50 1272 0.53
32 40 784 0.6125
79 96 4503 0.59375
64 78 2976 0.5961538461538461
9 12 72 0.6666666666666666
39 49 1170 0.6122448979591837
46 63 1863 0.6428571428571429
42 47 1113 0.5638297872340425
55 65 2090 0.5846153846153846
25 33 525 0.6363636363636364
103 100 5050 0.49029126213592233
70 85 3535 0.5941176470588235
30 39 735 0.6282051282051282
5 5 15 0.6
50 60 1775 0.5916666666666667
3 3 6 0.6666666666666666
15 20 195 0.65
15 13 91 0.4666666666666667
48 60 1752 0.6083333333333333
11 15 110 0.6666666666666666
42 62 1743 0.6693548387096774
18 21 225 0.5952380952380952
10 22 175 0.7954545454545454
12 13 90 0.5769230769230769
46 55 1495 0.5909090909090909
22 25 319 0.58
20 26 330 0.6346153846153846
13 21 195 0.7142857142857143
27 33 540 0.6060606060606061
16 25 280 0.7
30 37 675 0.6081081081081081
20 27 350 0.6481481481481481
17 27 323 0.7037037037037037
25 14 105 0.3
43 52 1333 0.5961538461538461
12 22 198 0.75
42 54 1407 0.6203703703703703
66 92 3927 0.6467391304347826
18 19 189 0.5526315789473685
28 38 686 0.6447368421052632
14 21 203 0.6904761904761905
14 22 217 0.7045454545454546
19 22 247 0.5909090909090909
31 46 961 0.6739130434782609
43 58 1591 0.6379310344827587
31 35 620 0.5714285714285714
15 28 315 0.75
24 25 324 0.54
45 53 1395 0.5849056603773585
51 67 2142 0.6268656716417911
14 14 105 0.5357142857142857
64 79 3040 0.6012658227848101
45 27 378 0.3111111111111111
22 28 385 0.625
26 32 507 0.609375
35 53 1260 0.6792452830188679
31 24 300 0.40322580645161293
51 64 1989 0.609375
35 53 1260 0.6792452830188679
26 39 689 0.6794871794871795
39 52 1287 0.6346153846153846
42 49 1197 0.5816326530612245
50 62 1875 0.6048387096774194
13 18 156 0.6666666666666666
7 14 77 0.7857142857142857
34 47 1037 0.648936170212766
22 25 319 0.58
30 38 705 0.618421052631579
29 36 638 0.6111111111111112
21 30 420 0.6666666666666666
22 24 297 0.5625
9 14 90 0.7142857142857143
48 17 153 0.1875
30 39 735 0.6282051282051282
42 53 1365 0.6132075471698113
16 19 184 0.6052631578947368
29 50 1044 0.72
18 23 261 0.6304347826086957
7 7 28 0.5714285714285714
40 56 1460 0.6517857142857143
10 16 115 0.71875
73 90 3942 0.6
73 100 4672 0.64
53 66 2120 0.6060606060606061
63 21 231 0.1746031746031746
44 61 1738 0.6475409836065574
32 48 1040 0.6770833333333334
15 23 240 0.6956521739130435
28 32 518 0.578125
8 8 36 0.5625
39 55 1404 0.6545454545454545
86 70 2485 0.4127906976744186
31 39 744 0.6153846153846154
101 14 105 0.07425742574257425
39 48 1131 0.6041666666666666
106 100 5050 0.47641509433962265
57 79 2907 0.6455696202531646
25 30 450 0.6
42 52 1323 0.6057692307692307
25 30 450 0.6
19 26 323 0.6538461538461539
50 66 2075 0.6287878787878788
18 18 171 0.5277777777777778
41 63 1763 0.6825396825396826
27 29 432 0.5517241379310345
36 54 1314 0.6759259259259259
16 26 296 0.7115384615384616
32 32 528 0.515625
34 39 765 0.5769230769230769
11 11 66 0.5454545454545454
30 39 735 0.6282051282051282
54 60 1809 0.5583333333333333
31 36 651 0.5833333333333334
26 24 300 0.4807692307692308
14 23 231 0.717391304347826
28 31 490 0.5645161290322581
26 43 793 0.7093023255813954
19 29 380 0.6896551724137931
31 42 837 0.6428571428571429
24 30 444 0.6166666666666667
12 21 186 0.7380952380952381
32 42 848 0.6309523809523809
43 33 561 0.3953488372093023
30 39 735 0.6282051282051282
14 18 161 0.6388888888888888
16 21 216 0.6428571428571429
37 47 1073 0.6170212765957447
9 15 99 0.7333333333333333
78 18 171 0.1217948717948718
74 100 4699 0.635
40 50 1220 0.61
23 27 368 0.5925925925925926
19 26 323 0.6538461538461539
41 55 1435 0.6363636363636364
11 19 154 0.7368421052631579
57 81 3021 0.654320987654321
14 16 133 0.59375
22 21 231 0.5
55 78 2805 0.6538461538461539
96 100 5040 0.525
63 70 2457 0.5571428571428572
12 17 138 0.6764705882352942
48 60 1752 0.6083333333333333
24 32 492 0.640625
40 58 1540 0.6637931034482759
21 32 462 0.6875
13 22 208 0.7272727272727273
55 14 105 0.13636363636363638
77 100 4774 0.62
24 27 372 0.5740740740740741
35 53 1260 0.6792452830188679
77 100 4774 0.62
31 43 868 0.6511627906976745
37 51 1221 0.6470588235294118
10 17 125 0.7352941176470589
54 80 2889 0.66875
27 24 300 0.46296296296296297
36 55 1350 0.6818181818181818
33 40 792 0.6
24 27 372 0.5740740740740741
37 22 253 0.3108108108108108
13 20 182 0.7
41 48 1148 0.5833333333333334
43 25 325 0.3023255813953488
11 9 45 0.45454545454545453
51 18 171 0.18627450980392157
36 17 153 0.25
23 35 552 0.6857142857142857
16 17 152 0.5588235294117647
32 34 592 0.5441176470588235
49 50 1274 0.52
22 23 275 0.5434782608695652
38 61 1615 0.6967213114754098
33 35 627 0.5428571428571428
27 13 91 0.25925925925925924
43 50 1247 0.58
36 61 1566 0.7131147540983607
17 24 272 0.6666666666666666
45 67 2025 0.6716417910447762
59 77 2832 0.6233766233766234
13 18 156 0.6666666666666666
10 13 85 0.6538461538461539
46 64 1909 0.6484375
10 14 95 0.6785714285714286
31 44 899 0.6590909090909091
49 70 2254 0.6571428571428571
13 16 130 0.625
9 14 90 0.7142857142857143
96 16 136 0.08854166666666667
62 82 3193 0.6280487804878049
29 36 638 0.6111111111111112
57 89 3477 0.6853932584269663
28 35 602 0.6142857142857143
28 35 602 0.6142857142857143
31 51 1116 0.7058823529411765
15 18 165 0.6111111111111112
62 75 2759 0.5933333333333334
51 64 1989 0.609375
21 19 190 0.47619047619047616
13 14 104 0.5714285714285714
32 43 880 0.6395348837209303
33 43 891 0.627906976744186
31 39 744 0.6153846153846154
18 25 297 0.66
21 32 462 0.6875
19 35 494 0.7428571428571429
16 16 136 0.53125
27 32 513 0.59375
17 26 306 0.6923076923076923
54 16 136 0.1574074074074074
25 33 525 0.6363636363636364
14 17 147 0.6176470588235294
22 28 385 0.625
84 100 4914 0.585
44 38 741 0.4431818181818182
61 95 3965 0.6842105263157895
13 16 130 0.625
51 66 2091 0.6212121212121212
43 51 1290 0.5882352941176471
21 33 483 0.696969696969697
27 12 78 0.24074074074074073
35 46 1015 0.6304347826086957
77 99 4697 0.6161616161616161
54 66 2133 0.5984848484848485
33 42 858 0.6190476190476191
17 24 272 0.6666666666666666
37 47 1073 0.6170212765957447
6 9 39 0.7222222222222222
62 84 3317 0.6369047619047619
39 58 1521 0.6724137931034483
27 40 729 0.675
48 69 2184 0.6594202898550725
15 21 210 0.6666666666666666
17 26 306 0.6923076923076923
64 88 3616 0.6420454545454546
61 88 3538 0.6590909090909091
65 100 4420 0.68
18 20 207 0.575
31 41 806 0.6341463414634146
42 55 1449 0.6272727272727273
30 40 765 0.6375
26 33 533 0.6212121212121212
55 71 2420 0.6197183098591549
23 37 598 0.7027027027027027
23 30 437 0.6333333333333333
63 81 3150 0.6172839506172839
30 41 795 0.6463414634146342
19 24 285 0.625
41 74 2214 0.7297297297297297
20 37 550 0.7432432432432432
23 36 575 0.6944444444444444
14 19 175 0.6578947368421053
42 53 1365 0.6132075471698113
20 41 630 0.7682926829268293
12 19 162 0.7105263157894737
11 14 99 0.6428571428571429
18 28 351 0.6964285714285714
66 15 120 0.1212121212121212
41 58 1558 0.6551724137931034
44 67 2002 0.6791044776119403
24 31 468 0.6290322580645161
61 11 66 0.09836065573770493
52 81 2886 0.6851851851851852
31 39 744 0.6153846153846154
34 39 765 0.5769230769230769
32 50 1104 0.69
21 31 441 0.6774193548387096
22 18 171 0.4318181818181818
50 14 105 0.15
38 46 1045 0.5978260869565217
56 14 105 0.13392857142857142
94 100 5029 0.535
93 100 5022 0.54
27 37 648 0.6486486486486487
19 21 228 0.5714285714285714
12 11 66 0.5
34 20 210 0.3088235294117647
54 55 1539 0.5181818181818182
51 73 2448 0.6575342465753424
20 22 250 0.5681818181818182
22 36 561 0.7083333333333334
42 60 1659 0.6583333333333333
12 20 174 0.725
25 18 171 0.38
26 36 611 0.6527777777777778
10 9 45 0.5
16 27 312 0.7222222222222222
55 15 120 0.14545454545454545
28 43 826 0.686046511627907
14 19 175 0.6578947368421053
12 8 36 0.375
16 21 216 0.6428571428571429
24 33 516 0.6515151515151515
11 7 28 0.36363636363636365
33 44 924 0.6363636363636364
23 32 483 0.65625
8 6 21 0.4375
27 38 675 0.6578947368421053
21 32 462 0.6875
26 38 663 0.6710526315789473
23 29 414 0.6206896551724138
24 33 516 0.6515151515151515
20 31 430 0.6935483870967742
21 32 462 0.6875
16 21 216 0.6428571428571429
67 88 3685 0.625
68 27 378 0.20588235294117646
15 16 135 0.5625
25 30 450 0.6
17 20 204 0.6
30 30 465 0.5166666666666667
21 18 171 0.45238095238095233
24 40 684 0.7125
22 5 15 0.13636363636363635
19 30 399 0.7
6 7 27 0.6428571428571429
75 41 861 0.28
35 13 91 0.2
42 47 1113 0.5638297872340425
24 27 372 0.5740740740740741
35 55 1330 0.6909090909090909
52 58 1690 0.5603448275862069
45 52 1350 0.5769230769230769
53 61 1855 0.5737704918032787
35 15 120 0.22857142857142856
15 18 165 0.6111111111111112
29 37 667 0.6216216216216216
40 39 780 0.5
44 56 1518 0.6160714285714286
37 43 925 0.5813953488372093
34 38 731 0.5657894736842105
32 37 688 0.581081081081081
17 23 255 0.6521739130434783
13 21 195 0.7142857142857143
19 30 399 0.7
20 22 250 0.5681818181818182
24 38 636 0.6973684210526315
66 80 3135 0.59375
30 41 795 0.6463414634146342
19 18 171 0.5
28 23 276 0.4285714285714286
37 37 703 0.5135135135135135
52 66 2106 0.6136363636363636
13 16 130 0.625
28 38 686 0.6447368421052632
27 35 594 0.6285714285714286
13 14 104 0.5714285714285714
61 46 1081 0.3852459016393443
15 19 180 0.631578947368421
26 27 377 0.5370370370370371
16 18 168 0.5833333333333334
31 44 899 0.6590909090909091
89 100 4984 0.56
41 29 435 0.36585365853658536
24 33 516 0.6515151515151515
41 55 1435 0.6363636363636364
47 63 1880 0.6349206349206349
15 28 315 0.75
32 63 1520 0.753968253968254
38 43 931 0.5697674418604651
19 21 228 0.5714285714285714
34 39 765 0.5769230769230769
51 58 1683 0.5689655172413793
28 22 253 0.41071428571428575
16 18 168 0.5833333333333334
17 19 187 0.5789473684210527
22 4 10 0.11363636363636363
22 16 136 0.38636363636363635
34 44 935 0.625
58 88 3451 0.6761363636363636
