15 16 185 0.7708333333333334
4 6 24 1.0
41 29 551 0.4634146341463415
38 29 551 0.5
29 22 341 0.5344827586206896
30 27 485 0.5987654320987654
26 21 315 0.5769230769230769
33 31 617 0.6031280547409579
27 27 476 0.6529492455418381
24 18 243 0.5625
19 16 199 0.6546052631578947
38 33 693 0.5526315789473684
32 41 934 0.711890243902439
10 12 105 0.875
6 6 35 0.9722222222222222
49 52 1558 0.6114599686028257
34 28 518 0.5441176470588235
50 49 1415 0.5775510204081633
28 37 760 0.7335907335907336
36 52 1376 0.735042735042735
43 42 1065 0.5897009966777409
28 28 508 0.6479591836734694
48 49 1406 0.5977891156462585
13 18 198 0.8461538461538461
8 9 66 0.9166666666666666
37 42 1026 0.6602316602316602
48 47 1310 0.5806737588652483
21 24 368 0.7301587301587302
42 41 1019 0.591753774680604
18 19 251 0.7339181286549707
34 32 653 0.6001838235294118
19 15 180 0.631578947368421
38 35 769 0.5781954887218045
39 37 848 0.5876645876645877
15 25 320 0.8533333333333333
4 7 28 1.0
74 70 2765 0.5337837837837838
35 40 935 0.6678571428571429
47 51 1494 0.623279098873592
36 32 656 0.5694444444444444
51 52 1571 0.5923831070889894
32 30 582 0.60625
36 35 764 0.6063492063492063
23 21 312 0.6459627329192547
13 26 302 0.893491124260355
4 6 24 1.0
14 13 137 0.7527472527472528
32 32 646 0.630859375
41 47 1261 0.6543850544888428
27 25 422 0.6251851851851852
27 30 557 0.6876543209876543
31 43 982 0.7366841710427606
43 50 1409 0.6553488372093024
40 41 1010 0.6158536585365854
60 54 1701 0.525
27 26 449 0.6396011396011396
34 29 551 0.5588235294117647
16 13 142 0.6826923076923077
19 18 237 0.6929824561403508
33 33 683 0.6271808999081726
30 38 815 0.7149122807017544
35 36 795 0.6309523809523809
13 21 237 0.868131868131868
52 67 2356 0.6762342135476463
59 74 2881 0.6598717361429226
28 34 676 0.7100840336134454
40 56 1610 0.71875
58 76 2977 0.6753629764065336
42 49 1355 0.6584062196307093
53 75 2799 0.7041509433962264
38 50 1339 0.7047368421052631
21 27 431 0.7601410934744268
40 57 1650 0.7236842105263158
41 56 1630 0.7099303135888502
55 54 1695 0.5707070707070707
27 31 584 0.6977299880525687
100 93 4743 0.51
10 12 105 0.875
23 26 427 0.7140468227424749
6 8 47 0.9791666666666666
32 28 518 0.578125
20 17 220 0.6470588235294118
21 27 431 0.7601410934744268
20 23 340 0.7391304347826086
25 29 515 0.710344827586207
17 13 143 0.6470588235294118
60 73 2840 0.6484018264840183
34 33 687 0.6122994652406417
21 30 494 0.7841269841269842
24 30 530 0.736111111111111
29 28 512 0.6305418719211823
52 62 2096 0.6501240694789082
46 63 2037 0.7028985507246377
33 39 881 0.6845376845376845
18 19 251 0.7339181286549707
50 52 1565 0.6019230769230769
24 26 434 0.6955128205128205
22 28 463 0.7516233766233766
28 29 536 0.6600985221674877
43 52 1495 0.6686046511627908
15 19 230 0.8070175438596492
52 57 1836 0.6194331983805668
23 29 496 0.7436281859070465
33 34 716 0.6381461675579322
42 50 1397 0.6652380952380952
42 51 1439 0.6718020541549953
30 37 785 0.7072072072072072
32 37 806 0.6807432432432432
33 29 551 0.5757575757575757
34 40 925 0.6801470588235294
53 55 1739 0.5965694682675815
30 34 695 0.6813725490196079
56 56 1810 0.5771683673469388
6 5 29 0.9666666666666666
95 55 1760 0.3368421052631579
33 40 914 0.6924242424242424
53 67 2375 0.6688256829062236
52 62 2096 0.6501240694789082
24 35 650 0.7738095238095237
76 93 4512 0.6383701188455009
56 69 2538 0.6568322981366459
53 73 2693 0.6960454897906436
47 56 1729 0.6569148936170214
28 39 816 0.7472527472527473
22 28 463 0.7516233766233766
41 70 2204 0.7679442508710802
40 61 1810 0.7418032786885246
23 38 703 0.8043478260869565
27 32 611 0.7071759259259259
11 11 100 0.8264462809917356
58 73 2803 0.6620217288615966
28 34 676 0.7100840336134454
19 25 370 0.7789473684210526
72 59 2006 0.4722222222222222
35 36 795 0.6309523809523809
48 54 1646 0.6350308641975309
30 39 845 0.7222222222222222
77 73 2993 0.5324675324675325
40 50 1370 0.685
61 59 2003 0.5565434843011947
10 13 115 0.8846153846153846
28 39 816 0.7472527472527473
24 26 434 0.6955128205128205
26 36 705 0.7532051282051282
38 46 1187 0.6790617848970252
21 40 704 0.8380952380952381
20 24 360 0.75
47 52 1541 0.6305237315875615
24 24 386 0.6701388888888888
45 47 1295 0.6122931442080378
24 32 578 0.7526041666666666
26 31 575 0.7133995037220844
15 13 140 0.717948717948718
18 19 251 0.7339181286549707
8 7 50 0.8928571428571429
44 38 893 0.5340909090909092
38 41 997 0.6399229781771502
34 42 993 0.6953781512605042
36 34 728 0.5947712418300654
29 23 368 0.5517241379310345
19 18 237 0.6929824561403508
17 13 143 0.6470588235294118
59 63 2232 0.6004842615012106
39 48 1277 0.6821581196581197
27 30 557 0.6876543209876543
35 46 1145 0.7111801242236025
43 54 1581 0.6808785529715763
14 9 81 0.6428571428571428
51 51 1520 0.5843906189926952
30 31 605 0.6505376344086022
16 21 270 0.8035714285714286
98 92 4646 0.5153061224489796
54 73 2717 0.6892440385591071
37 25 425 0.45945945945945943
10 15 135 0.9
46 45 1209 0.5840579710144927
61 13 143 0.18032786885245902
50 50 1465 0.586
19 20 275 0.7236842105263157
45 55 1655 0.6686868686868687
27 26 449 0.6396011396011396
50 58 1865 0.643103448275862
43 46 1237 0.6253791708796764
5 4 20 1.0
42 49 1355 0.6584062196307093
24 28 482 0.7172619047619048
16 17 206 0.7573529411764706
51 47 1316 0.5490196078431373
49 65 2195 0.6891679748822606
16 8 68 0.53125
42 44 1145 0.6195887445887446
20 26 400 0.7692307692307693
42 41 1019 0.591753774680604
42 41 1019 0.591753774680604
100 83 3818 0.46
36 34 728 0.5947712418300654
32 29 550 0.5926724137931034
43 46 1237 0.6253791708796764
17 18 228 0.7450980392156863
40 45 1170 0.65
14 12 123 0.7321428571428572
66 64 2333 0.5523200757575758
13 13 133 0.78698224852071
13 13 133 0.78698224852071
32 22 341 0.484375
29 42 918 0.7536945812807881
24 26 434 0.6955128205128205
9 6 44 0.8148148148148149
17 19 245 0.7585139318885449
6 8 47 0.9791666666666666
30 35 725 0.6904761904761905
21 23 347 0.7184265010351968
18 24 341 0.7893518518518517
27 31 584 0.6977299880525687
10 7 55 0.7857142857142857
25 40 790 0.79
38 36 807 0.5899122807017544
30 38 815 0.7149122807017544
25 24 390 0.65
43 52 1495 0.6686046511627908
10 12 105 0.875
43 58 1753 0.7028869286287089
7 9 60 0.9523809523809523
20 21 300 0.7142857142857143
48 48 1358 0.5894097222222222
32 31 614 0.6189516129032258
44 54 1596 0.6717171717171717
22 20 287 0.6522727272727272
21 17 221 0.6190476190476191
19 18 237 0.6929824561403508
22 23 353 0.6976284584980238
25 32 590 0.7375
35 53 1390 0.7493261455525607
9 12 98 0.9074074074074074
16 14 158 0.7053571428571429
21 32 536 0.7976190476190477
19 19 256 0.7091412742382271
19 17 218 0.674922600619195
44 51 1464 0.6524064171122995
40 37 850 0.5743243243243243
17 21 279 0.7815126050420167
35 29 551 0.5428571428571428
27 36 719 0.7397119341563786
30 39 845 0.7222222222222222
18 23 323 0.7801932367149758
8 7 50 0.8928571428571429
48 41 1025 0.5208333333333334
32 36 774 0.671875
79 64 2336 0.4620253164556962
64 66 2454 0.5809659090909091
9 12 98 0.9074074074074074
39 39 926 0.6088099934253781
46 46 1255 0.5931001890359169
42 41 1019 0.591753774680604
55 58 1915 0.6003134796238245
25 25 415 0.664
103 86 4085 0.4611650485436893
70 90 4155 0.6595238095238095
30 30 575 0.638888888888889
5 4 20 1.0
50 58 1865 0.643103448275862
3 3 9 1.0
15 15 170 0.7555555555555556
15 17 200 0.7843137254901961
48 57 1790 0.6542397660818713
11 13 122 0.8531468531468532
42 60 1817 0.721031746031746
18 17 215 0.7026143790849674
10 14 125 0.8928571428571429
12 16 164 0.8541666666666666
46 50 1439 0.6256521739130435
22 23 353 0.6976284584980238
20 24 360 0.75
13 16 172 0.8269230769230769
27 31 584 0.6977299880525687
16 24 318 0.828125
30 35 725 0.6904761904761905
20 27 420 0.7777777777777778
17 24 330 0.8088235294117646
25 22 340 0.6181818181818182
43 43 1108 0.599242833964305
12 7 56 0.6666666666666667
42 52 1481 0.678113553113553
66 72 2861 0.6020622895622896
18 17 215 0.7026143790849674
28 36 732 0.7261904761904762
14 20 235 0.8392857142857142
14 20 235 0.8392857142857142
19 11 110 0.5263157894736842
31 41 920 0.7238394964594806
43 46 1237 0.6253791708796764
31 32 641 0.6461693548387096
15 24 305 0.8472222222222222
24 30 530 0.736111111111111
45 50 1430 0.6355555555555555
51 55 1724 0.6146167557932264
14 6 45 0.5357142857142857
64 72 2838 0.6158854166666666
45 66 2150 0.7239057239057239
22 25 397 0.7218181818181819
26 34 653 0.7386877828054299
35 39 900 0.6593406593406593
31 30 579 0.6225806451612903
51 51 1520 0.5843906189926952
35 43 1040 0.6910299003322259
26 37 731 0.75987525987526
39 33 693 0.5384615384615384
42 49 1355 0.6584062196307093
50 62 2065 0.6661290322580645
13 21 237 0.868131868131868
7 8 53 0.9464285714285714
34 38 857 0.663312693498452
22 25 397 0.7218181818181819
30 41 905 0.7357723577235773
29 30 570 0.6551724137931034
21 27 431 0.7601410934744268
22 17 221 0.5909090909090908
9 16 134 0.9305555555555556
48 52 1550 0.6209935897435896
30 32 635 0.6614583333333334
42 43 1103 0.6107419712070875
16 17 206 0.7573529411764706
29 38 802 0.7277676950998185
18 20 269 0.7472222222222222
7 12 81 0.9642857142857143
40 47 1250 0.6648936170212766
10 9 75 0.8333333333333334
73 87 4005 0.6306093528578176
73 77 3275 0.5826365415406511
53 17 221 0.24528301886792453
63 69 2636 0.6063952150908672
44 43 1112 0.587737843551797
32 23 368 0.5
15 19 230 0.8070175438596492
28 26 452 0.6208791208791209
8 8 58 0.90625
39 45 1160 0.660968660968661
86 95 4849 0.5935128518971848
31 40 889 0.7169354838709677
101 96 5040 0.5198019801980198
39 50 1355 0.6948717948717948
106 98 5243 0.5047169811320755
57 81 3239 0.7015377951050465
25 29 515 0.710344827586207
42 58 1733 0.7114121510673235
25 41 815 0.7951219512195122
19 22 313 0.7488038277511961
50 33 693 0.42
18 22 305 0.7702020202020201
41 40 974 0.5939024390243903
27 27 476 0.6529492455418381
36 52 1376 0.735042735042735
16 15 174 0.725
32 31 614 0.6189516129032258
34 39 891 0.6719457013574661
11 8 67 0.7613636363636364
30 40 875 0.7291666666666667
54 37 851 0.42592592592592593
31 36 765 0.6854838709677419
26 24 393 0.6298076923076923
14 21 249 0.846938775510204
28 34 676 0.7100840336134454
26 35 679 0.7461538461538462
19 24 351 0.7697368421052632
31 40 889 0.7169354838709677
24 34 626 0.767156862745098
12 9 80 0.7407407407407408
32 37 806 0.6807432432432432
43 55 1624 0.6866807610993658
30 28 515 0.6130952380952381
14 16 179 0.7991071428571429
16 15 174 0.725
37 39 915 0.6340956340956341
9 16 134 0.9305555555555556
78 93 4553 0.6276537082988696
74 89 4171 0.6333130883692681
40 52 1450 0.6971153846153846
23 29 496 0.7436281859070465
19 24 351 0.7697368421052632
41 46 1220 0.6468716861081655
11 16 155 0.8806818181818182
57 67 2441 0.639172558261325
14 16 179 0.7991071428571429
22 29 485 0.7601880877742947
55 92 3785 0.7480237154150197
96 95 4934 0.5410087719298246
63 61 2132 0.5547749154306532
12 9 80 0.7407407407407408
48 59 1886 0.6659604519774011
24 28 482 0.7172619047619048
40 50 1370 0.685
21 30 494 0.7841269841269842
13 15 159 0.8153846153846154
55 64 2245 0.6377840909090909
77 98 4918 0.6517360190829579
24 23 362 0.6557971014492754
35 48 1215 0.7232142857142857
77 30 585 0.2532467532467532
31 40 889 0.7169354838709677
37 36 804 0.6036036036036037
10 12 105 0.875
54 58 1907 0.6088761174968071
27 22 341 0.5740740740740741
36 42 1016 0.671957671957672
33 29 551 0.5757575757575757
24 21 314 0.623015873015873
37 41 989 0.6519446275543836
13 20 224 0.8615384615384615
41 38 892 0.5725288831835688
43 47 1280 0.6333498268184067
11 9 78 0.7878787878787878
51 60 1979 0.6467320261437909
36 35 764 0.6063492063492063
23 31 542 0.7601683029453016
16 21 270 0.8035714285714286
32 26 455 0.546875
49 52 1558 0.6114599686028257
22 21 309 0.6688311688311688
38 45 1149 0.6719298245614035
33 28 518 0.5606060606060607
27 32 611 0.7071759259259259
43 54 1581 0.6808785529715763
36 49 1268 0.7188208616780045
17 7 56 0.47058823529411764
45 48 1340 0.6203703703703703
59 61 2114 0.5873853848291192
13 12 120 0.7692307692307692
10 11 95 0.8636363636363636
46 76 2635 0.7537185354691075
10 15 135 0.9
31 25 425 0.5483870967741935
49 70 2440 0.7113702623906705
13 12 120 0.7692307692307692
9 9 71 0.8765432098765432
96 35 770 0.22916666666666669
62 76 3059 0.6491935483870968
29 41 889 0.7476871320437343
57 72 2726 0.6642300194931774
28 26 452 0.6208791208791209
28 41 872 0.759581881533101
31 43 982 0.7366841710427606
15 13 140 0.717948717948718
62 68 2563 0.6079222011385199
51 60 1979 0.6467320261437909
21 17 221 0.6190476190476191
13 16 172 0.8269230769230769
32 40 902 0.7046875
33 31 617 0.6031280547409579
31 29 548 0.6095661846496107
18 24 341 0.7893518518518517
21 22 326 0.7056277056277056
19 32 503 0.8273026315789473
16 16 190 0.7421875
27 21 315 0.5555555555555556
17 24 330 0.8088235294117646
54 60 2015 0.6219135802469136
25 33 615 0.7454545454545455
14 14 151 0.7704081632653061
22 24 375 0.7102272727272728
84 89 4316 0.5773140716960942
44 48 1332 0.6306818181818182
61 71 2735 0.6314938813207112
13 7 56 0.6153846153846153
51 51 1520 0.5843906189926952
43 47 1280 0.6333498268184067
21 23 347 0.7184265010351968
27 35 692 0.7322751322751323
35 41 970 0.6759581881533101
77 75 3147 0.5449350649350649
54 62 2123 0.6341099163679809
33 37 815 0.6674856674856674
17 25 347 0.8164705882352941
37 51 1359 0.7201907790143084
6 8 47 0.9791666666666666
62 78 3183 0.6581885856079405
39 47 1238 0.6753955264593563
27 43 908 0.7820844099913866
48 50 1454 0.6058333333333333
15 21 260 0.8253968253968254
17 22 296 0.7914438502673796
64 63 2262 0.5610119047619048
61 84 3528 0.6885245901639344
65 100 4670 0.7184615384615384
18 24 341 0.7893518518518517
31 42 951 0.7304147465437788
42 53 1523 0.6841868823000898
30 43 965 0.748062015503876
26 36 705 0.7532051282051282
55 71 2630 0.6734955185659411
23 30 519 0.7521739130434782
23 33 588 0.7747035573122529
63 82 3455 0.6687959736740224
30 49 1145 0.7789115646258503
19 34 541 0.8374613003095975
41 73 2327 0.7774807885065153
20 24 360 0.75
23 38 703 0.8043478260869565
14 18 207 0.8214285714285715
42 52 1481 0.678113553113553
20 34 560 0.8235294117647058
12 22 236 0.893939393939394
11 19 188 0.8995215311004784
18 13 143 0.6111111111111112
66 69 2663 0.5847606499780413
41 53 1507 0.6935112747353889
44 53 1552 0.6655231560891939
24 27 458 0.70679012345679
61 77 3101 0.6602086438152012
52 88 3448 0.7534965034965034
31 44 1013 0.7426686217008798
34 36 789 0.6446078431372549
32 47 1126 0.7486702127659575
21 37 641 0.8249678249678251
22 21 309 0.6688311688311688
50 50 1465 0.586
38 43 1073 0.6566707466340269
56 69 2538 0.6568322981366459
94 97 5113 0.5607589383636763
93 95 4919 0.5567628749292586
27 38 773 0.753411306042885
19 16 199 0.6546052631578947
12 10 92 0.7666666666666667
34 35 755 0.6344537815126051
54 52 1583 0.5637464387464387
51 55 1724 0.6146167557932264
20 26 400 0.7692307692307693
22 20 287 0.6522727272727272
42 44 1145 0.6195887445887446
12 16 164 0.8541666666666666
25 28 490 0.7000000000000001
26 23 367 0.6137123745819398
10 10 85 0.85
16 37 526 0.8885135135135135
55 72 2685 0.6780303030303031
28 51 1152 0.8067226890756303
14 28 347 0.8852040816326531
12 13 128 0.8205128205128205
16 30 414 0.8625
24 34 626 0.767156862745098
11 19 188 0.8995215311004784
33 38 848 0.6762360446570973
23 32 565 0.7676630434782609
8 19 146 0.9605263157894737
27 38 773 0.753411306042885
21 26 410 0.750915750915751
26 34 653 0.7386877828054299
23 32 565 0.7676630434782609
24 28 482 0.7172619047619048
20 33 540 0.8181818181818182
21 32 536 0.7976190476190477
16 16 190 0.7421875
67 76 3139 0.6164571877454831
68 67 2540 0.5575065847234416
15 16 185 0.7708333333333334
25 36 690 0.7666666666666667
17 20 262 0.7705882352941177
30 31 605 0.6505376344086022
21 15 180 0.5714285714285714
24 23 362 0.6557971014492754
22 28 463 0.7516233766233766
19 25 370 0.7789473684210526
6 6 35 0.9722222222222222
75 67 2546 0.5066666666666666
35 40 935 0.6678571428571429
42 43 1103 0.6107419712070875
24 29 506 0.7270114942528735
35 39 900 0.6593406593406593
52 53 1628 0.590711175616836
45 55 1655 0.6686868686868687
53 61 2057 0.6362511599133931
35 26 455 0.5
15 13 140 0.717948717948718
29 30 570 0.6551724137931034
40 48 1290 0.671875
44 52 1508 0.6590909090909091
37 38 878 0.6244665718349929
34 30 585 0.573529411764706
32 31 614 0.6189516129032258
17 19 245 0.7585139318885449
13 26 302 0.893491124260355
19 25 370 0.7789473684210526
20 19 260 0.6842105263157895
24 32 578 0.7526041666666666
66 68 2597 0.5786541889483067
30 37 785 0.7072072072072072
19 23 332 0.7597254004576659
28 23 368 0.5714285714285714
37 42 1026 0.6602316602316602
52 52 1576 0.5828402366863905
13 17 185 0.83710407239819
28 30 564 0.6714285714285714
27 27 476 0.6529492455418381
13 14 146 0.8021978021978021
61 52 1586 0.5
15 15 170 0.7555555555555556
26 28 497 0.6826923076923077
16 15 174 0.725
31 35 734 0.6764976958525345
89 80 3560 0.5
41 44 1138 0.6308203991130821
24 29 506 0.7270114942528735
41 51 1425 0.6814921090387375
47 61 1964 0.685036623648413
15 16 185 0.7708333333333334
32 43 998 0.7252906976744186
38 30 585 0.5131578947368421
19 14 161 0.6052631578947368
34 36 789 0.6446078431372549
51 43 1118 0.5098039215686274
28 22 341 0.5535714285714286
16 16 190 0.7421875
17 16 194 0.7132352941176471
22 31 529 0.7756598240469209
22 25 397 0.7218181818181819
34 47 1163 0.727784730913642
58 82 3325 0.6991169049621531
