15 27 360 0.8888888888888888
4 6 24 1.0
41 45 1215 0.6585365853658536
38 41 1030 0.6611039794608472
29 24 420 0.603448275862069
30 33 690 0.696969696969697
26 26 466 0.6893491124260355
33 30 612 0.6181818181818183
27 23 390 0.6280193236714976
24 22 357 0.6761363636363636
19 32 517 0.850328947368421
38 26 481 0.48684210526315785
32 31 641 0.6461693548387096
10 12 110 0.9166666666666666
6 9 54 1.0
49 72 2582 0.731859410430839
34 33 716 0.6381461675579323
50 67 2360 0.7044776119402986
28 37 783 0.7557915057915058
36 48 1263 0.7309027777777778
43 54 1619 0.6972437553832903
28 25 447 0.6385714285714286
48 62 2073 0.6965725806451613
13 13 141 0.834319526627219
8 9 69 0.9583333333333334
37 38 910 0.647226173541963
48 46 1305 0.5910326086956522
21 24 384 0.7619047619047619
42 47 1308 0.662613981762918
18 25 372 0.8266666666666667
34 39 920 0.693815987933635
19 15 194 0.6807017543859649
38 41 1030 0.6611039794608472
39 42 1077 0.6575091575091575
15 22 285 0.8636363636363636
4 7 28 1.0
74 87 4092 0.6356011183597391
35 38 895 0.6729323308270677
47 48 1395 0.6183510638297872
36 44 1119 0.7064393939393939
51 56 1821 0.6376050420168067
32 31 641 0.6461693548387096
36 54 1479 0.7608024691358025
23 19 284 0.6498855835240275
13 12 128 0.8205128205128206
4 9 36 1.0
14 19 230 0.8646616541353382
32 34 737 0.6773897058823529
41 51 1461 0.6987087517934003
27 30 579 0.7148148148148148
27 33 660 0.7407407407407407
31 42 977 0.7503840245775729
43 45 1232 0.6366925064599483
40 44 1165 0.6619318181818182
60 58 1995 0.5732758620689655
27 30 579 0.7148148148148148
34 46 1158 0.7404092071611253
16 17 217 0.7977941176470589
19 27 422 0.8226120857699805
33 37 843 0.6904176904176904
30 36 780 0.7222222222222222
35 31 650 0.599078341013825
13 11 115 0.8041958041958043
52 63 2195 0.67002442002442
59 80 3289 0.6968220338983051
28 39 839 0.7683150183150184
40 55 1605 0.7295454545454545
58 81 3320 0.7066836951894423
42 58 1770 0.7266009852216749
53 61 2105 0.6510980513454996
38 43 1106 0.6768665850673194
21 34 594 0.8319327731092436
40 65 2005 0.7711538461538462
41 45 1215 0.6585365853658536
55 64 2295 0.6519886363636364
27 30 579 0.7148148148148148
100 100 5535 0.5535
10 11 100 0.9090909090909091
23 17 238 0.6086956521739131
6 10 60 1.0
32 42 993 0.7388392857142857
20 21 315 0.75
21 27 447 0.7883597883597884
20 29 475 0.8189655172413793
25 35 685 0.7828571428571428
17 12 138 0.676470588235294
60 84 3555 0.7053571428571429
34 39 920 0.693815987933635
21 33 573 0.8268398268398268
24 25 429 0.715
29 27 507 0.6475095785440613
52 64 2247 0.6751802884615384
46 66 2216 0.7299077733860342
33 37 843 0.6904176904176904
18 21 300 0.7936507936507937
50 55 1760 0.64
24 28 501 0.7455357142857143
22 28 480 0.7792207792207791
28 36 755 0.7490079365079365
43 51 1490 0.6794345645234838
15 16 195 0.8125
52 61 2091 0.6592055485498108
23 35 652 0.8099378881987578
33 33 711 0.6528925619834711
42 45 1224 0.6476190476190476
42 52 1518 0.6950549450549451
30 43 990 0.7674418604651163
32 41 961 0.7324695121951219
33 41 975 0.7206208425720622
34 42 1022 0.7156862745098039
53 54 1734 0.6058700209643606
30 39 870 0.7435897435897436
56 67 2477 0.6601812366737739
6 6 36 1.0
95 100 5495 0.578421052631579
33 40 942 0.7136363636363636
53 74 2794 0.7123916369199389
52 71 2611 0.707204767063922
24 31 573 0.7701612903225806
76 94 4659 0.6521556550951848
56 70 2645 0.6747448979591836
53 78 3006 0.7271407837445574
47 58 1865 0.6841526045487893
28 39 839 0.7683150183150184
22 36 656 0.8282828282828283
41 61 1871 0.7481007596961216
40 62 1885 0.7600806451612904
23 41 790 0.8377518557794273
27 35 714 0.7555555555555555
11 13 128 0.8951048951048951
58 74 2914 0.678937558247903
28 29 559 0.6884236453201971
19 20 289 0.7605263157894737
72 79 3477 0.6112869198312236
35 39 930 0.6813186813186813
48 60 1977 0.6864583333333333
30 41 930 0.7560975609756098
77 81 3681 0.5901875901875901
40 56 1645 0.734375
61 57 1937 0.5570894449237849
10 12 110 0.9166666666666666
28 39 839 0.7683150183150184
24 24 405 0.703125
26 29 544 0.7214854111405835
38 49 1334 0.7164339419978518
21 38 678 0.849624060150376
20 26 415 0.7980769230769231
47 53 1630 0.6543556804496186
24 30 549 0.7625
45 51 1515 0.6601307189542484
24 37 717 0.8074324324324325
26 35 700 0.7692307692307693
15 22 285 0.8636363636363636
18 26 390 0.8333333333333334
8 8 61 0.953125
44 49 1415 0.6563079777365491
38 43 1106 0.6768665850673194
34 44 1090 0.7286096256684492
36 35 795 0.6309523809523809
29 28 536 0.6600985221674877
19 22 327 0.7822966507177033
17 15 189 0.7411764705882352
59 63 2286 0.6150121065375302
39 43 1116 0.6654740608228981
27 27 498 0.6831275720164608
35 57 1560 0.7819548872180451
43 50 1447 0.6730232558139535
14 17 202 0.8487394957983193
51 52 1617 0.6097285067873304
30 36 780 0.7222222222222222
16 24 329 0.8567708333333334
98 100 5522 0.563469387755102
54 68 2496 0.6797385620915033
37 35 799 0.6169884169884169
10 16 150 0.9375
46 48 1388 0.6286231884057971
61 27 513 0.3114754098360656
50 53 1660 0.6264150943396227
19 19 270 0.7479224376731303
45 66 2190 0.7373737373737373
27 27 498 0.6831275720164608
50 63 2160 0.6857142857142857
43 46 1275 0.6445904954499495
5 5 25 1.0
42 60 1854 0.7357142857142858
24 29 525 0.7543103448275862
16 18 233 0.8090277777777778
51 48 1413 0.5772058823529412
49 62 2092 0.6886109282422647
16 17 217 0.7977941176470589
42 54 1602 0.7063492063492064
20 27 435 0.8055555555555556
42 52 1518 0.6950549450549451
42 50 1434 0.6828571428571429
100 100 5535 0.5535
36 37 867 0.6509009009009009
32 34 737 0.6773897058823529
43 49 1404 0.6663502610346465
17 23 325 0.8312020460358056
40 49 1365 0.6964285714285714
14 15 174 0.8285714285714286
66 61 2196 0.5454545454545454
13 16 180 0.8653846153846154
13 13 141 0.834319526627219
32 37 833 0.7035472972972973
29 44 1000 0.7836990595611286
24 26 453 0.7259615384615384
9 7 57 0.9047619047619048
17 20 274 0.8058823529411765
6 10 60 1.0
30 42 960 0.7619047619047619
21 31 531 0.815668202764977
18 25 372 0.8266666666666667
27 29 552 0.7049808429118773
10 14 130 0.9285714285714286
25 31 585 0.7548387096774193
38 38 916 0.6343490304709141
30 42 960 0.7619047619047619
25 23 385 0.6695652173913044
43 65 2092 0.748479427549195
10 12 110 0.9166666666666666
43 62 1963 0.7363090772693174
7 7 48 0.9795918367346939
20 22 335 0.7613636363636364
48 53 1641 0.6450471698113207
32 33 705 0.6676136363636364
44 50 1459 0.6631818181818181
22 25 414 0.7527272727272727
21 18 258 0.6825396825396826
19 18 251 0.7339181286549707
22 24 392 0.7424242424242423
25 31 585 0.7548387096774193
35 48 1245 0.7410714285714285
9 7 57 0.9047619047619048
16 19 249 0.819078947368421
21 29 489 0.8029556650246306
19 21 308 0.7719298245614035
19 19 270 0.7479224376731303
44 44 1195 0.6172520661157025
40 45 1205 0.6694444444444444
17 21 291 0.8151260504201681
35 35 790 0.6448979591836735
27 42 903 0.7962962962962963
30 48 1140 0.7916666666666666
18 22 318 0.8030303030303031
8 6 45 0.9375
48 54 1689 0.6516203703703703
32 39 897 0.71875
79 82 3777 0.5830503241741278
64 69 2705 0.6125452898550725
9 15 129 0.9555555555555556
39 51 1428 0.717948717948718
46 55 1710 0.6758893280632411
42 41 1056 0.6132404181184669
55 70 2625 0.6818181818181818
25 29 535 0.7379310344827585
103 100 5547 0.5385436893203884
70 90 4220 0.6698412698412698
30 31 630 0.6774193548387096
5 5 25 1.0
50 46 1310 0.5695652173913043
3 3 9 1.0
15 16 195 0.8125
15 13 150 0.7692307692307693
48 70 2457 0.73125
11 17 172 0.9197860962566845
42 57 1728 0.7218045112781956
18 25 372 0.8266666666666667
10 15 140 0.9333333333333333
12 15 159 0.8833333333333333
46 61 1986 0.7077690662865288
22 23 370 0.7312252964426876
20 23 355 0.7717391304347826
13 17 193 0.8733031674208145
27 31 606 0.7240143369175627
16 24 329 0.8567708333333334
30 36 780 0.7222222222222222
20 27 435 0.8055555555555556
17 27 393 0.8562091503267973
25 20 310 0.62
43 58 1791 0.7181234963913392
12 13 135 0.8653846153846154
42 53 1560 0.7008086253369272
66 82 3582 0.6618625277161863
18 17 228 0.7450980392156863
28 39 839 0.7683150183150184
14 21 258 0.8775510204081632
14 21 258 0.8775510204081632
19 31 498 0.8455008488964346
31 59 1504 0.8223072717331875
43 51 1490 0.6794345645234838
31 36 791 0.7087813620071685
15 23 300 0.8695652173913043
24 31 573 0.7701612903225806
45 45 1245 0.6148148148148148
51 55 1770 0.6310160427807486
14 9 90 0.7142857142857143
64 72 2897 0.6286892361111112
45 60 1920 0.711111111111111
22 30 524 0.7939393939393938
26 38 778 0.7874493927125507
35 49 1280 0.7463556851311953
31 31 636 0.6618106139438085
51 48 1413 0.5772058823529412
35 43 1070 0.7109634551495017
26 41 856 0.8030018761726078
39 55 1584 0.7384615384615384
42 61 1896 0.7400468384074942
50 63 2160 0.6857142857142857
13 18 206 0.8803418803418803
7 6 41 0.9761904761904762
34 49 1260 0.7563025210084034
22 24 392 0.7424242424242423
30 37 810 0.7297297297297297
29 30 594 0.6827586206896552
21 30 510 0.8095238095238095
22 22 348 0.71900826446281
9 13 111 0.9487179487179488
48 48 1401 0.6080729166666666
30 41 930 0.7560975609756098
42 46 1266 0.65527950310559
16 21 281 0.8363095238095238
29 35 739 0.7280788177339902
18 20 282 0.7833333333333333
7 12 83 0.9880952380952381
40 65 2005 0.7711538461538462
10 9 80 0.8888888888888888
73 95 4657 0.671521268925739
73 89 4219 0.6493766353701709
53 57 1893 0.6266137040714995
63 86 3765 0.694905869324474
44 52 1547 0.6761363636363635
32 38 865 0.7113486842105263
15 16 195 0.8125
28 30 587 0.6988095238095239
8 8 61 0.953125
39 43 1116 0.6654740608228981
86 100 5360 0.6232558139534884
31 38 853 0.7241086587436333
101 100 5540 0.5485148514851486
39 52 1467 0.7233727810650887
106 100 5550 0.5235849056603774
57 77 3063 0.6978810663021189
25 35 685 0.7828571428571428
42 63 1980 0.7482993197278912
25 39 785 0.805128205128205
19 22 327 0.7822966507177033
50 36 846 0.47000000000000003
18 25 372 0.8266666666666667
41 38 928 0.5956354300385108
27 27 498 0.6831275720164608
36 49 1299 0.7363945578231293
16 16 201 0.78515625
32 37 833 0.7035472972972973
34 39 920 0.693815987933635
11 12 117 0.8863636363636364
30 38 840 0.7368421052631579
54 36 846 0.4351851851851852
31 39 884 0.7311827956989247
26 22 362 0.6328671328671329
14 23 286 0.888198757763975
28 38 811 0.762218045112782
26 40 830 0.7980769230769231
19 22 327 0.7822966507177033
31 42 977 0.7503840245775729
24 33 621 0.7840909090909091
12 10 99 0.825
32 47 1153 0.7666223404255319
43 55 1662 0.7027484143763214
30 32 660 0.6875
14 19 230 0.8646616541353382
16 19 249 0.819078947368421
37 41 1021 0.6730388925510876
9 9 75 0.925925925925926
78 76 3300 0.5566801619433198
74 81 3648 0.6086086086086087
40 60 1805 0.7520833333333333
23 23 376 0.7107750472589792
19 23 346 0.7917620137299771
41 50 1420 0.6926829268292682
11 22 227 0.9380165289256198
57 80 3234 0.7092105263157895
14 19 230 0.8646616541353382
22 24 392 0.7424242424242423
55 83 3340 0.7316538882803943
96 100 5505 0.5734375
63 68 2631 0.6141456582633052
12 10 99 0.825
48 56 1785 0.6640625
24 34 645 0.7904411764705882
40 57 1685 0.7390350877192983
21 11 121 0.5238095238095238
13 15 167 0.8564102564102565
55 65 2350 0.6573426573426573
77 100 5144 0.668051948051948
24 26 453 0.7259615384615384
35 48 1245 0.7410714285714285
77 38 931 0.3181818181818182
31 42 977 0.7503840245775729
37 49 1317 0.7264202978488693
10 14 130 0.9285714285714286
54 57 1902 0.6179337231968811
27 31 606 0.7240143369175627
36 51 1371 0.7467320261437909
33 50 1272 0.770909090909091
24 27 477 0.7361111111111112
37 54 1502 0.7517517517517518
13 16 180 0.8653846153846154
41 44 1174 0.6507760532150776
43 53 1576 0.6915313734093901
11 10 95 0.8636363636363636
51 68 2433 0.7015570934256055
36 45 1155 0.712962962962963
23 37 698 0.8202115158636898
16 17 217 0.7977941176470589
32 26 481 0.578125
49 55 1749 0.6489795918367347
22 22 348 0.71900826446281
38 46 1220 0.6979405034324944
33 28 546 0.5909090909090909
27 29 552 0.7049808429118773
43 39 974 0.580799045915325
36 42 1047 0.6924603174603174
17 15 189 0.7411764705882352
45 81 2865 0.7860082304526749
59 74 2935 0.6722400366468163
13 6 51 0.6538461538461539
10 11 100 0.9090909090909091
46 61 1986 0.7077690662865288
10 17 160 0.9411764705882353
31 34 729 0.6916508538899431
49 64 2190 0.6983418367346939
13 15 167 0.8564102564102565
9 9 75 0.925925925925926
96 30 615 0.21354166666666666
62 84 3612 0.6935483870967742
29 37 797 0.7427772600186393
57 85 3519 0.7263157894736842
28 33 671 0.7261904761904763
28 26 475 0.6524725274725275
31 43 1008 0.7561890472618155
15 13 150 0.7692307692307693
62 71 2806 0.6374375283961835
51 71 2586 0.7141673570836785
21 21 321 0.7278911564625851
13 22 258 0.9020979020979021
32 44 1057 0.7507102272727273
33 44 1074 0.7396694214876033
31 37 822 0.7166521360069747
18 25 372 0.8266666666666667
21 29 489 0.8029556650246306
19 28 441 0.8289473684210525
16 17 217 0.7977941176470589
27 25 444 0.6577777777777777
17 23 325 0.8312020460358056
54 71 2658 0.6932707355242567
25 32 610 0.7625
14 12 132 0.7857142857142857
22 27 458 0.771043771043771
84 100 5319 0.6332142857142857
44 56 1723 0.6992694805194805
61 76 3096 0.6678170836928387
13 13 141 0.834319526627219
51 83 3198 0.7554925584691707
43 51 1490 0.6794345645234838
21 24 384 0.7619047619047619
27 33 660 0.7407407407407407
35 46 1175 0.7298136645962733
77 98 4990 0.6612774980121918
54 66 2388 0.67003367003367
33 39 909 0.7062937062937064
17 29 427 0.8661257606490872
37 48 1280 0.7207207207207208
6 8 48 1.0
62 80 3364 0.6782258064516129
39 67 2052 0.7853042479908151
27 41 876 0.7913279132791328
48 90 3417 0.7909722222222222
15 20 255 0.85
17 28 410 0.861344537815126
64 73 2961 0.6337756849315068
61 100 4560 0.7475409836065573
65 100 4730 0.7276923076923077
18 18 246 0.7592592592592592
31 41 946 0.7442958300550747
42 47 1308 0.662613981762918
30 46 1080 0.782608695652174
26 47 1012 0.8281505728314238
55 63 2240 0.6464646464646464
23 30 537 0.7782608695652175
23 29 514 0.7706146926536732
63 65 2442 0.5963369963369963
30 42 960 0.7619047619047619
19 39 650 0.8771929824561403
41 70 2240 0.7804878048780488
20 28 455 0.8125
23 31 560 0.785413744740533
14 21 258 0.8775510204081632
42 55 1644 0.7116883116883117
20 29 475 0.8189655172413793
12 19 207 0.9078947368421053
11 17 172 0.9197860962566845
18 14 174 0.6904761904761905
66 85 3780 0.6737967914438503
41 48 1338 0.6798780487804877
44 51 1503 0.6697860962566844
24 40 789 0.821875
61 61 2181 0.5861327600107498
52 74 2767 0.719074844074844
31 43 1008 0.7561890472618155
34 34 750 0.6487889273356401
32 48 1185 0.771484375
21 31 531 0.815668202764977
22 33 590 0.8126721763085399
50 52 1610 0.6192307692307693
38 51 1410 0.7275541795665635
56 71 2701 0.6793259557344064
94 100 5484 0.583404255319149
93 100 5472 0.5883870967741935
27 38 795 0.7748538011695906
19 26 403 0.8157894736842105
12 16 171 0.890625
34 46 1158 0.7404092071611253
54 61 2118 0.6429872495446266
51 76 2841 0.7329721362229101
20 19 275 0.7236842105263158
22 23 370 0.7312252964426876
42 54 1602 0.7063492063492064
12 14 147 0.875
25 29 535 0.7379310344827585
26 35 700 0.7692307692307693
10 12 110 0.9166666666666666
16 11 121 0.6875
55 72 2735 0.6906565656565656
28 39 839 0.7683150183150184
14 24 300 0.8928571428571428
12 13 135 0.8653846153846154
16 23 313 0.8505434782608695
24 23 381 0.6902173913043478
11 15 150 0.9090909090909091
33 34 744 0.6631016042780749
23 28 491 0.7624223602484472
8 9 69 0.9583333333333334
27 37 768 0.7687687687687688
21 26 426 0.7802197802197802
26 36 726 0.7756410256410257
23 27 468 0.7536231884057971
24 37 717 0.8074324324324325
20 36 615 0.8541666666666666
21 37 657 0.8455598455598455
16 20 265 0.828125
67 43 1161 0.40298507462686567
68 88 4031 0.6736296791443851
15 18 225 0.8333333333333334
25 23 385 0.6695652173913044
17 20 274 0.8058823529411765
30 31 630 0.6774193548387096
21 24 384 0.7619047619047619
24 35 669 0.7964285714285714
22 27 458 0.771043771043771
19 30 479 0.8403508771929824
6 6 36 1.0
75 27 513 0.25333333333333335
35 35 790 0.6448979591836735
42 52 1518 0.6950549450549451
24 28 501 0.7455357142857143
35 45 1140 0.7238095238095238
52 58 1935 0.64157824933687
45 52 1560 0.6666666666666666
53 63 2211 0.6621743036837376
35 48 1245 0.7410714285714285
15 18 225 0.8333333333333334
29 43 971 0.7786688051323176
40 45 1205 0.6694444444444444
44 46 1283 0.6338932806324111
37 40 984 0.6648648648648648
34 39 920 0.693815987933635
32 36 801 0.6953125
17 23 325 0.8312020460358056
13 20 232 0.8923076923076924
19 42 707 0.8859649122807017
20 20 295 0.7375
24 36 693 0.8020833333333334
66 78 3318 0.6445221445221445
30 42 960 0.7619047619047619
19 23 346 0.7917620137299771
28 28 531 0.6772959183673469
37 50 1354 0.731891891891892
52 55 1779 0.622027972027972
13 16 180 0.8653846153846154
28 34 699 0.7342436974789917
27 30 579 0.7148148148148148
13 18 206 0.8803418803418803
61 70 2730 0.639344262295082
15 21 270 0.8571428571428571
26 35 700 0.7692307692307693
16 14 169 0.7544642857142857
31 46 1101 0.7720897615708274
89 86 4168 0.5445518683041547
41 48 1338 0.6798780487804877
24 30 549 0.7625
41 51 1461 0.6987087517934003
47 62 2053 0.7045298558682224
15 25 330 0.88
32 42 993 0.7388392857142857
38 50 1372 0.7221052631578948
19 20 289 0.7605263157894737
34 32 682 0.6268382352941176
51 55 1770 0.6310160427807486
28 24 419 0.6235119047619048
16 18 233 0.8090277777777778
17 20 274 0.8058823529411765
22 36 656 0.8282828282828283
22 36 656 0.8282828282828283
34 50 1294 0.7611764705882353
58 81 3320 0.7066836951894423
