15 26 324 0.8307692307692308
4 9 36 1.0
41 37 814 0.5365853658536586
38 44 1077 0.6441387559808612
29 28 487 0.5997536945812808
30 23 345 0.5
26 24 371 0.594551282051282
33 31 588 0.5747800586510263
27 30 534 0.6592592592592593
24 22 318 0.6022727272727273
19 21 279 0.6992481203007519
38 38 849 0.5879501385041551
32 35 714 0.6375
10 14 119 0.85
6 9 51 0.9444444444444444
49 55 1660 0.6159554730983302
34 33 657 0.5855614973262032
50 59 1869 0.6335593220338983
28 40 820 0.7321428571428571
36 53 1380 0.7232704402515724
43 47 1241 0.6140524492825334
28 33 624 0.6753246753246753
48 49 1362 0.5790816326530612
13 21 228 0.8351648351648352
8 13 94 0.9038461538461539
37 37 808 0.5902118334550768
48 58 1794 0.6443965517241379
21 23 330 0.6832298136645962
42 48 1275 0.6324404761904762
18 21 273 0.7222222222222222
34 39 861 0.6493212669683258
19 25 355 0.7473684210526317
38 49 1267 0.680451127819549
39 41 969 0.6060037523452158
15 24 294 0.8166666666666668
4 10 40 1.0
74 100 4915 0.6641891891891892
35 39 869 0.6366300366300367
47 52 1498 0.6129296235679214
36 42 984 0.6507936507936508
51 66 2238 0.6648841354723708
32 17 204 0.375
36 36 768 0.5925925925925926
23 26 408 0.6822742474916388
13 21 228 0.8351648351648352
4 9 36 1.0
14 21 239 0.8129251700680273
32 34 682 0.6268382352941176
41 44 1101 0.6103104212860311
27 15 165 0.4074074074074074
27 31 561 0.6702508960573477
31 44 986 0.722873900293255
43 47 1241 0.6140524492825334
40 41 974 0.5939024390243903
60 36 774 0.35833333333333334
27 32 588 0.6805555555555556
34 39 861 0.6493212669683258
16 18 210 0.7291666666666666
19 24 336 0.736842105263158
33 36 753 0.6338383838383838
30 38 789 0.6921052631578948
35 33 659 0.5705627705627706
13 18 189 0.8076923076923077
52 72 2568 0.6858974358974359
59 77 3003 0.6610169491525424
28 37 736 0.7104247104247104
40 22 319 0.3625
58 83 3329 0.6915247195679268
42 52 1443 0.6607142857142857
53 70 2485 0.6698113207547169
38 51 1343 0.6929824561403509
21 27 414 0.7301587301587302
40 50 1334 0.667
41 44 1101 0.6103104212860311
55 66 2304 0.6347107438016529
27 29 507 0.6475095785440613
100 82 3649 0.445
10 11 89 0.8090909090909091
23 34 592 0.7570332480818415
6 7 39 0.9285714285714286
32 45 1034 0.7180555555555556
20 26 384 0.7384615384615384
21 27 414 0.7301587301587302
20 30 464 0.7733333333333333
25 33 594 0.7200000000000001
17 11 99 0.5294117647058824
60 86 3564 0.6906976744186046
34 39 861 0.6493212669683258
21 32 519 0.7723214285714286
24 29 486 0.6982758620689655
29 30 545 0.6264367816091954
52 67 2308 0.6624569460390356
46 68 2225 0.7113171355498721
33 34 687 0.6122994652406417
18 22 291 0.7348484848484849
50 67 2269 0.6773134328358209
24 31 534 0.717741935483871
22 29 467 0.731974921630094
28 32 596 0.6651785714285714
43 58 1714 0.6872493985565358
15 17 189 0.7411764705882353
52 64 2152 0.6466346153846154
23 26 408 0.6822742474916388
33 38 819 0.6531100478468899
42 46 1191 0.6164596273291926
42 50 1359 0.6471428571428571
30 38 789 0.6921052631578948
32 37 778 0.6570945945945946
33 32 621 0.5880681818181818
34 43 997 0.6819425444596443
53 54 1637 0.5719776380153738
30 41 879 0.7146341463414634
56 69 2486 0.6433747412008282
6 6 33 0.9166666666666666
95 100 5314 0.5593684210526316
33 42 951 0.6861471861471861
53 60 1955 0.6147798742138364
52 62 2048 0.6352357320099256
24 37 678 0.7635135135135135
76 100 4972 0.6542105263157895
56 83 3270 0.7035283993115319
53 75 2750 0.6918238993710691
47 62 1968 0.6753603294440632
28 43 904 0.7508305647840531
22 30 489 0.7409090909090909
41 61 1798 0.7189124350259896
40 74 2294 0.775
23 41 753 0.7985153764581124
27 31 561 0.6702508960573477
11 17 159 0.8502673796791445
58 62 2111 0.5870411568409344
28 37 736 0.7104247104247104
19 25 355 0.7473684210526317
72 100 4854 0.6741666666666667
35 41 939 0.6543554006968642
48 76 2658 0.7286184210526315
30 44 969 0.734090909090909
77 86 3921 0.592117185140441
40 48 1254 0.6531250000000001
61 80 3227 0.6612704918032787
10 14 119 0.85
28 33 624 0.6753246753246753
24 31 534 0.717741935483871
26 36 683 0.7297008547008548
38 52 1381 0.6988866396761134
21 35 582 0.7918367346938776
20 31 484 0.7806451612903226
47 57 1733 0.6468831653602091
24 30 510 0.7083333333333334
45 48 1299 0.6013888888888889
24 35 630 0.75
26 36 683 0.7297008547008548
15 18 204 0.7555555555555555
18 28 399 0.7916666666666667
8 9 62 0.8611111111111112
44 48 1292 0.6117424242424242
38 47 1191 0.6668533034714446
34 44 1031 0.6891711229946524
36 42 984 0.6507936507936508
29 27 458 0.5849297573435505
19 22 298 0.7129186602870813
17 8 60 0.4411764705882353
59 72 2708 0.6374764595103578
39 45 1125 0.6410256410256411
27 34 642 0.6993464052287582
35 50 1254 0.7165714285714286
43 54 1542 0.6640826873385014
14 16 169 0.7544642857142857
51 59 1881 0.6251246261216351
30 37 759 0.6837837837837838
16 23 290 0.7880434782608695
98 100 5335 0.5443877551020408
54 71 2559 0.6674491392801252
37 30 555 0.5
10 15 129 0.86
46 51 1443 0.6150895140664961
61 13 130 0.1639344262295082
50 57 1769 0.620701754385965
19 19 241 0.667590027700831
45 67 2154 0.7144278606965174
27 32 588 0.6805555555555556
50 67 2269 0.6773134328358209
43 40 940 0.5465116279069767
5 5 24 0.96
42 49 1317 0.6399416909620992
24 28 462 0.6875
16 22 274 0.7784090909090909
51 52 1524 0.5746606334841629
49 62 2003 0.6593153390388413
16 18 210 0.7291666666666666
42 53 1485 0.6671159029649595
20 26 384 0.7384615384615384
42 48 1275 0.6324404761904762
42 50 1359 0.6471428571428571
100 100 5344 0.5344
36 37 804 0.6036036036036035
32 37 778 0.6570945945945946
43 39 897 0.5348837209302325
17 17 198 0.6851211072664359
40 48 1254 0.6531250000000001
14 16 169 0.7544642857142857
66 57 1824 0.48484848484848486
13 15 150 0.7692307692307693
13 13 124 0.7337278106508875
32 40 874 0.6828125
29 44 951 0.7452978056426333
24 27 438 0.6759259259259259
9 9 66 0.8148148148148148
17 22 283 0.7566844919786097
6 8 45 0.9375
30 34 669 0.6558823529411765
21 26 393 0.7197802197802198
18 26 363 0.7756410256410257
27 24 372 0.5740740740740741
10 12 99 0.8250000000000001
25 35 644 0.7360000000000001
38 45 1115 0.652046783625731
30 36 729 0.675
25 23 344 0.5982608695652174
43 77 2531 0.7644216248867413
10 12 99 0.8250000000000001
43 31 589 0.4418604651162791
7 8 50 0.8928571428571429
20 24 344 0.7166666666666667
48 59 1842 0.6504237288135594
32 34 682 0.6268382352941176
44 58 1732 0.6786833855799373
22 26 401 0.701048951048951
21 18 225 0.5952380952380952
19 19 241 0.667590027700831
22 24 357 0.6761363636363636
25 35 644 0.7360000000000001
35 46 1114 0.6919254658385093
9 11 84 0.8484848484848485
16 15 162 0.675
21 31 498 0.7649769585253456
19 22 298 0.7129186602870813
19 17 203 0.628482972136223
44 46 1204 0.5948616600790514
40 44 1094 0.6215909090909091
17 23 300 0.7672634271099745
35 36 764 0.6063492063492064
27 38 750 0.7309941520467836
30 43 939 0.727906976744186
18 23 309 0.746376811594203
8 9 62 0.8611111111111112
48 46 1218 0.5516304347826086
32 38 810 0.6661184210526315
79 93 4497 0.6120865659452839
64 9 72 0.125
9 19 156 0.9122807017543859
39 47 1203 0.6563011456628478
46 47 1259 0.5823311748381129
42 41 981 0.5696864111498258
55 85 3349 0.7163636363636363
25 27 444 0.6577777777777778
103 100 5350 0.5194174757281553
70 84 3669 0.6239795918367347
30 30 549 0.61
5 5 24 0.96
50 21 294 0.27999999999999997
3 3 9 1.0
15 18 204 0.7555555555555555
15 8 60 0.5
48 74 2562 0.7212837837837838
11 13 115 0.8041958041958043
42 59 1737 0.7009685230024213
18 21 273 0.7222222222222222
10 15 129 0.86
12 15 144 0.8
46 61 1903 0.6781895937277264
22 23 335 0.6620553359683794
20 26 384 0.7384615384615384
13 19 202 0.8178137651821862
27 33 615 0.6902356902356903
16 26 338 0.8125
30 37 759 0.6837837837837838
20 24 344 0.7166666666666667
17 27 368 0.8017429193899782
25 25 394 0.6304
43 64 1972 0.7165697674418605
12 18 180 0.8333333333333334
42 50 1359 0.6471428571428571
66 83 3525 0.6434830230010953
18 20 255 0.7083333333333333
28 26 428 0.5879120879120879
14 18 197 0.7817460317460317
14 20 225 0.8035714285714286
19 9 72 0.42105263157894735
31 75 1947 0.8374193548387097
43 57 1671 0.6817625458996328
31 37 769 0.6704446381865736
15 24 294 0.8166666666666668
24 28 462 0.6875
45 44 1119 0.5651515151515152
51 73 2595 0.6970185334407736
14 9 72 0.5714285714285715
64 95 4250 0.6990131578947368
45 46 1209 0.5840579710144927
22 27 423 0.712121212121212
26 33 605 0.7051282051282052
35 49 1219 0.7107871720116619
31 33 645 0.6304985337243402
51 84 3156 0.7366946778711485
35 43 1009 0.6704318936877076
26 38 735 0.7439271255060729
39 57 1593 0.7165991902834008
42 47 1233 0.6246200607902735
50 68 2319 0.6820588235294118
13 18 189 0.8076923076923077
7 10 64 0.9142857142857143
34 46 1099 0.7026854219948848
22 30 489 0.7409090909090909
30 36 729 0.675
29 31 574 0.6384872080088988
21 29 456 0.748768472906404
22 23 335 0.6620553359683794
9 15 120 0.888888888888889
48 46 1218 0.5516304347826086
30 35 699 0.6657142857142857
42 56 1611 0.6849489795918366
16 22 274 0.7784090909090909
29 46 1009 0.7563718140929536
18 20 255 0.7083333333333333
7 12 78 0.9285714285714285
40 56 1574 0.7026785714285715
10 11 89 0.8090909090909091
73 46 1219 0.363013698630137
73 100 4885 0.6691780821917809
53 52 1531 0.5555152394775036
63 93 4089 0.697900665642601
44 50 1380 0.6272727272727273
32 37 778 0.6570945945945946
15 25 309 0.8240000000000001
28 35 680 0.6938775510204082
8 8 54 0.84375
39 55 1515 0.7062937062937064
86 100 5197 0.6043023255813954
31 44 986 0.722873900293255
101 100 5347 0.5294059405940594
39 46 1164 0.6488294314381271
106 100 5350 0.5047169811320754
57 74 2787 0.6607396870554765
25 33 594 0.7200000000000001
42 56 1611 0.6849489795918366
25 30 519 0.6920000000000001
19 24 336 0.736842105263158
50 39 897 0.46
18 23 309 0.746376811594203
41 34 697 0.5
27 27 453 0.6213991769547326
36 48 1200 0.6944444444444445
16 16 178 0.6953125
32 10 85 0.265625
34 46 1099 0.7026854219948848
11 9 71 0.7171717171717171
30 37 759 0.6837837837837838
54 27 459 0.3148148148148148
31 40 862 0.6951612903225806
26 23 345 0.576923076923077
14 23 267 0.829192546583851
28 37 736 0.7104247104247104
26 39 761 0.7504930966469429
19 23 317 0.725400457665904
31 42 924 0.7096774193548386
24 30 510 0.7083333333333334
12 12 108 0.75
32 37 778 0.6570945945945946
43 50 1370 0.6372093023255814
30 34 669 0.6558823529411765
14 18 197 0.7817460317460317
16 16 178 0.6953125
37 29 522 0.4864864864864865
9 14 111 0.880952380952381
78 93 4479 0.6174524400330852
74 100 4915 0.6641891891891892
40 58 1654 0.7129310344827586
23 32 546 0.7418478260869565
19 24 336 0.736842105263158
41 53 1470 0.6764841233317993
11 18 170 0.8585858585858586
57 70 2559 0.6413533834586466
14 16 169 0.7544642857142857
22 22 313 0.6466942148760331
55 77 2909 0.6868949232585596
96 100 5322 0.554375
63 84 3522 0.6655328798185941
12 13 120 0.7692307692307693
48 58 1794 0.6443965517241379
24 31 534 0.717741935483871
40 52 1414 0.6798076923076923
21 29 456 0.748768472906404
13 12 111 0.7115384615384616
55 80 3074 0.6986363636363636
77 100 4999 0.6492207792207791
24 23 342 0.6195652173913043
35 48 1184 0.7047619047619048
77 74 2997 0.525974025974026
31 37 769 0.6704446381865736
37 51 1326 0.7027027027027027
10 19 169 0.8894736842105262
54 59 1911 0.5998116760828625
27 25 399 0.5911111111111111
36 57 1524 0.7426900584795322
33 41 918 0.6784922394678492
24 21 294 0.5833333333333334
37 40 919 0.620945945945946
13 17 176 0.7963800904977375
41 51 1388 0.6637972262075561
43 52 1456 0.6511627906976745
11 11 93 0.768595041322314
51 62 2034 0.6432637571157496
36 37 804 0.6036036036036035
23 46 868 0.8204158790170133
16 19 226 0.743421052631579
32 32 618 0.603515625
49 55 1660 0.6159554730983302
22 25 379 0.6890909090909091
38 49 1267 0.680451127819549
33 32 621 0.5880681818181818
27 33 615 0.6902356902356903
43 55 1585 0.6701902748414377
36 52 1344 0.717948717948718
17 8 60 0.4411764705882353
45 68 2199 0.7186274509803922
59 91 3829 0.7131681877444589
13 10 85 0.6538461538461539
10 11 89 0.8090909090909091
46 54 1581 0.6364734299516909
10 16 139 0.86875
31 35 707 0.6516129032258065
49 72 2493 0.7066326530612245
13 14 137 0.7527472527472527
9 14 111 0.880952380952381
96 53 1590 0.3125
62 87 3683 0.6827956989247312
29 36 719 0.6886973180076628
57 93 3870 0.7300509337860781
28 31 568 0.6543778801843317
28 30 540 0.6428571428571428
31 44 986 0.722873900293255
15 13 129 0.6615384615384615
62 50 1425 0.45967741935483875
51 64 2136 0.6544117647058824
21 33 540 0.7792207792207793
13 17 176 0.7963800904977375
32 45 1034 0.7180555555555556
33 34 687 0.6122994652406417
31 40 862 0.6951612903225806
18 27 381 0.7839506172839507
21 30 477 0.7571428571428572
19 33 507 0.8086124401913876
16 17 194 0.7132352941176471
27 42 858 0.7566137566137566
17 20 249 0.7323529411764705
54 34 697 0.3796296296296296
25 34 619 0.7282352941176471
14 15 155 0.738095238095238
22 27 423 0.712121212121212
84 100 5160 0.6142857142857143
44 55 1600 0.6611570247933884
61 83 3410 0.6735137270393047
13 11 98 0.6853146853146853
51 54 1626 0.5904139433551199
43 54 1542 0.6640826873385014
21 26 393 0.7197802197802198
27 36 696 0.7160493827160495
35 48 1184 0.7047619047619048
77 81 3536 0.5669392336059003
54 66 2289 0.6422558922558922
33 39 852 0.662004662004662
17 25 334 0.7858823529411765
37 100 3139 0.8483783783783784
6 7 39 0.9285714285714286
62 77 3063 0.6416003351487223
39 62 1788 0.739454094292804
27 41 831 0.7506775067750677
48 49 1362 0.5790816326530612
15 22 264 0.8
17 24 317 0.7769607843137255
64 73 2842 0.608304794520548
61 79 3166 0.6569827765096493
65 96 4349 0.6969551282051282
18 26 363 0.7756410256410257
31 50 1172 0.7561290322580645
42 53 1485 0.6671159029649595
30 40 849 0.7075
26 42 839 0.7683150183150182
55 70 2524 0.6555844155844156
23 37 661 0.7767332549941246
23 31 523 0.7335203366058907
63 44 1122 0.40476190476190477
30 43 939 0.727906976744186
19 25 355 0.7473684210526317
41 69 2126 0.751502297631672
20 27 404 0.7481481481481481
23 43 799 0.80788675429727
14 23 267 0.829192546583851
42 54 1527 0.6732804232804233
20 36 584 0.8111111111111111
12 18 180 0.8333333333333334
11 20 192 0.8727272727272727
18 19 237 0.6929824561403508
66 89 3921 0.6675178753830439
41 68 2085 0.7478479196556671
44 52 1468 0.6416083916083917
24 29 486 0.6982758620689655
61 76 2983 0.6434426229508197
52 85 3244 0.7339366515837105
31 37 769 0.6704446381865736
34 42 963 0.6743697478991597
32 55 1354 0.7693181818181818
21 27 414 0.7301587301587302
22 16 184 0.5227272727272727
50 83 3069 0.7395180722891567
38 56 1533 0.7203947368421053
56 68 2430 0.6381302521008404
94 100 5305 0.5643617021276596
93 87 4089 0.5053763440860215
27 40 804 0.7444444444444445
19 12 114 0.5
12 16 156 0.8125
34 32 623 0.5726102941176471
54 72 2613 0.6720679012345678
51 69 2391 0.6794543904518329
20 23 324 0.7043478260869565
22 26 401 0.701048951048951
42 55 1569 0.6792207792207792
12 13 120 0.7692307692307693
25 30 519 0.6920000000000001
26 40 787 0.7567307692307692
10 11 89 0.8090909090909091
16 23 290 0.7880434782608695
55 80 3074 0.6986363636363636
28 43 904 0.7508305647840531
14 21 239 0.8129251700680273
12 20 204 0.85
16 15 162 0.675
24 20 270 0.5625
11 17 159 0.8502673796791445
33 37 786 0.6437346437346437
23 37 661 0.7767332549941246
8 9 62 0.8611111111111112
27 50 1074 0.7955555555555556
21 27 414 0.7301587301587302
26 42 839 0.7683150183150182
23 37 661 0.7767332549941246
24 26 414 0.6634615384615384
20 30 464 0.7733333333333333
21 44 771 0.8344155844155844
16 18 210 0.7291666666666666
67 86 3746 0.6501214855952794
68 86 3768 0.6443228454172367
15 16 174 0.725
25 27 444 0.6577777777777778
17 20 249 0.7323529411764705
30 27 459 0.5666666666666667
21 20 267 0.6357142857142857
24 36 654 0.7569444444444444
22 21 291 0.6298701298701298
19 37 583 0.8293029871977241
6 7 39 0.9285714285714286
75 51 1479 0.38666666666666666
35 42 974 0.6625850340136055
42 51 1401 0.6540616246498598
24 30 510 0.7083333333333334
35 44 1044 0.6779220779220779
52 56 1736 0.5961538461538461
45 51 1434 0.6248366013071895
53 61 2008 0.6210949582431178
35 39 869 0.6366300366300367
15 18 204 0.7555555555555555
29 34 661 0.6703853955375253
40 49 1294 0.6602040816326531
44 46 1204 0.5948616600790514
37 35 734 0.5667953667953668
34 42 963 0.6743697478991597
32 38 810 0.6661184210526315
17 26 351 0.7941176470588236
13 26 293 0.8668639053254439
19 37 583 0.8293029871977241
20 22 304 0.6909090909090909
24 41 774 0.7865853658536586
66 83 3525 0.6434830230010953
30 41 879 0.7146341463414634
19 23 317 0.725400457665904
28 28 484 0.6173469387755102
37 36 771 0.5788288288288288
52 66 2256 0.6573426573426574
13 20 215 0.826923076923077
28 31 568 0.6543778801843317
27 29 507 0.6475095785440613
13 15 150 0.7692307692307693
61 68 2495 0.6014946962391514
15 15 159 0.7066666666666667
26 29 501 0.6644562334217506
16 16 178 0.6953125
31 47 1079 0.7405628002745367
89 100 5245 0.5893258426966291
41 52 1429 0.6702626641651032
24 27 438 0.6759259259259259
41 56 1593 0.6938153310104529
47 68 2250 0.7040050062578223
15 27 339 0.8370370370370371
32 36 746 0.6475694444444444
38 46 1153 0.6596109839816934
19 19 241 0.667590027700831
34 34 691 0.5977508650519031
51 67 2289 0.6698858647936786
28 30 540 0.6428571428571428
16 19 226 0.743421052631579
17 15 164 0.6431372549019607
22 30 489 0.7409090909090909
22 85 1699 0.9085561497326204
34 51 1269 0.731833910034602
58 91 3793 0.7186434255399773
