15 20 245 0.8166666666666667
4 6 24 1.0
41 37 851 0.5609756097560976
38 46 1187 0.6790617848970252
29 25 425 0.5862068965517241
30 33 665 0.6717171717171717
26 24 393 0.6298076923076923
33 31 617 0.6031280547409579
27 29 530 0.6768837803320562
24 29 506 0.7270114942528735
19 19 256 0.7091412742382271
38 29 551 0.5
32 45 1062 0.7375
10 15 135 0.9
6 8 47 0.9791666666666666
49 42 1071 0.5204081632653061
34 33 687 0.6122994652406417
50 68 2365 0.6955882352941176
28 38 788 0.7406015037593985
36 50 1304 0.7244444444444444
43 57 1710 0.6976744186046512
28 28 508 0.6479591836734694
48 64 2126 0.6920572916666666
13 20 224 0.8615384615384615
8 9 66 0.9166666666666666
37 30 585 0.527027027027027
48 51 1502 0.613562091503268
21 25 389 0.740952380952381
42 47 1271 0.64387031408308
18 22 305 0.7702020202020201
34 39 891 0.6719457013574661
19 22 313 0.7488038277511961
38 36 807 0.5899122807017544
39 38 887 0.5985155195681512
15 29 380 0.8735632183908045
4 10 40 1.0
74 61 2135 0.47297297297297297
35 29 551 0.5428571428571428
47 52 1541 0.6305237315875615
36 34 728 0.5947712418300654
51 54 1673 0.6074800290486565
32 30 582 0.60625
36 39 908 0.6467236467236467
23 21 312 0.6459627329192547
13 21 237 0.868131868131868
4 8 32 1.0
14 16 179 0.7991071428571429
32 13 143 0.34375
41 60 1794 0.7292682926829268
27 33 638 0.7160493827160493
27 34 665 0.724400871459695
31 48 1137 0.7641129032258065
43 48 1323 0.6409883720930233
40 39 930 0.5961538461538461
60 38 893 0.39166666666666666
27 36 719 0.7397119341563786
34 33 687 0.6122994652406417
16 16 190 0.7421875
19 26 389 0.7874493927125505
33 27 486 0.5454545454545454
30 36 755 0.6990740740740741
35 43 1040 0.6910299003322259
13 20 224 0.8615384615384615
52 48 1368 0.548076923076923
59 78 3117 0.6773142112125162
28 39 816 0.7472527472527473
40 55 1570 0.7136363636363636
58 77 3035 0.6795790416480072
42 57 1691 0.7063492063492063
53 59 1951 0.6239206907579149
38 51 1377 0.7105263157894737
21 21 305 0.691609977324263
40 52 1450 0.6971153846153846
41 51 1425 0.6814921090387375
55 60 2025 0.6136363636363636
27 28 503 0.6653439153439153
100 97 5140 0.5298969072164949
10 11 95 0.8636363636363636
23 24 381 0.6902173913043478
6 10 59 0.9833333333333334
32 33 678 0.6420454545454546
20 23 340 0.7391304347826086
21 27 431 0.7601410934744268
20 23 340 0.7391304347826086
25 32 590 0.7375
17 13 143 0.6470588235294118
60 88 3740 0.7083333333333334
34 38 857 0.663312693498452
21 33 557 0.8037518037518038
24 30 530 0.736111111111111
29 32 628 0.6767241379310345
52 61 2044 0.6443883984867591
46 62 1991 0.6981065918653576
33 40 914 0.6924242424242424
18 23 323 0.7801932367149758
50 29 551 0.38
24 26 434 0.6955128205128205
22 29 485 0.7601880877742947
28 32 620 0.6919642857142857
43 57 1710 0.6976744186046512
15 15 170 0.7555555555555556
52 57 1836 0.6194331983805668
23 24 381 0.6902173913043478
33 35 749 0.6484848484848484
42 45 1187 0.6280423280423281
42 55 1607 0.6956709956709957
30 35 725 0.6904761904761905
32 40 902 0.7046875
33 34 716 0.6381461675579322
34 40 925 0.6801470588235294
53 56 1792 0.6037735849056604
30 43 965 0.748062015503876
56 74 2818 0.680019305019305
6 6 35 0.9722222222222222
95 57 1881 0.3473684210526316
33 38 848 0.6762360446570973
53 67 2375 0.6688256829062236
52 63 2148 0.6556776556776557
24 32 578 0.7526041666666666
76 94 4588 0.6422172452407615
56 70 2594 0.661734693877551
53 77 2905 0.7118353344768439
47 55 1682 0.6506769825918762
28 46 1012 0.7857142857142858
22 31 529 0.7756598240469209
41 58 1712 0.7199327165685451
40 68 2090 0.7683823529411765
23 36 657 0.7934782608695652
27 31 584 0.6977299880525687
11 13 122 0.8531468531468532
58 71 2687 0.6525012141816416
28 36 732 0.7261904761904762
19 22 313 0.7488038277511961
72 69 2690 0.5414653784219002
35 47 1180 0.7173252279635258
48 58 1838 0.6602011494252873
30 41 905 0.7357723577235773
77 100 5072 0.6587012987012987
40 48 1290 0.671875
61 70 2674 0.6262295081967213
10 16 145 0.90625
28 30 564 0.6714285714285714
24 28 482 0.7172619047619048
26 36 705 0.7532051282051282
38 48 1263 0.6924342105263158
21 36 620 0.8201058201058201
20 29 460 0.7931034482758621
47 34 731 0.4574468085106383
24 24 386 0.6701388888888888
45 57 1745 0.6803118908382066
24 37 698 0.786036036036036
26 37 731 0.75987525987526
15 17 200 0.7843137254901961
18 29 431 0.8256704980842912
8 11 82 0.9318181818181818
44 56 1684 0.6834415584415584
38 48 1263 0.6924342105263158
34 45 1095 0.7156862745098038
36 37 836 0.6276276276276276
29 26 454 0.6021220159151194
19 23 332 0.7597254004576659
17 17 211 0.7301038062283737
59 72 2763 0.6504237288135593
39 37 848 0.5876645876645877
27 31 584 0.6977299880525687
35 49 1250 0.728862973760933
43 64 2011 0.7307412790697675
14 20 235 0.8392857142857142
51 45 1215 0.5294117647058824
30 27 485 0.5987654320987654
16 20 254 0.79375
98 100 5429 0.5539795918367347
54 69 2501 0.6712292002147074
37 38 878 0.6244665718349929
10 17 155 0.9117647058823529
46 50 1439 0.6256521739130435
61 30 585 0.31967213114754095
50 61 2015 0.660655737704918
19 19 256 0.7091412742382271
45 56 1700 0.6746031746031746
27 31 584 0.6977299880525687
50 72 2565 0.7124999999999999
43 17 221 0.3023255813953489
5 5 25 1.0
42 52 1481 0.678113553113553
24 25 410 0.6833333333333332
16 24 318 0.828125
51 49 1418 0.5674269707883154
49 69 2391 0.707187222715173
16 15 174 0.725
42 48 1313 0.6512896825396826
20 27 420 0.7777777777777778
42 52 1481 0.678113553113553
42 53 1523 0.6841868823000898
100 100 5440 0.544
36 45 1124 0.6938271604938271
32 36 774 0.671875
43 48 1323 0.6409883720930233
17 22 296 0.7914438502673796
40 49 1330 0.6785714285714286
14 13 137 0.7527472527472528
66 74 2993 0.6128173628173629
13 19 211 0.854251012145749
13 12 120 0.7692307692307692
32 38 838 0.6891447368421053
29 46 1034 0.775112443778111
24 26 434 0.6955128205128205
9 9 71 0.8765432098765432
17 18 228 0.7450980392156863
6 7 41 0.9761904761904762
30 33 665 0.6717171717171717
21 19 263 0.6591478696741855
18 27 395 0.8127572016460904
27 36 719 0.7397119341563786
10 14 125 0.8928571428571429
25 30 540 0.7200000000000001
38 42 1035 0.6484962406015038
30 34 695 0.6813725490196079
25 25 415 0.664
43 59 1796 0.7079227433977139
10 12 105 0.875
43 53 1538 0.6748573935936815
7 14 95 0.9693877551020408
20 23 340 0.7391304347826086
48 48 1358 0.5894097222222222
32 35 742 0.6625
44 51 1464 0.6524064171122995
22 26 419 0.7325174825174826
21 18 242 0.6402116402116402
19 23 332 0.7597254004576659
22 21 309 0.6688311688311688
25 30 540 0.7200000000000001
35 44 1075 0.698051948051948
9 9 71 0.8765432098765432
16 14 158 0.7053571428571429
21 29 473 0.7766830870279147
19 20 275 0.7236842105263157
19 23 332 0.7597254004576659
44 48 1332 0.6306818181818182
40 45 1170 0.65
17 21 279 0.7815126050420167
35 31 620 0.5714285714285715
27 38 773 0.753411306042885
30 43 965 0.748062015503876
18 23 323 0.7801932367149758
8 5 34 0.85
48 52 1550 0.6209935897435896
32 33 678 0.6420454545454546
79 100 5125 0.6487341772151899
64 74 2966 0.6262668918918919
9 15 125 0.9259259259259259
39 47 1238 0.6753955264593563
46 50 1439 0.6256521739130435
42 40 977 0.5815476190476191
55 69 2520 0.6640316205533597
25 28 490 0.7000000000000001
103 100 5449 0.5290291262135922
70 80 3455 0.6169642857142856
30 31 605 0.6505376344086022
5 5 25 1.0
50 37 851 0.45999999999999996
3 3 9 1.0
15 20 245 0.8166666666666667
15 8 68 0.5666666666666667
48 51 1502 0.613562091503268
11 16 155 0.8806818181818182
42 62 1901 0.7300307219662058
18 23 323 0.7801932367149758
10 14 125 0.8928571428571429
12 16 164 0.8541666666666666
46 70 2359 0.7326086956521739
22 23 353 0.6976284584980238
20 25 380 0.76
13 17 185 0.83710407239819
27 31 584 0.6977299880525687
16 21 270 0.8035714285714286
30 31 605 0.6505376344086022
20 27 420 0.7777777777777778
17 28 398 0.8361344537815125
25 23 365 0.6347826086956522
43 30 585 0.45348837209302323
12 13 128 0.8205128205128205
42 48 1313 0.6512896825396826
66 84 3653 0.6589105339105339
18 24 341 0.7893518518518517
28 32 620 0.6919642857142857
14 25 305 0.8714285714285714
14 23 277 0.8602484472049688
19 22 313 0.7488038277511961
31 36 765 0.6854838709677419
43 60 1839 0.7127906976744186
31 33 672 0.656891495601173
15 26 335 0.8589743589743589
24 30 530 0.736111111111111
45 43 1115 0.5762273901808785
51 55 1724 0.6146167557932264
14 9 81 0.6428571428571428
64 60 2070 0.5390625
45 67 2195 0.7280265339966833
22 30 507 0.7681818181818182
26 29 523 0.693633952254642
35 47 1180 0.7173252279635258
31 37 796 0.6939843068875327
51 55 1724 0.6146167557932264
35 42 1005 0.6836734693877551
26 42 861 0.7884615384615384
39 56 1589 0.7275641025641025
42 55 1607 0.6956709956709957
50 66 2265 0.6863636363636363
13 21 237 0.868131868131868
7 10 67 0.9571428571428571
34 43 1027 0.7024623803009576
22 39 705 0.8216783216783217
30 36 755 0.6990740740740741
29 31 599 0.6662958843159066
21 27 431 0.7601410934744268
22 23 353 0.6976284584980238
9 15 125 0.9259259259259259
48 57 1790 0.6542397660818713
30 17 221 0.4333333333333333
42 44 1145 0.6195887445887446
16 21 270 0.8035714285714286
29 36 744 0.7126436781609196
18 20 269 0.7472222222222222
7 8 53 0.9464285714285714
40 50 1370 0.685
10 11 95 0.8636363636363636
73 46 1265 0.3767123287671233
73 100 4954 0.6786301369863014
53 59 1951 0.6239206907579149
63 69 2636 0.6063952150908672
44 43 1112 0.587737843551797
32 36 774 0.671875
15 21 260 0.8253968253968254
28 31 592 0.6820276497695852
8 9 66 0.9166666666666666
39 44 1121 0.6532634032634033
86 100 5279 0.6138372093023255
31 42 951 0.7304147465437788
101 100 5444 0.539009900990099
39 48 1277 0.6821581196581197
106 100 5450 0.5141509433962264
57 78 3068 0.6900584795321638
25 31 565 0.7290322580645162
42 59 1775 0.7163034705407586
25 39 765 0.7846153846153846
19 19 256 0.7091412742382271
50 63 2115 0.6714285714285714
18 22 305 0.7702020202020201
41 39 933 0.5834896810506567
27 26 449 0.6396011396011396
36 51 1340 0.7298474945533769
16 16 190 0.7421875
32 35 742 0.6625
34 41 959 0.687948350071736
11 9 78 0.7878787878787878
30 40 875 0.7291666666666667
54 37 851 0.42592592592592593
31 33 672 0.656891495601173
26 24 393 0.6298076923076923
14 23 277 0.8602484472049688
28 37 760 0.7335907335907336
26 41 835 0.7833020637898687
19 22 313 0.7488038277511961
31 37 796 0.6939843068875327
24 33 602 0.76010101010101
12 19 200 0.8771929824561404
32 36 774 0.671875
43 23 368 0.3720930232558139
30 45 1025 0.7592592592592592
14 19 221 0.830827067669173
16 18 222 0.7708333333333334
37 33 693 0.5675675675675675
9 12 98 0.9074074074074074
78 93 4553 0.6276537082988696
74 86 3949 0.6205216844751729
40 48 1290 0.671875
23 23 358 0.6767485822306238
19 27 408 0.7953216374269005
41 57 1671 0.7150192554557124
11 17 166 0.8877005347593583
57 57 1871 0.5758694983071715
14 18 207 0.8214285714285715
22 22 331 0.6838842975206612
55 97 4060 0.761012183692596
96 100 5414 0.5639583333333333
63 33 693 0.3333333333333333
12 20 212 0.8833333333333334
48 70 2414 0.718452380952381
24 34 626 0.767156862745098
40 41 1010 0.6158536585365854
21 21 305 0.691609977324263
13 16 172 0.8269230769230769
55 43 1118 0.4727272727272727
77 92 4456 0.6290231507622812
24 20 290 0.6041666666666667
35 48 1215 0.7232142857142857
77 100 5072 0.6587012987012987
31 35 734 0.6764976958525345
37 37 841 0.6143170197224251
10 17 155 0.9117647058823529
54 44 1166 0.4907407407407407
27 22 341 0.5740740740740741
36 51 1340 0.7298474945533769
33 37 815 0.6674856674856674
24 26 434 0.6955128205128205
37 41 989 0.6519446275543836
13 14 146 0.8021978021978021
41 52 1466 0.6876172607879926
43 54 1581 0.6808785529715763
11 11 100 0.8264462809917356
51 62 2081 0.6581277672359266
36 40 944 0.6555555555555556
23 32 565 0.7676630434782609
16 24 318 0.828125
32 35 742 0.6625
49 40 980 0.5
22 21 309 0.6688311688311688
38 48 1263 0.6924342105263158
33 30 584 0.5898989898989898
27 34 665 0.724400871459695
43 47 1280 0.6333498268184067
36 48 1232 0.7129629629629629
17 8 68 0.5
45 56 1700 0.6746031746031746
59 85 3530 0.7038883349950149
13 10 94 0.7230769230769231
10 11 95 0.8636363636363636
46 46 1255 0.5931001890359169
10 16 145 0.90625
31 33 672 0.656891495601173
49 78 2832 0.7409733124018838
13 16 172 0.8269230769230769
9 7 53 0.8412698412698413
96 34 731 0.22395833333333331
62 34 731 0.3467741935483871
29 34 686 0.6957403651115619
57 87 3581 0.7221213954426295
28 34 676 0.7100840336134454
28 33 648 0.7012987012987013
31 47 1106 0.7590940288263556
15 13 140 0.717948717948718
62 42 1071 0.41129032258064513
51 74 2693 0.7135665076841547
21 21 305 0.691609977324263
13 14 146 0.8021978021978021
32 44 1030 0.7315340909090909
33 44 1046 0.7203856749311295
31 36 765 0.6854838709677419
18 26 377 0.8055555555555555
21 27 431 0.7601410934744268
19 33 522 0.8325358851674641
16 18 222 0.7708333333333334
27 30 557 0.6876543209876543
17 30 432 0.8470588235294118
54 74 2771 0.6934434434434434
25 31 565 0.7290322580645162
14 17 193 0.8109243697478992
22 27 441 0.7424242424242424
84 100 5240 0.6238095238095238
44 46 1244 0.6146245059288538
61 64 2308 0.5911885245901639
13 7 56 0.6153846153846153
51 56 1775 0.6214985994397759
43 53 1538 0.6748573935936815
21 30 494 0.7841269841269842
27 33 638 0.7160493827160493
35 46 1145 0.7111801242236025
77 86 3994 0.6031410450015101
54 33 693 0.3888888888888889
33 37 815 0.6674856674856674
17 16 194 0.7132352941176471
37 47 1211 0.6963772282921218
6 8 47 0.9791666666666666
62 80 3307 0.666733870967742
39 58 1667 0.7369584438549956
27 37 746 0.7467467467467468
48 59 1886 0.6659604519774011
15 21 260 0.8253968253968254
17 25 347 0.8164705882352941
64 70 2710 0.6049107142857143
61 89 3833 0.7060232086940504
65 100 4670 0.7184615384615384
18 32 485 0.8420138888888888
31 40 889 0.7169354838709677
42 45 1187 0.6280423280423281
30 46 1055 0.7644927536231884
26 33 627 0.7307692307692308
55 75 2850 0.6909090909090909
23 32 565 0.7676630434782609
23 31 542 0.7601683029453016
63 41 1025 0.3968253968253968
30 46 1055 0.7644927536231884
19 30 465 0.8157894736842105
41 97 3311 0.8325370882574804
20 30 480 0.8
23 54 1071 0.8623188405797102
14 22 263 0.8538961038961038
42 48 1313 0.6512896825396826
20 34 560 0.8235294117647058
12 21 224 0.888888888888889
11 19 188 0.8995215311004784
18 15 179 0.662962962962963
66 50 1475 0.44696969696969696
41 52 1466 0.6876172607879926
44 56 1684 0.6834415584415584
24 38 722 0.7916666666666666
61 69 2613 0.6208125445473984
52 73 2668 0.702845100105374
31 39 858 0.7096774193548386
34 41 959 0.687948350071736
32 47 1126 0.7486702127659575
21 34 578 0.8095238095238095
22 31 529 0.7756598240469209
50 52 1565 0.6019230769230769
38 39 921 0.6214574898785425
56 78 3042 0.6964285714285714
94 100 5395 0.573936170212766
93 100 5384 0.5789247311827956
27 38 773 0.753411306042885
19 16 199 0.6546052631578947
12 13 128 0.8205128205128205
34 47 1163 0.727784730913642
54 64 2231 0.6455439814814815
51 30 585 0.3823529411764706
20 21 300 0.7142857142857143
22 22 331 0.6838842975206612
42 49 1355 0.6584062196307093
12 12 116 0.8055555555555555
25 29 515 0.710344827586207
26 33 627 0.7307692307692308
10 12 105 0.875
16 24 318 0.828125
55 63 2190 0.6320346320346321
28 42 900 0.7653061224489797
14 25 305 0.8714285714285714
12 12 116 0.8055555555555555
16 18 222 0.7708333333333334
24 30 530 0.736111111111111
11 14 133 0.8636363636363636
33 39 881 0.6845376845376845
23 26 427 0.7140468227424749
8 9 66 0.9166666666666666
27 37 746 0.7467467467467468
21 34 578 0.8095238095238095
26 41 835 0.7833020637898687
23 22 335 0.6620553359683794
24 35 650 0.7738095238095237
20 34 560 0.8235294117647058
21 36 620 0.8201058201058201
16 14 158 0.7053571428571429
67 74 3005 0.6060911657926583
68 13 143 0.16176470588235295
15 17 200 0.7843137254901961
25 28 490 0.7000000000000001
17 20 262 0.7705882352941177
30 29 545 0.6264367816091955
21 20 284 0.6761904761904762
24 38 722 0.7916666666666666
22 21 309 0.6688311688311688
19 22 313 0.7488038277511961
6 6 35 0.9722222222222222
75 97 4790 0.6584192439862543
35 37 830 0.640926640926641
42 40 977 0.5815476190476191
24 23 362 0.6557971014492754
35 53 1390 0.7493261455525607
52 46 1265 0.5288461538461539
45 52 1520 0.6495726495726496
53 66 2322 0.6638078902229846
35 34 725 0.6092436974789917
15 20 245 0.8166666666666667
29 36 744 0.7126436781609196
40 51 1410 0.6911764705882353
44 49 1376 0.6382189239332097
37 34 730 0.5802861685214626
34 34 721 0.6237024221453288
32 31 614 0.6189516129032258
17 24 330 0.8088235294117646
13 18 198 0.8461538461538461
19 27 408 0.7953216374269005
20 22 320 0.7272727272727273
24 30 530 0.736111111111111
66 81 3455 0.6462775907220352
30 26 455 0.5833333333333333
19 22 313 0.7488038277511961
28 24 396 0.5892857142857143
37 42 1026 0.6602316602316602
52 53 1628 0.590711175616836
13 19 211 0.854251012145749
28 36 732 0.7261904761904762
27 30 557 0.6876543209876543
13 16 172 0.8269230769230769
61 67 2491 0.6094935160264252
15 16 185 0.7708333333333334
26 33 627 0.7307692307692308
16 19 238 0.7828947368421053
31 51 1230 0.7779886148007591
89 95 4885 0.5777646363098758
41 48 1302 0.6615853658536586
24 26 434 0.6955128205128205
41 54 1548 0.6991869918699187
47 66 2199 0.7088974854932302
15 29 380 0.8735632183908045
32 42 966 0.71875
38 39 921 0.6214574898785425
19 22 313 0.7488038277511961
34 38 857 0.663312693498452
51 54 1673 0.6074800290486565
28 30 564 0.6714285714285714
16 17 206 0.7573529411764706
17 20 262 0.7705882352941177
22 45 837 0.8454545454545455
22 30 507 0.7681818181818182
34 49 1231 0.7388955582232892
58 89 3731 0.7227818674932197
