15 21 237 0.7523809523809524
4 6 23 0.9583333333333334
41 48 1227 0.6234756097560975
38 41 928 0.5956354300385109
29 28 461 0.5677339901477833
30 32 582 0.60625
26 25 374 0.5753846153846154
33 31 558 0.5454545454545455
27 35 645 0.6825396825396826
24 25 369 0.615
19 24 320 0.7017543859649122
38 28 462 0.43421052631578944
32 37 749 0.6326013513513513
10 13 102 0.7846153846153846
6 5 24 0.8
49 66 2153 0.66573902288188
34 57 1442 0.7440660474716203
50 70 2372 0.6777142857142857
28 41 823 0.7168989547038327
36 55 1419 0.7166666666666667
43 56 1588 0.659468438538206
28 11 88 0.2857142857142857
48 56 1653 0.6149553571428571
13 19 192 0.7773279352226721
8 19 137 0.9013157894736842
37 41 922 0.6077785102175346
48 60 1845 0.640625
21 20 249 0.5928571428571429
42 49 1278 0.6209912536443148
18 20 240 0.6666666666666667
34 43 966 0.6607387140902873
19 28 396 0.7443609022556391
38 41 928 0.5956354300385109
39 25 375 0.3846153846153846
15 28 342 0.8142857142857143
4 8 31 0.96875
74 94 4400 0.6325474410580794
35 36 732 0.580952380952381
47 54 1548 0.6099290780141844
36 6 33 0.15277777777777776
51 55 1629 0.5807486631016043
32 17 187 0.34375
36 42 951 0.628968253968254
23 25 365 0.6347826086956522
13 14 127 0.6978021978021979
4 8 31 0.96875
14 7 42 0.42857142857142855
32 46 1037 0.704483695652174
41 58 1637 0.6883936080740118
27 34 618 0.673202614379085
27 30 510 0.6296296296296297
31 37 741 0.6460331299040977
43 43 1029 0.5565170362358032
40 39 857 0.5493589743589744
60 34 663 0.325
27 44 888 0.7474747474747474
34 43 966 0.6607387140902873
16 18 197 0.6840277777777778
19 23 301 0.6887871853546911
33 35 690 0.5974025974025974
30 32 582 0.60625
35 43 977 0.6491694352159468
13 17 166 0.751131221719457
52 44 1078 0.47115384615384615
59 74 2770 0.6344480073293632
28 42 851 0.7236394557823129
40 35 700 0.5
58 87 3506 0.6948077685295284
42 54 1488 0.6560846560846562
53 68 2329 0.6462264150943396
38 48 1194 0.6546052631578948
21 29 438 0.7192118226600985
40 54 1457 0.6745370370370369
41 50 1309 0.6385365853658537
55 68 2362 0.6315508021390375
27 39 753 0.7150997150997151
100 100 5247 0.5246999999999999
10 9 62 0.6888888888888889
23 24 342 0.6195652173913043
6 11 60 0.9090909090909091
32 43 941 0.6838662790697675
20 21 267 0.6357142857142857
21 26 375 0.6868131868131868
20 30 447 0.745
25 32 547 0.68375
17 16 167 0.6139705882352942
60 82 3267 0.6640243902439025
34 41 898 0.6441893830703013
21 32 501 0.7455357142857143
24 30 489 0.6791666666666667
29 33 606 0.6332288401253919
52 63 2051 0.6260683760683761
46 57 1676 0.639206712433257
33 41 888 0.656319290465632
18 25 330 0.7333333333333333
50 65 2122 0.6529230769230769
24 31 513 0.6895161290322581
22 27 404 0.6801346801346801
28 30 515 0.613095238095238
43 47 1201 0.5942602671944582
15 16 162 0.675
52 62 1999 0.6200372208436725
23 30 480 0.6956521739130435
33 35 690 0.5974025974025974
42 48 1236 0.613095238095238
42 50 1320 0.6285714285714286
30 16 168 0.35
32 41 877 0.6684451219512195
33 27 432 0.48484848484848486
34 39 830 0.6259426847662142
53 40 900 0.42452830188679247
30 38 762 0.6684210526315789
56 72 2601 0.6450892857142857
6 8 42 0.875
95 100 5222 0.5496842105263158
33 46 1053 0.6936758893280632
53 69 2382 0.6513535684987695
52 64 2103 0.6319110576923077
24 35 609 0.725
76 96 4595 0.629797149122807
56 74 2713 0.6546814671814671
53 78 2859 0.6915820029027576
47 57 1689 0.6304591265397537
28 40 795 0.7098214285714286
22 30 470 0.7121212121212122
41 66 1965 0.7261640798226164
40 73 2217 0.7592465753424658
23 38 664 0.7597254004576659
27 31 537 0.6415770609318997
11 13 107 0.7482517482517482
58 77 2926 0.6551724137931034
28 27 431 0.5701058201058201
19 25 339 0.7136842105263157
72 85 3705 0.6053921568627452
35 39 837 0.6131868131868132
48 80 2805 0.73046875
30 47 1032 0.7319148936170212
77 89 4078 0.5950678534948197
40 62 1777 0.716532258064516
61 57 1767 0.5081967213114754
10 14 112 0.7999999999999999
28 44 907 0.7362012987012988
24 31 513 0.6895161290322581
26 38 712 0.7206477732793521
38 54 1422 0.6929824561403508
21 33 522 0.7532467532467533
20 26 367 0.7057692307692308
47 65 2065 0.6759410801963993
24 29 465 0.6681034482758621
45 52 1437 0.6141025641025641
24 34 585 0.7169117647058824
26 37 686 0.7130977130977131
15 17 177 0.6941176470588236
18 23 294 0.7101449275362318
8 8 49 0.765625
44 58 1691 0.6626175548589341
38 43 1004 0.6144430844553244
34 24 348 0.4264705882352941
36 40 879 0.6104166666666667
29 31 548 0.6095661846496108
19 21 263 0.6591478696741855
17 11 88 0.4705882352941177
59 64 2180 0.5773305084745762
39 46 1128 0.6287625418060201
27 29 483 0.6168582375478927
35 56 1432 0.7306122448979592
43 55 1545 0.6532769556025371
14 15 144 0.6857142857142857
51 38 817 0.4215686274509804
30 33 612 0.6181818181818182
16 20 229 0.715625
98 84 3738 0.4540816326530613
54 67 2292 0.6334991708126037
37 43 996 0.6260213702074168
10 14 112 0.7999999999999999
46 55 1584 0.6260869565217391
61 63 2132 0.5547749154306532
50 53 1522 0.5743396226415095
19 22 282 0.6746411483253589
45 64 1977 0.6864583333333333
27 32 564 0.6527777777777778
50 70 2372 0.6777142857142857
43 48 1244 0.6027131782945737
5 5 22 0.8800000000000001
42 55 1530 0.6623376623376623
24 28 441 0.65625
16 24 293 0.7630208333333334
51 50 1374 0.5388235294117647
49 69 2300 0.6802721088435374
16 16 165 0.64453125
42 50 1320 0.6285714285714286
20 25 347 0.6940000000000001
42 41 942 0.5470383275261324
42 51 1362 0.6358543417366948
100 100 5247 0.5246999999999999
36 44 1023 0.6458333333333334
32 39 813 0.6514423076923077
43 41 943 0.5348837209302326
17 18 201 0.6568627450980392
40 50 1297 0.6485
14 15 144 0.6857142857142857
66 82 3396 0.6274944567627494
13 16 153 0.7355769230769231
13 13 114 0.6745562130177516
32 31 557 0.561491935483871
29 46 983 0.7368815592203898
24 27 417 0.6435185185185185
9 12 87 0.8055555555555555
17 26 337 0.7624434389140272
6 9 48 0.8888888888888888
30 34 642 0.6294117647058823
21 16 168 0.5
18 25 330 0.7333333333333333
27 29 483 0.6168582375478927
10 21 182 0.8666666666666666
25 34 597 0.7023529411764705
38 37 776 0.5519203413940257
30 39 792 0.6769230769230768
25 23 322 0.56
43 51 1373 0.6260829913360694
10 12 92 0.7666666666666666
43 27 432 0.37209302325581395
7 24 158 0.9404761904761906
20 21 267 0.6357142857142857
48 58 1749 0.6282327586206896
32 37 749 0.6326013513513513
44 51 1383 0.6163101604278075
22 28 426 0.6915584415584416
21 19 228 0.5714285714285715
19 25 339 0.7136842105263157
22 23 316 0.6245059288537549
25 34 597 0.7023529411764705
35 53 1327 0.7153638814016172
9 26 213 0.9102564102564104
16 19 213 0.7006578947368421
21 30 459 0.7285714285714285
19 25 339 0.7136842105263157
19 16 168 0.5526315789473685
44 57 1647 0.6566985645933014
40 12 102 0.2125
17 21 252 0.7058823529411765
35 46 1082 0.6720496894409937
27 41 807 0.7289972899728997
30 45 972 0.72
18 24 312 0.7222222222222222
8 14 97 0.8660714285714286
48 58 1749 0.6282327586206896
32 18 207 0.359375
79 90 4184 0.5884669479606188
64 74 2845 0.6007179054054054
9 16 123 0.8541666666666666
39 48 1206 0.6442307692307693
46 58 1722 0.6454272863568216
42 41 942 0.5470383275261324
55 78 2912 0.6787878787878788
25 29 472 0.6510344827586206
103 100 5250 0.5097087378640777
70 97 4512 0.6645066273932253
30 23 322 0.4666666666666666
5 5 22 0.8800000000000001
50 21 273 0.26
3 3 9 1.0
15 15 147 0.6533333333333334
15 12 102 0.5666666666666667
48 66 2133 0.6732954545454546
11 16 140 0.7954545454545454
42 63 1866 0.7052154195011339
18 22 276 0.696969696969697
10 11 82 0.7454545454545454
12 13 111 0.7115384615384616
46 68 2182 0.6975703324808183
22 23 316 0.6245059288537549
20 26 367 0.7057692307692308
13 19 192 0.7773279352226721
27 30 510 0.6296296296296297
16 25 309 0.7725
30 39 792 0.6769230769230768
20 27 387 0.7166666666666667
17 27 354 0.7712418300653595
25 33 572 0.6933333333333334
43 45 1115 0.5762273901808785
12 14 123 0.7321428571428571
42 63 1866 0.7052154195011339
66 95 4254 0.6784688995215311
18 20 240 0.6666666666666667
28 43 879 0.7300664451827242
14 20 214 0.7642857142857143
14 21 228 0.7755102040816326
19 23 301 0.6887871853546911
31 51 1175 0.7432005060088552
43 47 1201 0.5942602671944582
31 34 648 0.6148007590132827
15 25 297 0.792
24 33 561 0.7083333333333334
45 52 1437 0.6141025641025641
51 73 2547 0.6841257050765511
14 7 42 0.42857142857142855
64 86 3613 0.6564316860465116
45 59 1752 0.6598870056497175
22 32 514 0.7301136363636364
26 25 374 0.5753846153846154
35 55 1397 0.7257142857142856
31 34 648 0.6148007590132827
51 51 1425 0.5478662053056517
35 44 1012 0.6571428571428571
26 39 738 0.7278106508875739
39 48 1206 0.6442307692307693
42 51 1362 0.6358543417366948
50 65 2122 0.6529230769230769
13 18 179 0.764957264957265
7 6 32 0.7619047619047619
34 46 1068 0.6828644501278772
22 29 448 0.7021943573667712
30 39 792 0.6769230769230768
29 44 925 0.7249216300940439
21 28 417 0.7091836734693878
22 27 404 0.6801346801346801
9 15 114 0.8444444444444444
48 69 2277 0.6875
30 38 762 0.6684210526315789
42 49 1278 0.6209912536443148
16 19 213 0.7006578947368421
29 32 577 0.6217672413793104
18 20 240 0.6666666666666667
7 9 53 0.8412698412698413
40 49 1257 0.6413265306122449
10 14 112 0.7999999999999999
73 91 4158 0.6259220231822972
73 100 4815 0.6595890410958904
53 60 1905 0.5990566037735849
63 89 3777 0.6736222578919208
44 49 1295 0.6006493506493507
32 52 1229 0.7385817307692307
15 22 252 0.7636363636363637
28 32 571 0.6372767857142857
8 10 65 0.8125
39 50 1284 0.6584615384615384
86 82 3567 0.5058139534883721
31 40 834 0.6725806451612903
101 44 1078 0.2425742574257426
39 47 1167 0.6366612111292962
106 100 5250 0.49528301886792453
57 78 2961 0.6659919028340081
25 36 647 0.7188888888888889
42 61 1782 0.6955503512880562
25 37 672 0.7264864864864865
19 24 320 0.7017543859649122
50 57 1722 0.6042105263157894
18 22 276 0.696969696969697
41 43 1022 0.5796937039137833
27 38 726 0.7076023391812866
36 48 1167 0.6753472222222222
16 17 181 0.6654411764705882
32 30 525 0.546875
34 42 932 0.6526610644257703
11 9 63 0.6363636363636364
30 40 822 0.6849999999999999
54 20 250 0.23148148148148148
31 31 555 0.5775234131113424
26 29 478 0.6339522546419097
14 23 256 0.7950310559006211
28 35 655 0.6683673469387755
26 39 738 0.7278106508875739
19 21 263 0.6591478696741855
31 44 958 0.7023460410557184
24 31 513 0.6895161290322581
12 15 135 0.75
32 42 909 0.6763392857142857
43 49 1287 0.6108210726150926
30 29 492 0.5655172413793103
14 19 200 0.7518796992481204
16 19 213 0.7006578947368421
37 42 959 0.6171171171171171
9 29 240 0.9195402298850575
78 97 4716 0.6233148295003965
74 97 4622 0.6439119531903037
40 48 1217 0.6338541666666667
23 34 572 0.731457800511509
19 22 282 0.6746411483253589
41 51 1350 0.6456241032998565
11 20 184 0.8363636363636363
57 70 2505 0.6278195488721804
14 18 186 0.7380952380952381
22 21 272 0.5887445887445887
55 73 2637 0.6567870485678705
96 100 5229 0.5446875
63 97 4281 0.7005400098183603
12 15 135 0.75
48 70 2325 0.6919642857142857
24 37 657 0.7398648648648649
40 48 1217 0.6338541666666667
21 28 417 0.7091836734693878
13 14 127 0.6978021978021979
55 84 3242 0.7017316017316018
77 93 4386 0.6124842899036447
24 27 417 0.6435185185185185
35 48 1152 0.6857142857142856
77 87 3924 0.5857590685176892
31 42 896 0.6881720430107526
37 45 1070 0.6426426426426427
10 22 192 0.8727272727272727
54 81 3048 0.6968449931412894
27 31 537 0.6415770609318997
36 51 1275 0.6944444444444444
33 39 822 0.6386946386946387
24 26 393 0.6298076923076923
37 51 1292 0.6846846846846847
13 23 244 0.8160535117056856
41 60 1719 0.6987804878048781
43 23 322 0.32558139534883723
11 11 85 0.7024793388429752
51 63 2037 0.6339869281045751
36 43 987 0.6375968992248062
23 32 526 0.7146739130434783
16 22 261 0.7414772727272727
32 36 717 0.6223958333333334
49 48 1271 0.5403911564625851
22 21 272 0.5887445887445887
38 51 1308 0.674922600619195
33 32 591 0.5596590909090909
27 37 699 0.6996996996996997
43 57 1631 0.6654426764585883
36 47 1131 0.6684397163120568
17 13 117 0.5294117647058824
45 55 1572 0.6351515151515151
59 82 3242 0.670111616370401
13 8 52 0.5
10 11 82 0.7454545454545454
46 50 1354 0.5886956521739131
10 14 112 0.7999999999999999
31 35 679 0.6258064516129032
49 71 2398 0.6892785283127335
13 16 153 0.7355769230769231
9 7 42 0.6666666666666667
96 87 4002 0.4791666666666667
62 83 3376 0.6560435289545278
29 31 548 0.6095661846496108
57 93 3816 0.7198641765704584
28 28 459 0.5854591836734694
28 41 823 0.7168989547038327
31 45 989 0.7089605734767025
15 17 177 0.6941176470588236
62 46 1173 0.41129032258064513
51 68 2292 0.6608996539792387
21 22 291 0.6298701298701299
13 14 127 0.6978021978021979
32 40 845 0.66015625
33 28 462 0.5
31 42 896 0.6881720430107526
18 24 312 0.7222222222222222
21 31 480 0.7373271889400922
19 33 491 0.7830940988835725
16 17 181 0.6654411764705882
27 33 591 0.6632996632996633
17 19 218 0.6749226006191951
54 64 2130 0.6163194444444444
25 35 622 0.7108571428571429
14 15 144 0.6857142857142857
22 27 404 0.6801346801346801
84 100 5079 0.6046428571428571
44 52 1427 0.6236888111888111
61 68 2437 0.5875120540019286
13 26 283 0.8372781065088758
51 59 1833 0.6091724825523429
43 57 1631 0.6654426764585883
21 26 375 0.6868131868131868
27 35 645 0.6825396825396826
35 47 1117 0.6790273556231003
77 96 4617 0.6245941558441558
54 71 2508 0.6541471048513302
33 38 789 0.6291866028708134
17 25 320 0.7529411764705882
37 58 1551 0.722739981360671
6 8 42 0.875
62 74 2818 0.6142109851787272
39 60 1674 0.7153846153846153
27 37 699 0.6996996996996997
48 64 2037 0.6630859375
15 23 267 0.773913043478261
17 23 286 0.731457800511509
64 75 2909 0.6060416666666667
61 81 3230 0.6537138231127302
65 82 3377 0.6335834896810506
18 22 276 0.696969696969697
31 40 834 0.6725806451612903
42 59 1698 0.6852300242130751
30 44 942 0.7136363636363636
26 35 634 0.6967032967032967
55 66 2252 0.6203856749311295
23 35 595 0.7391304347826088
23 30 480 0.6956521739130435
63 54 1593 0.46825396825396826
30 41 852 0.6926829268292682
19 30 434 0.7614035087719297
41 93 3072 0.8056648308418568
20 25 347 0.6940000000000001
23 40 710 0.7717391304347826
14 21 228 0.7755102040816326
42 55 1530 0.6623376623376623
20 34 527 0.775
12 22 219 0.8295454545454546
11 17 151 0.8074866310160428
18 31 438 0.7849462365591398
66 95 4254 0.6784688995215311
41 52 1391 0.6524390243902439
44 58 1691 0.6626175548589341
24 30 489 0.6791666666666667
61 81 3230 0.6537138231127302
52 71 2467 0.668201516793066
31 43 927 0.695423855963991
34 41 898 0.6441893830703013
32 43 941 0.6838662790697675
21 42 711 0.8061224489795917
22 34 558 0.7459893048128342
50 78 2772 0.7107692307692307
38 53 1384 0.6871896722939423
56 68 2377 0.6242121848739496
94 100 5214 0.5546808510638298
93 100 5205 0.5596774193548387
27 38 726 0.7076023391812866
19 16 168 0.5526315789473685
12 16 147 0.765625
34 47 1102 0.6896120150187736
54 62 2022 0.6039426523297491
51 66 2190 0.6506238859180035
20 20 247 0.6174999999999999
22 31 492 0.7214076246334311
42 57 1614 0.6741854636591479
12 16 147 0.765625
25 24 347 0.5783333333333334
26 36 660 0.7051282051282051
10 10 72 0.72
16 21 245 0.7291666666666666
55 48 1272 0.48181818181818187
28 40 795 0.7098214285714286
14 24 270 0.8035714285714285
12 17 159 0.7794117647058824
16 16 165 0.64453125
24 35 609 0.725
11 16 140 0.7954545454545454
33 48 1119 0.7064393939393939
23 29 457 0.6851574212893553
8 18 129 0.8958333333333334
27 35 645 0.6825396825396826
21 26 375 0.6868131868131868
26 41 790 0.7410881801125703
23 29 457 0.6851574212893553
24 41 753 0.7652439024390244
20 33 507 0.7681818181818182
21 35 564 0.7673469387755102
16 8 52 0.40625
67 80 3280 0.6119402985074627
68 91 4043 0.6533613445378151
15 16 162 0.675
25 33 572 0.6933333333333334
17 20 235 0.6911764705882353
30 35 672 0.64
21 18 207 0.5476190476190477
24 30 489 0.6791666666666667
22 25 360 0.6545454545454545
19 32 472 0.7763157894736842
6 9 48 0.8888888888888888
75 96 4572 0.635
35 44 1012 0.6571428571428571
42 43 1026 0.5681063122923588
24 16 168 0.4375
35 45 1047 0.6647619047619048
52 60 1895 0.6073717948717949
45 59 1752 0.6598870056497175
53 35 700 0.3773584905660377
35 35 697 0.5689795918367347
15 18 192 0.7111111111111111
29 37 722 0.6728797763280522
40 47 1177 0.6260638297872341
44 47 1207 0.5836557059961316
37 25 375 0.40540540540540543
34 39 830 0.6259426847662142
32 38 781 0.6422697368421053
17 23 286 0.731457800511509
13 26 283 0.8372781065088758
19 34 510 0.7894736842105263
20 19 227 0.5973684210526315
24 31 513 0.6895161290322581
66 87 3726 0.6489028213166144
30 35 672 0.64
19 23 301 0.6887871853546911
28 29 487 0.5997536945812808
37 48 1181 0.6649774774774775
52 69 2363 0.6585841694537347
13 17 166 0.751131221719457
28 35 655 0.6683673469387755
27 34 618 0.673202614379085
13 16 153 0.7355769230769231
61 73 2742 0.6157646530428924
15 18 192 0.7111111111111111
26 31 530 0.6575682382133995
16 17 181 0.6654411764705882
31 37 741 0.6460331299040977
89 100 5159 0.5796629213483147
41 47 1186 0.6154644525168655
24 29 465 0.6681034482758621
41 56 1555 0.6772648083623694
47 65 2065 0.6759410801963993
15 17 177 0.6941176470588236
32 40 845 0.66015625
38 40 890 0.5855263157894737
19 20 244 0.6421052631578947
34 34 660 0.5709342560553633
51 60 1884 0.6156862745098038
28 27 431 0.5701058201058201
16 24 293 0.7630208333333334
17 17 184 0.6366782006920415
22 37 624 0.7665847665847666
22 28 426 0.6915584415584416
34 55 1374 0.73475935828877
58 91 3738 0.7082228116710876
