15 12 135 0.75
4 6 24 1.0
41 29 580 0.4878048780487805
38 43 1106 0.6768665850673194
29 23 391 0.5862068965517241
30 27 510 0.6296296296296297
26 22 362 0.6328671328671329
33 30 612 0.6181818181818183
27 21 336 0.5925925925925926
24 22 357 0.6761363636363636
19 16 213 0.7006578947368421
38 38 916 0.6343490304709141
32 36 801 0.6953125
10 11 100 0.9090909090909091
6 7 42 1.0
49 59 1945 0.6727775856105154
34 24 420 0.5147058823529412
50 48 1410 0.5875
28 35 727 0.7418367346938776
36 48 1263 0.7309027777777778
43 36 846 0.5465116279069767
28 25 447 0.6385714285714286
48 52 1593 0.6382211538461539
13 14 154 0.8461538461538461
8 5 37 0.925
37 38 910 0.647226173541963
48 39 975 0.5208333333333334
21 26 426 0.7802197802197802
42 41 1056 0.6132404181184669
18 24 354 0.8194444444444445
34 30 614 0.6019607843137255
19 16 213 0.7006578947368421
38 38 916 0.6343490304709141
39 35 804 0.589010989010989
15 9 90 0.6666666666666666
4 7 28 1.0
74 85 3944 0.6270270270270271
35 35 790 0.6448979591836735
47 56 1771 0.6728723404255319
36 33 723 0.6085858585858586
51 47 1362 0.5682102628285357
32 15 195 0.40625
36 37 867 0.6509009009009009
23 16 216 0.5869565217391305
13 18 206 0.8803418803418803
4 6 24 1.0
14 13 146 0.8021978021978022
32 39 897 0.71875
41 23 391 0.41463414634146345
27 33 660 0.7407407407407407
27 28 525 0.6944444444444444
31 36 791 0.7087813620071685
43 39 974 0.580799045915325
40 39 965 0.6185897435897436
60 45 1260 0.4666666666666667
27 22 363 0.6111111111111112
34 39 920 0.693815987933635
16 17 217 0.7977941176470589
19 24 365 0.8004385964912281
33 32 678 0.6420454545454546
30 40 900 0.75
35 33 720 0.6233766233766235
13 15 167 0.8564102564102565
52 58 1935 0.64157824933687
59 75 2994 0.6766101694915254
28 35 727 0.7418367346938776
40 41 1045 0.6371951219512195
58 74 2914 0.678937558247903
42 54 1602 0.7063492063492064
53 58 1946 0.6330513988288875
38 49 1334 0.7164339419978518
21 21 321 0.7278911564625851
40 53 1525 0.7193396226415094
41 53 1543 0.7100782328578003
55 57 1910 0.6092503987240829
27 30 579 0.7148148148148148
100 90 4545 0.505
10 11 100 0.9090909090909091
23 23 376 0.7107750472589792
6 7 42 1.0
32 36 801 0.6953125
20 17 235 0.6911764705882353
21 26 426 0.7802197802197802
20 28 455 0.8125
25 27 485 0.7185185185185184
17 13 155 0.7013574660633484
60 69 2655 0.6413043478260869
34 29 580 0.5882352941176471
21 28 468 0.7959183673469388
24 21 333 0.6607142857142857
29 27 507 0.6475095785440613
52 56 1831 0.6287774725274725
46 53 1618 0.6636587366694011
33 30 612 0.6181818181818183
18 12 138 0.638888888888889
50 53 1660 0.6264150943396227
24 27 477 0.7361111111111112
22 27 458 0.771043771043771
28 31 615 0.7085253456221199
43 43 1146 0.6197944835045971
15 14 165 0.7857142857142857
52 54 1727 0.61502849002849
23 24 399 0.7228260869565218
33 34 744 0.6631016042780749
42 44 1182 0.6396103896103896
42 52 1518 0.6950549450549451
30 39 870 0.7435897435897436
32 41 961 0.7324695121951219
33 37 843 0.6904176904176904
34 33 716 0.6381461675579323
53 46 1311 0.5377358490566038
30 32 660 0.6875
56 26 481 0.33035714285714285
6 5 30 1.0
95 62 2263 0.38421052631578945
33 41 975 0.7206208425720622
53 54 1734 0.6058700209643606
52 63 2195 0.67002442002442
24 35 669 0.7964285714285714
76 93 4583 0.6484153933220147
56 69 2589 0.6700310559006211
53 73 2741 0.708451796329801
47 56 1771 0.6728723404255319
28 39 839 0.7683150183150184
22 30 524 0.7939393939393938
41 66 2076 0.7671840354767184
40 62 1885 0.7600806451612904
23 35 652 0.8099378881987578
27 34 687 0.7483660130718954
11 9 84 0.8484848484848485
58 59 2044 0.5973115137346581
28 31 615 0.7085253456221199
19 28 441 0.8289473684210525
72 61 2196 0.5
35 34 755 0.6344537815126051
48 57 1833 0.6699561403508771
30 42 960 0.7619047619047619
77 68 2686 0.512987012987013
40 48 1325 0.6901041666666666
61 46 1311 0.4672131147540984
10 12 110 0.9166666666666666
28 33 671 0.7261904761904763
24 23 381 0.6902173913043478
26 31 596 0.739454094292804
38 46 1220 0.6979405034324944
21 28 468 0.7959183673469388
20 25 395 0.79
47 44 1207 0.5836557059961316
24 28 501 0.7455357142857143
45 49 1425 0.6462585034013606
24 34 645 0.7904411764705882
26 33 648 0.7552447552447552
15 13 150 0.7692307692307693
18 20 282 0.7833333333333333
8 7 53 0.9464285714285714
44 41 1063 0.5892461197339246
38 42 1068 0.6691729323308271
34 39 920 0.693815987933635
36 32 687 0.5963541666666666
29 23 391 0.5862068965517241
19 21 308 0.7719298245614035
17 11 121 0.6470588235294117
59 56 1873 0.5668886198547216
39 54 1545 0.7336182336182335
27 28 525 0.6944444444444444
35 44 1105 0.7175324675324676
43 51 1490 0.6794345645234838
14 9 90 0.7142857142857143
51 57 1872 0.6439628482972136
30 35 750 0.7142857142857143
16 25 345 0.8625
98 97 5228 0.5499684409846413
54 66 2388 0.67003367003367
37 32 688 0.581081081081081
10 13 120 0.9230769230769231
46 48 1388 0.6286231884057971
61 65 2425 0.6116015132408575
50 56 1810 0.6464285714285715
19 19 270 0.7479224376731303
45 52 1560 0.6666666666666666
27 32 633 0.7326388888888888
50 57 1860 0.6526315789473685
43 43 1146 0.6197944835045971
5 4 20 1.0
42 38 930 0.5827067669172932
24 30 549 0.7625
16 22 297 0.84375
51 48 1413 0.5772058823529412
49 65 2239 0.7029827315541601
16 8 76 0.59375
42 35 805 0.5476190476190477
20 24 375 0.78125
42 49 1392 0.6763848396501458
42 41 1056 0.6132404181184669
100 63 2331 0.37
36 31 651 0.5833333333333333
32 33 705 0.6676136363636364
43 35 805 0.5348837209302325
17 18 240 0.7843137254901961
40 44 1165 0.6619318181818182
14 11 118 0.7662337662337663
66 33 726 0.3333333333333333
13 13 141 0.834319526627219
13 12 128 0.8205128205128206
32 23 391 0.53125
29 42 942 0.7733990147783252
24 26 453 0.7259615384615384
9 6 48 0.8888888888888888
17 17 223 0.7716262975778546
6 11 66 1.0
30 34 720 0.7058823529411765
21 24 384 0.7619047619047619
18 23 336 0.8115942028985508
27 30 579 0.7148148148148148
10 17 160 0.9411764705882353
25 33 635 0.7696969696969697
38 34 764 0.5913312693498451
30 39 870 0.7435897435897436
25 24 410 0.6833333333333332
43 54 1619 0.6972437553832903
10 13 120 0.9230769230769231
43 53 1576 0.6915313734093901
7 4 27 0.9642857142857143
20 18 255 0.7083333333333334
48 55 1737 0.6579545454545455
32 30 609 0.634375
44 57 1767 0.7045454545454545
22 20 304 0.6909090909090909
21 17 237 0.6638655462184875
19 21 308 0.7719298245614035
22 23 370 0.7312252964426876
25 34 660 0.776470588235294
35 42 1035 0.7040816326530612
9 7 57 0.9047619047619048
16 14 169 0.7544642857142857
21 30 510 0.8095238095238095
19 19 270 0.7479224376731303
19 16 213 0.7006578947368421
44 47 1327 0.6416827852998066
40 37 885 0.597972972972973
17 18 240 0.7843137254901961
35 41 1000 0.6968641114982579
27 39 822 0.7806267806267806
30 40 900 0.75
18 22 318 0.8030303030303031
8 5 37 0.925
48 62 2073 0.6965725806451613
32 37 833 0.7035472972972973
79 73 3066 0.5316455696202531
64 66 2513 0.5949337121212122
9 10 84 0.9333333333333333
39 40 999 0.6403846153846154
46 47 1342 0.6207215541165587
42 43 1140 0.6312292358803987
55 73 2790 0.6948941469489415
25 28 510 0.7285714285714285
103 90 4545 0.4902912621359223
70 71 2890 0.5814889336016097
30 27 510 0.6296296296296297
5 4 20 1.0
50 50 1510 0.604
3 3 9 1.0
15 17 210 0.8235294117647058
15 4 30 0.5
48 59 1929 0.6811440677966102
11 12 117 0.8863636363636364
42 57 1728 0.7218045112781956
18 16 210 0.7291666666666666
10 16 150 0.9375
12 15 159 0.8833333333333333
46 62 2032 0.7124824684431977
22 23 370 0.7312252964426876
20 24 375 0.78125
13 17 193 0.8733031674208145
27 28 525 0.6944444444444444
16 23 313 0.8505434782608695
30 34 720 0.7058823529411765
20 29 475 0.8189655172413793
17 24 342 0.8382352941176471
25 21 335 0.6380952380952382
43 40 1017 0.5912790697674419
12 15 159 0.8833333333333333
42 54 1602 0.7063492063492064
66 66 2526 0.5798898071625345
18 15 192 0.711111111111111
28 31 615 0.7085253456221199
14 16 188 0.8392857142857143
14 20 244 0.8714285714285713
19 21 308 0.7719298245614035
31 33 698 0.6823069403714564
43 41 1060 0.6012478729438457
31 28 543 0.6255760368663594
15 23 300 0.8695652173913043
24 32 597 0.77734375
45 45 1245 0.6148148148148148
51 63 2178 0.6778711484593837
14 8 76 0.6785714285714286
64 74 3025 0.6387246621621622
45 71 2415 0.7558685446009389
22 25 414 0.7527272727272727
26 33 648 0.7552447552447552
35 43 1070 0.7109634551495017
31 31 636 0.6618106139438085
51 46 1311 0.5588235294117647
35 44 1105 0.7175324675324676
26 35 700 0.7692307692307693
39 48 1311 0.7003205128205128
42 48 1350 0.6696428571428572
50 62 2110 0.6806451612903226
13 20 232 0.8923076923076924
7 9 62 0.9841269841269842
34 37 852 0.6772655007949125
22 22 348 0.71900826446281
30 37 810 0.7297297297297297
29 29 565 0.6718192627824019
21 26 426 0.7802197802197802
22 16 216 0.6136363636363636
9 14 120 0.9523809523809524
48 54 1689 0.6516203703703703
30 32 660 0.6875
42 42 1098 0.6224489795918368
16 18 233 0.8090277777777778
29 23 391 0.5862068965517241
18 20 282 0.7833333333333333
7 12 83 0.9880952380952381
40 40 1005 0.628125
10 9 80 0.8888888888888888
73 88 4146 0.6453922789539228
73 81 3635 0.6147471672585828
53 39 975 0.4716981132075472
63 67 2568 0.6083866382373845
44 44 1195 0.6172520661157025
32 25 450 0.5625
15 15 180 0.8
28 29 559 0.6884236453201971
8 9 69 0.9583333333333334
39 47 1272 0.6939443535188216
86 98 5188 0.6155671570953962
31 42 977 0.7503840245775729
101 94 4935 0.5198019801980198
39 48 1311 0.7003205128205128
106 98 5341 0.5141509433962264
57 73 2835 0.6813266041816871
25 26 460 0.7076923076923076
42 55 1644 0.7116883116883117
25 36 710 0.7888888888888889
19 18 251 0.7339181286549707
50 34 765 0.45
18 21 300 0.7936507936507937
41 42 1092 0.6341463414634146
27 30 579 0.7148148148148148
36 52 1407 0.7516025641025641
16 15 185 0.7708333333333334
32 30 609 0.634375
34 42 1022 0.7156862745098039
11 10 95 0.8636363636363636
30 42 960 0.7619047619047619
54 64 2280 0.6597222222222222
31 34 729 0.6916508538899431
26 23 388 0.6488294314381271
14 22 272 0.8831168831168831
28 33 671 0.7261904761904763
26 34 674 0.7624434389140271
19 24 365 0.8004385964912281
31 42 977 0.7503840245775729
24 33 621 0.7840909090909091
12 8 75 0.78125
32 40 929 0.72578125
43 41 1060 0.6012478729438457
30 32 660 0.6875
14 14 160 0.8163265306122449
16 16 201 0.78515625
37 36 836 0.6276276276276276
9 9 75 0.925925925925926
78 83 3846 0.5940685820203893
74 32 688 0.2905405405405405
40 55 1605 0.7295454545454545
23 22 353 0.6976284584980237
19 21 308 0.7719298245614035
41 59 1789 0.739561802397685
11 17 172 0.9197860962566845
57 60 2094 0.612280701754386
14 18 216 0.8571428571428572
22 22 348 0.71900826446281
55 80 3175 0.7215909090909091
96 93 4833 0.5413306451612904
63 82 3513 0.6800232288037166
12 11 111 0.8409090909090909
48 71 2505 0.7350352112676056
24 27 477 0.7361111111111112
40 55 1605 0.7295454545454545
21 41 741 0.8606271777003484
13 8 76 0.7307692307692307
55 64 2295 0.6519886363636364
77 88 4220 0.6227863046044864
24 20 309 0.64375
35 49 1280 0.7463556851311953
77 71 2911 0.5324675324675324
31 39 884 0.7311827956989247
37 55 1539 0.7562653562653563
10 10 90 0.9
54 47 1363 0.537037037037037
27 30 579 0.7148148148148148
36 35 795 0.6309523809523809
33 36 810 0.6818181818181819
24 26 453 0.7259615384615384
37 42 1058 0.6808236808236808
13 15 167 0.8564102564102565
41 49 1379 0.686411149825784
43 47 1318 0.6521523998020782
11 8 73 0.8295454545454546
51 59 1974 0.6560319042871385
36 42 1047 0.6924603174603174
23 37 698 0.8202115158636898
16 21 281 0.8363095238095238
32 26 481 0.578125
49 51 1553 0.6214485794317727
22 29 502 0.786833855799373
38 45 1182 0.6912280701754386
33 28 546 0.5909090909090909
27 30 579 0.7148148148148148
43 49 1404 0.6663502610346465
36 43 1083 0.6996124031007752
17 8 76 0.5588235294117647
45 69 2325 0.748792270531401
59 79 3230 0.6929843381248659
13 6 51 0.6538461538461539
10 11 100 0.9090909090909091
46 54 1664 0.6698872785829307
10 16 150 0.9375
31 29 574 0.6384872080088988
49 63 2141 0.6935536119209589
13 10 102 0.7846153846153846
9 10 84 0.9333333333333333
96 35 805 0.23958333333333331
62 57 1938 0.5483870967741935
29 33 681 0.7115987460815046
57 85 3519 0.7263157894736842
28 27 503 0.6653439153439153
28 33 671 0.7261904761904763
31 49 1194 0.7860434496379197
15 11 120 0.7272727272727273
62 68 2620 0.6214421252371917
51 72 2637 0.7181372549019608
21 18 258 0.6825396825396826
13 13 141 0.834319526627219
32 42 993 0.7388392857142857
33 35 777 0.6727272727272727
31 32 667 0.6723790322580645
18 25 372 0.8266666666666667
21 23 363 0.7515527950310559
19 27 422 0.8226120857699805
16 15 185 0.7708333333333334
27 25 444 0.6577777777777777
17 17 223 0.7716262975778546
54 58 1956 0.6245210727969348
25 27 485 0.7185185185185184
14 13 146 0.8021978021978022
22 27 458 0.771043771043771
84 84 3975 0.5633503401360545
44 39 975 0.5681818181818182
61 57 1937 0.5570894449237849
13 13 141 0.834319526627219
51 42 1113 0.5196078431372549
43 51 1490 0.6794345645234838
21 23 363 0.7515527950310559
27 25 444 0.6577777777777777
35 30 615 0.5857142857142857
77 79 3527 0.5798125924708203
54 55 1794 0.604040404040404
33 38 876 0.6985645933014354
17 24 342 0.8382352941176471
37 39 947 0.6562716562716562
6 9 54 1.0
62 70 2744 0.632258064516129
39 52 1467 0.7233727810650887
27 33 660 0.7407407407407407
48 56 1785 0.6640625
15 22 285 0.8636363636363636
17 19 257 0.7956656346749226
64 74 3025 0.6387246621621622
61 84 3584 0.6994535519125683
65 90 4080 0.6974358974358974
18 13 156 0.6666666666666666
31 38 853 0.7241086587436333
42 53 1560 0.7008086253369272
30 38 840 0.7368421052631579
26 31 596 0.739454094292804
55 65 2350 0.6573426573426573
23 30 537 0.7782608695652175
23 29 514 0.7706146926536732
63 36 846 0.373015873015873
30 42 960 0.7619047619047619
19 29 460 0.8348457350272231
41 66 2076 0.7671840354767184
20 27 435 0.8055555555555556
23 35 652 0.8099378881987578
14 18 216 0.8571428571428572
42 54 1602 0.7063492063492064
20 30 495 0.825
12 17 183 0.8970588235294118
11 19 194 0.9282296650717704
18 14 174 0.6904761904761905
66 78 3318 0.6445221445221445
41 51 1461 0.6987087517934003
44 53 1591 0.6822469982847341
24 17 238 0.5833333333333333
61 72 2852 0.6493624772313297
52 74 2767 0.719074844074844
31 34 729 0.6916508538899431
34 31 648 0.6148007590132827
32 43 1025 0.7449127906976745
21 24 384 0.7619047619047619
22 9 90 0.45454545454545453
50 45 1260 0.5599999999999999
38 46 1220 0.6979405034324944
56 67 2477 0.6601812366737739
94 95 5014 0.561478163493841
93 88 4356 0.532258064516129
27 28 525 0.6944444444444444
19 22 327 0.7822966507177033
12 11 111 0.8409090909090909
34 38 886 0.6857585139318886
54 67 2442 0.6749585406301825
51 56 1821 0.6376050420168067
20 19 275 0.7236842105263158
22 22 348 0.71900826446281
42 58 1770 0.7266009852216749
12 14 147 0.875
25 27 485 0.7185185185185184
26 29 544 0.7214854111405835
10 11 100 0.9090909090909091
16 12 137 0.7135416666666666
55 78 3065 0.7144522144522144
28 45 1007 0.7992063492063493
14 17 202 0.8487394957983193
12 9 87 0.8055555555555556
16 14 169 0.7544642857142857
24 25 429 0.715
11 12 117 0.8863636363636364
33 41 975 0.7206208425720622
23 28 491 0.7624223602484472
8 10 77 0.9625
27 40 849 0.7861111111111111
21 28 468 0.7959183673469388
26 37 752 0.7817047817047817
23 23 376 0.7107750472589792
24 28 501 0.7455357142857143
20 27 435 0.8055555555555556
21 28 468 0.7959183673469388
16 17 217 0.7977941176470589
67 45 1260 0.417910447761194
68 79 3419 0.6364482501861505
15 17 210 0.8235294117647058
25 18 261 0.58
17 21 291 0.8151260504201681
30 31 630 0.6774193548387096
21 18 258 0.6825396825396826
24 22 357 0.6761363636363636
22 25 414 0.7527272727272727
19 28 441 0.8289473684210525
6 7 42 1.0
75 35 805 0.30666666666666664
35 30 615 0.5857142857142857
42 44 1182 0.6396103896103896
24 21 333 0.6607142857142857
35 33 720 0.6233766233766235
52 50 1519 0.5842307692307692
45 50 1470 0.6533333333333333
53 71 2635 0.7002391708743024
35 36 825 0.6547619047619048
15 16 195 0.8125
29 28 536 0.6600985221674877
40 46 1245 0.6766304347826086
44 45 1239 0.6257575757575757
37 34 762 0.6057233704292527
34 33 716 0.6381461675579323
32 30 609 0.634375
17 21 291 0.8151260504201681
13 13 141 0.834319526627219
19 28 441 0.8289473684210525
20 22 335 0.7613636363636364
24 24 405 0.703125
66 51 1581 0.46969696969696967
30 39 870 0.7435897435897436
19 23 346 0.7917620137299771
28 27 503 0.6653439153439153
37 40 984 0.6648648648648648
52 55 1779 0.622027972027972
13 17 193 0.8733031674208145
28 27 503 0.6653439153439153
27 19 285 0.5555555555555556
13 14 154 0.8461538461538461
61 57 1937 0.5570894449237849
15 17 210 0.8235294117647058
26 29 544 0.7214854111405835
16 13 153 0.7355769230769231
31 33 698 0.6823069403714564
89 91 4613 0.5695764909248056
41 42 1092 0.6341463414634146
24 27 477 0.7361111111111112
41 46 1256 0.6659597030752916
47 58 1865 0.6841526045487893
15 14 165 0.7857142857142857
32 44 1057 0.7507102272727273
38 28 546 0.5131578947368421
19 14 175 0.6578947368421053
34 29 580 0.5882352941176471
51 50 1515 0.5941176470588235
28 26 475 0.6524725274725275
16 16 201 0.78515625
17 16 206 0.7573529411764706
22 25 414 0.7527272727272727
22 30 524 0.7939393939393938
34 48 1226 0.7512254901960785
58 80 3262 0.7030172413793103
