15 23 317 0.9188405797101449
4 6 24 1.0
41 43 1202 0.681792399319342
38 35 865 0.650375939849624
29 30 639 0.7344827586206897
30 32 707 0.7364583333333333
26 29 583 0.7732095490716181
33 26 533 0.6212121212121212
27 29 593 0.7573435504469986
24 27 512 0.7901234567901234
19 24 390 0.8552631578947368
38 37 941 0.6692745376955903
32 36 852 0.7395833333333334
10 15 147 0.98
6 9 54 1.0
49 67 2422 0.7377398720682303
34 32 737 0.6773897058823529
50 61 2147 0.7039344262295082
28 36 798 0.7916666666666666
36 51 1430 0.7788671023965141
43 53 1649 0.7235629662132514
28 24 462 0.6875
48 49 1532 0.6513605442176871
13 7 76 0.8351648351648351
8 10 80 1.0
37 36 897 0.6734234234234234
48 50 1580 0.6583333333333333
21 20 329 0.7833333333333333
42 44 1253 0.678030303030303
18 22 341 0.861111111111111
34 31 703 0.6669829222011385
19 22 352 0.8421052631578948
38 41 1093 0.7015404364569962
39 41 1103 0.6898061288305191
15 24 332 0.9222222222222222
4 7 28 1.0
74 82 3857 0.6356295319709954
35 28 602 0.6142857142857142
47 52 1664 0.6808510638297872
36 37 926 0.6951951951951951
51 56 1910 0.6687675070028012
32 29 628 0.6767241379310345
36 42 1106 0.7314814814814815
23 19 317 0.7254004576659039
13 14 167 0.9175824175824177
4 6 24 1.0
14 12 147 0.875
32 33 756 0.7159090909090909
41 48 1407 0.7149390243902439
27 25 485 0.7185185185185184
27 34 728 0.7930283224400871
31 37 871 0.7593722755013078
43 45 1305 0.6744186046511628
40 38 992 0.6526315789473685
60 57 2042 0.5970760233918129
27 27 539 0.7393689986282579
34 37 907 0.7209856915739269
16 14 188 0.8392857142857143
19 22 352 0.8421052631578948
33 35 830 0.7186147186147186
30 34 767 0.7519607843137255
35 33 777 0.6727272727272727
13 22 271 0.9475524475524476
52 73 2806 0.7391991570073762
59 79 3335 0.7155116927697919
28 36 798 0.7916666666666666
40 58 1792 0.7724137931034483
58 70 2785 0.6859605911330049
42 57 1799 0.7514619883040936
53 61 2198 0.6798639034952056
38 47 1321 0.7396416573348265
21 32 581 0.8645833333333334
40 54 1632 0.7555555555555555
41 46 1325 0.7025450689289502
55 62 2282 0.669208211143695
27 30 620 0.7654320987654321
100 100 5722 0.5722
10 9 87 0.9666666666666666
23 25 455 0.791304347826087
6 7 42 1.0
32 46 1172 0.7961956521739131
20 20 322 0.805
21 26 455 0.8333333333333334
20 27 462 0.8555555555555556
25 32 647 0.80875
17 13 176 0.7963800904977376
60 85 3722 0.7298039215686274
34 40 1009 0.7419117647058824
21 30 539 0.8555555555555556
24 29 560 0.8045977011494252
29 31 668 0.7430478309232481
52 58 2026 0.6717506631299734
46 60 2019 0.7315217391304347
33 34 797 0.7103386809269162
18 17 251 0.8202614379084967
50 52 1697 0.6526923076923077
24 32 632 0.8229166666666666
22 25 445 0.8090909090909091
28 31 658 0.7580645161290323
43 61 1993 0.7598170034311856
15 21 287 0.9111111111111111
52 56 1922 0.6600274725274725
23 24 432 0.782608695652174
33 37 896 0.7338247338247339
42 49 1463 0.7108843537414966
42 60 1925 0.763888888888889
30 34 767 0.7519607843137255
32 35 820 0.7321428571428571
33 21 378 0.5454545454545455
34 33 771 0.6871657754010695
53 50 1615 0.6094339622641509
30 35 797 0.7590476190476191
56 72 2856 0.7083333333333334
6 8 48 1.0
95 100 5672 0.5970526315789474
33 37 896 0.7338247338247339
53 66 2463 0.7041166380789022
52 61 2182 0.6878940731399747
24 38 776 0.8508771929824562
76 99 5178 0.6881977671451356
56 72 2856 0.7083333333333334
53 77 3046 0.7463856897819162
47 54 1758 0.6926713947990544
28 38 854 0.8026315789473685
22 33 621 0.8553719008264462
41 69 2268 0.8016967126193002
40 68 2192 0.8058823529411764
23 36 708 0.855072463768116
27 35 755 0.798941798941799
11 17 181 0.9679144385026737
58 55 1915 0.6003134796238244
28 30 630 0.75
19 26 428 0.8663967611336033
72 80 3680 0.638888888888889
35 37 917 0.7081081081081081
48 61 2108 0.7199453551912568
30 45 1097 0.8125925925925926
77 82 3899 0.6175166297117516
40 58 1792 0.7724137931034483
61 76 3205 0.6913287316652287
10 12 117 0.975
28 40 910 0.8125
24 27 512 0.7901234567901234
26 32 661 0.7944711538461539
38 50 1435 0.7552631578947369
21 35 644 0.8761904761904762
20 31 542 0.8741935483870968
47 62 2134 0.7323266986959506
24 27 512 0.7901234567901234
45 48 1457 0.674537037037037
24 32 632 0.8229166666666666
26 32 661 0.7944711538461539
15 17 227 0.8901960784313725
18 25 395 0.8777777777777778
8 8 64 1.0
44 58 1886 0.7390282131661443
38 48 1359 0.7450657894736842
34 42 1077 0.7542016806722689
36 35 854 0.6777777777777777
29 26 523 0.693633952254642
19 22 352 0.8421052631578948
17 19 278 0.8606811145510835
59 72 2922 0.6878531073446328
39 40 1064 0.6820512820512821
27 30 620 0.7654320987654321
35 46 1232 0.7652173913043478
43 50 1520 0.7069767441860465
14 16 203 0.90625
51 72 2726 0.7423747276688454
30 33 737 0.7444444444444445
16 19 268 0.881578947368421
98 100 5705 0.5821428571428572
54 65 2429 0.692022792022792
37 32 749 0.6326013513513513
10 18 177 0.9833333333333333
46 49 1513 0.6712511091393079
61 53 1802 0.5573770491803278
50 50 1597 0.6388
19 23 371 0.8489702517162472
45 56 1817 0.721031746031746
27 28 566 0.7486772486772486
50 76 2897 0.7623684210526316
43 44 1262 0.6670190274841438
5 5 25 1.0
42 57 1799 0.7514619883040936
24 29 560 0.8045977011494252
16 23 332 0.9021739130434783
51 48 1502 0.6135620915032679
49 65 2324 0.7296703296703297
16 18 252 0.875
42 37 959 0.617117117117117
20 23 382 0.8304347826086957
42 53 1631 0.7327044025157233
42 47 1379 0.698581560283688
100 100 5722 0.5722
36 42 1106 0.7314814814814815
32 36 852 0.7395833333333334
43 46 1348 0.6814964610717896
17 19 278 0.8606811145510835
40 42 1152 0.6857142857142857
14 13 161 0.8846153846153846
66 69 2843 0.6242863416776461
13 16 193 0.9278846153846154
13 12 141 0.9038461538461539
32 36 852 0.7395833333333334
29 43 1016 0.8147554129911788
24 23 416 0.753623188405797
9 9 80 0.9876543209876544
17 17 244 0.8442906574394464
6 8 48 1.0
30 37 857 0.7720720720720721
21 23 392 0.8115942028985508
18 29 467 0.8946360153256705
27 32 674 0.7800925925925926
10 14 137 0.9785714285714285
25 36 747 0.83
38 48 1359 0.7450657894736842
30 37 857 0.7720720720720721
25 24 447 0.745
43 45 1305 0.6744186046511628
10 13 127 0.9769230769230769
43 60 1950 0.7558139534883721
7 9 63 1.0
20 24 402 0.8375
48 57 1916 0.7002923976608186
32 34 788 0.7242647058823529
44 53 1666 0.7144082332761579
22 25 445 0.8090909090909091
21 18 287 0.7592592592592592
19 30 504 0.8842105263157894
22 22 379 0.7830578512396694
25 30 597 0.7959999999999999
35 42 1092 0.7428571428571429
9 7 62 0.9841269841269842
16 17 236 0.8676470588235294
21 31 560 0.8602150537634409
19 20 314 0.8263157894736842
19 17 257 0.7956656346749227
44 44 1270 0.65599173553719
40 42 1152 0.6857142857142857
17 23 346 0.8849104859335037
35 49 1337 0.7795918367346939
27 42 944 0.8324514991181657
30 44 1067 0.8083333333333335
18 22 341 0.861111111111111
8 5 40 1.0
48 47 1436 0.6365248226950355
32 34 788 0.7242647058823529
79 89 4475 0.636467074384867
64 63 2436 0.6041666666666666
9 15 134 0.9925925925925926
39 47 1337 0.729405346426623
46 50 1559 0.6778260869565217
42 38 1001 0.6271929824561403
55 90 3822 0.7721212121212121
25 29 572 0.7889655172413793
103 100 5740 0.5572815533980582
70 75 3297 0.628
30 28 587 0.6988095238095238
5 5 25 1.0
50 57 1947 0.6831578947368421
3 3 9 1.0
15 19 257 0.9017543859649123
15 16 212 0.8833333333333333
48 52 1676 0.6714743589743589
11 17 181 0.9679144385026737
42 60 1925 0.763888888888889
18 22 341 0.861111111111111
10 15 147 0.98
12 15 170 0.9444444444444444
46 65 2249 0.7521739130434782
22 25 445 0.8090909090909091
20 26 442 0.8500000000000001
13 19 232 0.9392712550607287
27 33 701 0.7867564534231201
16 27 396 0.9166666666666666
30 32 707 0.7364583333333333
20 24 402 0.8375
17 27 414 0.9019607843137254
25 28 547 0.7814285714285714
43 40 1090 0.6337209302325582
12 9 98 0.9074074074074073
42 52 1589 0.7275641025641026
66 76 3305 0.6588915470494419
18 22 341 0.861111111111111
28 37 826 0.7972972972972973
14 25 329 0.94
14 20 259 0.925
19 23 371 0.8489702517162472
31 40 964 0.7774193548387097
43 56 1778 0.7383720930232558
31 36 840 0.7526881720430108
15 20 272 0.9066666666666666
24 25 464 0.7733333333333333
45 44 1277 0.6449494949494949
51 59 2063 0.6856098371552011
14 11 133 0.8636363636363636
64 77 3332 0.6761363636363636
45 73 2582 0.7859969558599695
22 29 533 0.835423197492163
26 34 713 0.8065610859728507
35 42 1092 0.7428571428571429
31 33 747 0.7302052785923754
51 57 1961 0.674578603371173
35 46 1232 0.7652173913043478
26 37 791 0.8222453222453222
39 32 752 0.6025641025641025
42 25 500 0.4761904761904762
50 63 2247 0.7133333333333333
13 20 245 0.9423076923076923
7 12 84 1.0
34 45 1179 0.7705882352941177
22 30 555 0.8409090909090909
30 39 917 0.7837606837606838
29 33 726 0.7586206896551725
21 31 560 0.8602150537634409
22 21 357 0.7727272727272727
9 13 116 0.9914529914529915
48 50 1580 0.6583333333333333
30 43 1037 0.8038759689922481
42 48 1421 0.7048611111111112
16 21 300 0.8928571428571429
29 35 784 0.7724137931034483
18 20 305 0.8472222222222221
7 12 84 1.0
40 50 1472 0.736
10 8 77 0.9625
73 85 4060 0.6543110394842868
73 100 5155 0.7061643835616438
53 64 2357 0.6948702830188679
63 75 3185 0.674074074074074
44 49 1490 0.6910946196660483
32 47 1204 0.800531914893617
15 21 287 0.9111111111111111
28 26 518 0.7115384615384616
8 8 64 1.0
39 53 1571 0.7600387034349299
86 100 5519 0.6417441860465116
31 38 902 0.765704584040747
101 100 5729 0.5672277227722773
39 48 1376 0.7350427350427351
106 100 5749 0.5423584905660378
57 66 2537 0.6743753322700691
25 31 622 0.8025806451612902
42 71 2387 0.8004694835680751
25 36 747 0.83
19 22 352 0.8421052631578948
50 50 1597 0.6388
18 22 341 0.861111111111111
41 43 1202 0.681792399319342
27 27 539 0.7393689986282579
36 50 1394 0.7744444444444444
16 17 236 0.8676470588235294
32 34 788 0.7242647058823529
34 43 1111 0.7599179206566348
11 11 115 0.9504132231404959
30 42 1007 0.7992063492063493
54 55 1889 0.636026936026936
31 39 933 0.7717121588089331
26 24 453 0.7259615384615384
14 22 287 0.9318181818181818
28 31 658 0.7580645161290323
26 42 921 0.8434065934065933
19 25 409 0.8610526315789474
31 41 995 0.7828481510621557
24 34 680 0.8333333333333333
12 9 98 0.9074074074074073
32 39 948 0.7596153846153846
43 46 1348 0.6814964610717896
30 43 1037 0.8038759689922481
14 15 189 0.9
16 19 268 0.881578947368421
37 32 749 0.6326013513513513
9 11 98 0.98989898989899
78 86 4223 0.6295468097793679
74 96 4893 0.688766891891892
40 49 1432 0.7306122448979592
23 31 593 0.8316970546984572
19 25 409 0.8610526315789474
41 61 1940 0.7756897241103559
11 28 302 0.9805194805194805
57 67 2594 0.6792354019376801
14 20 259 0.925
22 24 423 0.8011363636363636
55 88 3712 0.7669421487603305
96 100 5684 0.5920833333333334
63 80 3500 0.6944444444444444
12 16 182 0.9479166666666666
48 89 3452 0.8080524344569289
24 29 560 0.8045977011494252
40 51 1512 0.7411764705882352
21 30 539 0.8555555555555556
13 16 193 0.9278846153846154
55 63 2337 0.6744588744588744
77 94 4823 0.6663442940038684
24 23 416 0.753623188405797
35 52 1442 0.7923076923076924
77 100 5285 0.6863636363636364
31 45 1119 0.8021505376344086
37 48 1341 0.7550675675675675
10 10 97 0.97
54 69 2645 0.7098765432098766
27 25 485 0.7185185185185184
36 56 1610 0.798611111111111
33 52 1391 0.8106060606060606
24 28 536 0.7976190476190476
37 44 1193 0.7328009828009828
13 17 206 0.9321266968325792
41 53 1612 0.7418315692590889
43 60 1950 0.7558139534883721
11 11 115 0.9504132231404959
51 68 2522 0.7272202998846597
36 43 1142 0.7377260981912145
23 29 547 0.8200899550224888
16 21 300 0.8928571428571429
32 22 407 0.578125
49 49 1540 0.641399416909621
22 19 313 0.7488038277511961
38 52 1511 0.7646761133603239
33 33 764 0.7015610651974289
27 33 701 0.7867564534231201
43 43 1219 0.6592752839372633
36 49 1358 0.7698412698412698
17 20 295 0.8676470588235293
45 66 2267 0.7632996632996634
59 71 2863 0.6834566722368106
13 7 76 0.8351648351648351
10 11 107 0.9727272727272727
46 44 1283 0.633893280632411
10 17 167 0.9823529411764705
31 38 902 0.765704584040747
49 66 2373 0.7337662337662338
13 17 206 0.9321266968325792
9 10 89 0.9888888888888889
96 91 4820 0.5517399267399268
62 77 3289 0.6889400921658986
29 36 813 0.7787356321839081
57 79 3278 0.7279591383522096
28 29 602 0.7413793103448276
28 30 630 0.75
31 43 1057 0.7929482370592648
15 13 167 0.8564102564102564
62 82 3599 0.7079071597167584
51 70 2624 0.735014005602241
21 20 329 0.7833333333333333
13 18 219 0.9358974358974359
32 41 1012 0.7713414634146342
33 35 830 0.7186147186147186
31 37 871 0.7593722755013078
18 28 449 0.8908730158730158
21 27 476 0.8395061728395062
19 33 561 0.8947368421052632
16 14 188 0.8392857142857143
27 31 647 0.7729988052568697
17 20 295 0.8676470588235293
54 59 2105 0.6607030759573133
25 28 547 0.7814285714285714
14 14 175 0.8928571428571429
22 28 511 0.8295454545454545
84 100 5474 0.6516666666666667
44 42 1182 0.6396103896103896
61 77 3266 0.6953374494358101
13 11 128 0.8951048951048951
51 52 1706 0.6432880844645551
43 58 1864 0.7473937449879711
21 26 455 0.8333333333333334
27 42 944 0.8324514991181657
35 37 917 0.7081081081081081
77 92 4669 0.6590909090909091
54 62 2267 0.6771206690561529
33 37 896 0.7338247338247339
17 28 431 0.9054621848739496
37 36 897 0.6734234234234234
6 10 60 1.0
62 83 3661 0.7114263505635445
39 46 1298 0.7235228539576366
27 38 836 0.8148148148148148
48 64 2252 0.7330729166666666
15 24 332 0.9222222222222222
17 27 414 0.9019607843137254
64 87 3972 0.7133620689655172
61 87 3876 0.7303561334087054
65 100 4847 0.7456923076923077
18 21 323 0.8544973544973544
31 49 1243 0.8183015141540486
42 60 1925 0.763888888888889
30 40 947 0.7891666666666667
26 42 921 0.8434065934065933
55 69 2667 0.7027667984189724
23 33 639 0.841897233201581
23 27 501 0.8067632850241546
63 64 2492 0.6180555555555556
30 40 947 0.7891666666666667
19 28 466 0.8759398496240601
41 71 2350 0.8072827207145311
20 35 622 0.8885714285714286
23 38 754 0.8627002288329519
14 21 273 0.9285714285714286
42 46 1337 0.6920289855072463
20 32 562 0.878125
12 22 254 0.9621212121212122
11 20 214 0.9727272727272727
18 11 143 0.7222222222222222
66 77 3371 0.6633215269578906
41 52 1571 0.7368667917448406
44 54 1710 0.7196969696969697
24 25 464 0.7733333333333333
61 80 3449 0.7067622950819672
52 68 2546 0.7200226244343891
31 32 716 0.7217741935483871
34 37 907 0.7209856915739269
32 39 948 0.7596153846153846
21 27 476 0.8395061728395062
22 27 489 0.8232323232323232
50 55 1847 0.6716363636363636
38 56 1663 0.7814849624060151
56 72 2856 0.7083333333333334
94 100 5659 0.6020212765957447
93 100 5645 0.6069892473118279
27 34 728 0.7930283224400871
19 24 390 0.8552631578947368
12 14 158 0.9404761904761905
34 36 873 0.7132352941176471
54 56 1943 0.642526455026455
51 53 1757 0.6500184979652238
20 22 362 0.8227272727272728
22 29 533 0.835423197492163
42 61 1967 0.7677595628415301
12 15 170 0.9444444444444444
25 31 622 0.8025806451612902
26 38 817 0.826923076923077
10 12 117 0.975
16 8 92 0.71875
55 30 675 0.4090909090909091
28 55 1330 0.8636363636363636
14 19 245 0.9210526315789473
12 9 98 0.9074074074074073
16 23 332 0.9021739130434783
24 19 320 0.7017543859649124
11 18 192 0.9696969696969696
33 37 896 0.7338247338247339
23 35 685 0.8509316770186336
8 10 80 1.0
27 33 701 0.7867564534231201
21 26 455 0.8333333333333334
26 39 843 0.831360946745562
23 33 639 0.841897233201581
24 30 584 0.8111111111111111
20 32 562 0.878125
21 35 644 0.8761904761904762
16 17 236 0.8676470588235294
67 51 1683 0.4925373134328358
68 91 4358 0.7042663219133808
15 18 242 0.8962962962962963
25 23 422 0.7339130434782608
17 22 329 0.8796791443850267
30 32 707 0.7364583333333333
21 21 350 0.7936507936507937
24 31 608 0.8172043010752688
22 24 423 0.8011363636363636
19 31 523 0.8879456706281834
6 7 42 1.0
75 89 4397 0.6587265917602996
35 47 1267 0.7702127659574469
42 61 1967 0.7677595628415301
24 29 560 0.8045977011494252
35 42 1092 0.7428571428571429
52 57 1974 0.6659919028340081
45 50 1547 0.6875555555555556
53 71 2728 0.7249534945522189
35 36 882 0.7
15 20 272 0.9066666666666666
29 35 784 0.7724137931034483
40 52 1552 0.7461538461538461
44 56 1798 0.7297077922077922
37 35 860 0.6640926640926641
34 36 873 0.7132352941176471
32 40 980 0.765625
17 21 312 0.8739495798319327
13 19 232 0.9392712550607287
19 26 428 0.8663967611336033
20 26 442 0.8500000000000001
24 34 680 0.8333333333333333
66 69 2843 0.6242863416776461
30 41 977 0.794308943089431
19 20 314 0.8263157894736842
28 25 490 0.7
37 39 1008 0.6985446985446985
52 56 1922 0.6600274725274725
13 17 206 0.9321266968325792
28 31 658 0.7580645161290323
27 24 458 0.70679012345679
13 15 180 0.9230769230769231
61 75 3144 0.6872131147540983
15 18 242 0.8962962962962963
26 29 583 0.7732095490716181
16 10 124 0.775
31 42 1026 0.7880184331797234
89 100 5579 0.6268539325842696
41 53 1612 0.7418315692590889
24 26 488 0.782051282051282
41 53 1612 0.7418315692590889
47 61 2087 0.7279386117893268
15 24 332 0.9222222222222222
32 40 980 0.765625
38 49 1397 0.7502685284640171
19 20 314 0.8263157894736842
34 35 839 0.7050420168067226
51 57 1961 0.674578603371173
28 27 546 0.7222222222222222
16 17 236 0.8676470588235294
17 16 227 0.8345588235294118
22 24 423 0.8011363636363636
22 27 489 0.8232323232323232
34 43 1111 0.7599179206566348
58 76 3133 0.7107531760435571
