15 24 339 0.9416666666666668
4 6 24 1.0
41 35 907 0.6320557491289198
38 41 1123 0.7207958921694481
29 26 544 0.7214854111405835
30 34 789 0.7735294117647059
26 27 549 0.782051282051282
33 30 690 0.696969696969697
27 33 720 0.8080808080808081
24 26 504 0.8076923076923077
19 20 325 0.8552631578947368
38 33 819 0.65311004784689
32 44 1132 0.8039772727272727
10 16 159 0.99375
6 9 54 1.0
49 75 2855 0.7768707482993197
34 48 1307 0.8008578431372548
50 58 2039 0.7031034482758621
28 36 818 0.8115079365079365
36 52 1494 0.7980769230769231
43 54 1727 0.743755383290267
28 29 622 0.7660098522167488
48 51 1668 0.6813725490196079
13 10 120 0.923076923076923
8 27 216 1.0
37 33 815 0.6674856674856675
48 54 1812 0.6990740740740741
21 21 363 0.8231292517006802
42 50 1539 0.7328571428571429
18 22 351 0.8863636363636364
34 36 899 0.7344771241830066
19 28 477 0.8966165413533834
38 34 857 0.663312693498452
39 35 900 0.6593406593406593
15 23 324 0.9391304347826087
4 7 28 1.0
74 84 4071 0.6549227799227799
35 41 1084 0.7554006968641115
47 62 2173 0.745710363761153
36 37 954 0.7162162162162162
51 63 2310 0.7189542483660131
32 34 812 0.7463235294117647
36 40 1062 0.7375
23 24 447 0.8097826086956522
13 20 250 0.9615384615384615
4 6 24 1.0
14 16 209 0.9330357142857143
32 40 1004 0.784375
41 49 1481 0.7371826779492285
27 26 531 0.7564102564102565
27 34 747 0.8137254901960784
31 41 1018 0.8009441384736428
43 58 1899 0.7614274258219728
40 45 1304 0.7244444444444444
60 70 2874 0.6842857142857143
27 37 828 0.8288288288288289
34 36 899 0.7344771241830066
16 16 228 0.890625
19 22 363 0.8684210526315789
33 46 1218 0.8023715415019762
30 44 1089 0.825
35 41 1084 0.7554006968641115
13 10 120 0.923076923076923
52 35 910 0.5
59 82 3563 0.736461347664324
28 36 818 0.8115079365079365
40 53 1624 0.7660377358490567
58 77 3241 0.7257053291536051
42 53 1665 0.747978436657682
53 57 2031 0.6722939424031779
38 51 1503 0.7755417956656347
21 25 447 0.8514285714285714
40 47 1384 0.7361702127659575
41 44 1276 0.7073170731707317
55 67 2604 0.7066485753052917
27 32 693 0.8020833333333334
100 79 3792 0.48000000000000004
10 7 69 0.9857142857142858
23 24 447 0.8097826086956522
6 7 42 1.0
32 32 748 0.73046875
20 22 374 0.85
21 27 489 0.8624338624338624
20 34 614 0.9029411764705882
25 33 689 0.8351515151515151
17 13 185 0.8371040723981901
60 40 1140 0.475
34 34 831 0.7188581314878892
21 35 657 0.8938775510204081
24 36 744 0.8611111111111112
29 30 660 0.7586206896551724
52 72 2798 0.7473290598290598
46 57 1919 0.7318840579710145
33 38 954 0.7607655502392344
18 27 441 0.9074074074074074
50 59 2089 0.708135593220339
24 30 600 0.8333333333333334
22 28 525 0.8522727272727273
28 32 706 0.7879464285714286
43 50 1555 0.7232558139534884
15 20 279 0.93
52 62 2278 0.706575682382134
23 29 562 0.8425787106446777
33 43 1119 0.788583509513742
42 54 1707 0.7526455026455027
42 54 1707 0.7526455026455027
30 32 729 0.759375
32 37 908 0.7668918918918919
33 36 888 0.7474747474747475
34 33 797 0.7103386809269162
53 54 1872 0.6540880503144655
30 37 879 0.7918918918918919
56 84 3576 0.7602040816326531
6 6 36 1.0
95 100 5759 0.6062105263157895
33 42 1086 0.7835497835497834
53 68 2614 0.7253052164261932
52 65 2434 0.7201183431952662
24 34 696 0.8529411764705882
76 100 5322 0.7002631578947368
56 70 2792 0.7122448979591837
53 79 3197 0.7635538571769764
47 52 1703 0.6968085106382979
28 41 958 0.8344947735191638
22 26 481 0.8409090909090909
41 70 2342 0.81602787456446
40 58 1824 0.7862068965517242
23 34 677 0.8657289002557544
27 39 882 0.8376068376068375
11 9 96 0.9696969696969696
58 65 2545 0.6750663129973475
28 27 566 0.7486772486772487
19 26 439 0.888663967611336
72 94 4752 0.7021276595744681
35 33 804 0.6961038961038961
48 60 2100 0.7291666666666666
30 44 1089 0.825
77 74 3352 0.5882765882765884
40 47 1384 0.7361702127659575
61 68 2770 0.6677917068466731
10 11 109 0.990909090909091
28 30 650 0.7738095238095238
24 25 480 0.8
26 36 783 0.8365384615384616
38 50 1465 0.7710526315789474
21 40 762 0.9071428571428571
20 28 494 0.8821428571428571
47 52 1703 0.6968085106382979
24 24 456 0.7916666666666666
45 49 1539 0.6979591836734694
24 34 696 0.8529411764705882
26 35 757 0.8318681318681319
15 19 264 0.9263157894736843
18 27 441 0.9074074074074074
8 8 64 1.0
44 50 1570 0.7136363636363636
38 50 1465 0.7710526315789474
34 44 1171 0.7827540106951871
36 40 1062 0.7375
29 27 573 0.7318007662835249
19 20 325 0.8552631578947368
17 19 287 0.8885448916408669
59 65 2560 0.6675358539765319
39 45 1290 0.7350427350427351
27 30 639 0.788888888888889
35 46 1259 0.7819875776397515
43 58 1899 0.7614274258219728
14 18 237 0.9404761904761904
51 44 1341 0.5975935828877005
30 34 789 0.7735294117647059
16 20 292 0.9125
98 100 5795 0.5913265306122448
54 73 2907 0.7374429223744292
37 24 492 0.5540540540540541
10 19 189 0.994736842105263
46 50 1597 0.6943478260869566
61 62 2404 0.6356425171866738
50 55 1889 0.6869090909090909
19 23 382 0.8741418764302059
45 63 2169 0.7650793650793651
27 29 612 0.7816091954022989
50 61 2189 0.7177049180327869
43 45 1340 0.6925064599483204
5 5 25 1.0
42 63 2085 0.7879818594104309
24 30 600 0.8333333333333334
16 23 340 0.9239130434782609
51 46 1443 0.6150895140664961
49 61 2169 0.7256607561057209
16 17 244 0.8970588235294118
42 38 1035 0.6484962406015038
20 26 454 0.8730769230769231
42 47 1413 0.7158054711246201
42 52 1623 0.7431318681318682
100 100 5814 0.5814
36 37 954 0.7162162162162162
32 39 972 0.7788461538461539
43 55 1770 0.748414376321353
17 17 253 0.8754325259515571
40 50 1504 0.752
14 14 181 0.923469387755102
66 79 3561 0.6829689298043728
13 16 198 0.9519230769230769
13 12 146 0.9358974358974358
32 35 844 0.7535714285714286
29 45 1095 0.839080459770115
24 26 504 0.8076923076923077
9 6 54 1.0
17 18 270 0.8823529411764706
6 9 54 1.0
30 33 759 0.7666666666666667
21 25 447 0.8514285714285714
18 26 423 0.9038461538461539
27 30 639 0.788888888888889
10 10 99 0.99
25 32 664 0.83
38 36 933 0.6820175438596492
30 35 819 0.78
25 23 439 0.7634782608695652
43 64 2157 0.7837936046511628
10 12 119 0.9916666666666667
43 51 1598 0.7286821705426356
7 9 63 1.0
20 22 374 0.85
48 53 1764 0.6933962264150944
32 34 812 0.7463235294117647
44 52 1658 0.7246503496503496
22 28 525 0.8522727272727273
21 18 300 0.7936507936507937
19 29 496 0.9001814882032668
22 23 415 0.8201581027667985
25 37 789 0.8529729729729729
35 43 1154 0.7667774086378737
9 9 81 1.0
16 17 244 0.8970588235294118
21 28 510 0.8673469387755102
19 20 325 0.8552631578947368
19 25 420 0.8842105263157894
44 47 1438 0.6953578336557059
40 42 1184 0.7047619047619048
17 22 338 0.9037433155080214
35 44 1189 0.772077922077922
27 40 909 0.8416666666666666
30 43 1059 0.8209302325581395
18 23 369 0.8913043478260869
8 5 40 1.0
48 53 1764 0.6933962264150944
32 42 1068 0.7946428571428571
79 82 3993 0.6163939487496141
64 68 2812 0.6461397058823529
9 15 135 1.0
39 47 1368 0.7463175122749591
46 56 1873 0.7270962732919255
42 40 1119 0.6660714285714285
55 92 3979 0.7863636363636364
25 28 564 0.8057142857142857
103 100 5835 0.566504854368932
70 74 3289 0.6349420849420849
30 28 609 0.725
5 5 25 1.0
50 61 2189 0.7177049180327869
3 3 9 1.0
15 15 204 0.9066666666666666
15 14 189 0.9
48 53 1764 0.6933962264150944
11 15 162 0.9818181818181818
42 58 1875 0.769704433497537
18 21 333 0.8809523809523809
10 14 139 0.9928571428571429
12 15 174 0.9666666666666667
46 64 2241 0.7612092391304348
22 23 415 0.8201581027667985
20 23 394 0.8565217391304347
13 17 211 0.9547511312217194
27 33 720 0.8080808080808081
16 23 340 0.9239130434782609
30 37 879 0.7918918918918919
20 32 574 0.896875
17 30 474 0.9294117647058824
25 24 464 0.7733333333333333
43 54 1727 0.743755383290267
12 14 162 0.9642857142857143
42 42 1203 0.6819727891156463
66 97 4749 0.7417994376757263
18 19 297 0.868421052631579
28 45 1070 0.8492063492063492
14 21 279 0.9489795918367346
14 23 307 0.953416149068323
19 22 363 0.8684210526315789
31 47 1204 0.8263555250514756
43 56 1813 0.752906976744186
31 34 801 0.7599620493358634
15 26 369 0.9461538461538462
24 27 528 0.8148148148148148
45 53 1719 0.7207547169811321
51 70 2667 0.7470588235294118
14 11 139 0.9025974025974026
64 89 4156 0.7296348314606742
45 74 2664 0.8
22 25 459 0.8345454545454545
26 32 679 0.8161057692307693
35 47 1294 0.7866261398176291
31 38 925 0.7852292020373515
51 71 2718 0.7506213753106877
35 49 1364 0.7953352769679299
26 39 861 0.8491124260355029
39 58 1797 0.7944297082228118
42 59 1917 0.7736077481840195
50 71 2689 0.7574647887323944
13 19 237 0.9595141700404858
7 10 70 1.0
34 45 1205 0.7875816993464052
22 34 657 0.8783422459893048
30 37 879 0.7918918918918919
29 32 718 0.7737068965517241
21 27 489 0.8624338624338624
22 24 437 0.8276515151515151
9 10 90 1.0
48 55 1860 0.7045454545454546
30 36 849 0.7861111111111111
42 48 1455 0.7217261904761906
16 22 324 0.9204545454545454
29 40 950 0.8189655172413793
18 20 315 0.875
7 12 84 1.0
40 50 1504 0.752
10 14 139 0.9928571428571429
73 82 3906 0.6525225526227865
73 100 5220 0.7150684931506849
53 58 2084 0.6779440468445024
63 84 3807 0.7193877551020409
44 50 1570 0.7136363636363636
32 44 1132 0.8039772727272727
15 20 279 0.93
28 31 678 0.7811059907834101
8 7 56 1.0
39 44 1251 0.7290209790209791
86 55 1980 0.41860465116279066
31 41 1018 0.8009441384736428
101 33 825 0.2475247524752475
39 52 1563 0.7707100591715977
106 100 5847 0.5516037735849056
57 68 2700 0.6965944272445821
25 37 789 0.8529729729729729
42 62 2043 0.7845622119815668
25 39 839 0.8605128205128205
19 25 420 0.8842105263157894
50 52 1739 0.6688461538461539
18 21 333 0.8809523809523809
41 43 1235 0.7005104934770278
27 24 477 0.7361111111111112
36 27 594 0.6111111111111112
16 15 212 0.8833333333333333
32 30 684 0.7125
34 42 1103 0.7724089635854341
11 9 96 0.9696969696969696
30 41 999 0.8121951219512195
54 47 1503 0.5921985815602837
31 40 987 0.7959677419354839
26 26 523 0.7736686390532544
14 23 307 0.953416149068323
28 34 762 0.8004201680672269
26 39 861 0.8491124260355029
19 25 420 0.8842105263157894
31 48 1235 0.8299731182795699
24 33 672 0.8484848484848485
12 8 90 0.9375
32 46 1196 0.8125
43 54 1727 0.743755383290267
30 41 999 0.8121951219512195
14 13 167 0.9175824175824177
16 19 276 0.9078947368421053
37 37 963 0.7034331628926224
9 13 117 1.0
78 92 4761 0.6634615384615384
74 83 3997 0.6507652230543797
40 53 1624 0.7660377358490567
23 24 447 0.8097826086956522
19 23 382 0.8741418764302059
41 47 1399 0.7259989621172808
11 22 239 0.9876033057851239
57 50 1674 0.5873684210526315
14 19 251 0.9436090225563909
22 26 481 0.8409090909090909
55 84 3539 0.766017316017316
96 100 5772 0.60125
63 83 3744 0.7160068846815835
12 10 114 0.95
48 40 1140 0.59375
24 33 672 0.8484848484848485
40 45 1304 0.7244444444444444
21 25 447 0.8514285714285714
13 14 172 0.945054945054945
55 42 1239 0.5363636363636364
77 81 3891 0.6238576238576239
24 27 528 0.8148148148148148
35 49 1364 0.7953352769679299
77 100 5354 0.6953246753246753
31 39 956 0.7907361455748553
37 50 1444 0.7805405405405405
10 17 169 0.9941176470588234
54 50 1665 0.6166666666666667
27 34 747 0.8137254901960784
36 62 1854 0.8306451612903226
33 48 1284 0.8106060606060606
24 26 504 0.8076923076923077
37 44 1222 0.7506142506142506
13 14 172 0.945054945054945
41 52 1604 0.7523452157598499
43 52 1641 0.7338998211091234
11 10 107 0.9727272727272727
51 65 2412 0.7276018099547512
36 32 774 0.671875
23 28 539 0.8369565217391305
16 23 340 0.9239130434782609
32 32 748 0.73046875
49 51 1679 0.6718687474989995
22 26 481 0.8409090909090909
38 57 1731 0.7991689750692521
33 29 657 0.6865203761755486
27 44 1017 0.856060606060606
43 45 1340 0.6925064599483204
36 56 1638 0.8125
17 18 270 0.8823529411764706
45 89 3339 0.8337078651685393
59 88 3917 0.7544298921417565
13 7 81 0.8901098901098902
10 12 119 0.9916666666666667
46 65 2287 0.7648829431438128
10 16 159 0.99375
31 38 925 0.7852292020373515
49 68 2512 0.7539015606242496
13 20 250 0.9615384615384615
9 10 90 1.0
96 47 1504 0.3333333333333333
62 82 3653 0.71852871754524
29 37 863 0.804287045666356
57 85 3669 0.7572755417956656
28 31 678 0.7811059907834101
28 30 650 0.7738095238095238
31 40 987 0.7959677419354839
15 13 174 0.8923076923076922
62 70 2909 0.6702764976958525
51 46 1443 0.6150895140664961
21 25 447 0.8514285714285714
13 20 250 0.9615384615384615
32 46 1196 0.8125
33 35 855 0.7402597402597403
31 35 832 0.7668202764976959
18 26 423 0.9038461538461539
21 27 489 0.8624338624338624
19 31 534 0.9066213921901528
16 15 212 0.8833333333333333
27 37 828 0.8288288288288289
17 24 372 0.9117647058823529
54 53 1827 0.6383647798742139
25 28 564 0.8057142857142857
14 15 195 0.9285714285714286
22 26 481 0.8409090909090909
84 82 4038 0.5862369337979094
44 55 1790 0.7396694214876033
61 74 3136 0.6947275143996455
13 9 107 0.9145299145299144
51 48 1545 0.6311274509803921
43 57 1856 0.7572419420644635
21 25 447 0.8514285714285714
27 33 720 0.8080808080808081
35 40 1049 0.7492857142857143
77 92 4738 0.6688311688311689
54 73 2907 0.7374429223744292
33 37 921 0.7542997542997544
17 25 389 0.9152941176470588
37 39 1037 0.7186417186417187
6 9 54 1.0
62 68 2785 0.6605787476280836
39 62 1953 0.8076923076923077
27 46 1071 0.8623188405797101
48 57 1956 0.7149122807017544
15 19 264 0.9263157894736843
17 26 406 0.9185520361990951
64 81 3644 0.7029320987654321
61 98 4600 0.7694881231180997
65 98 4774 0.7494505494505495
18 26 423 0.9038461538461539
31 48 1235 0.8299731182795699
42 58 1875 0.769704433497537
30 38 909 0.7973684210526316
26 34 731 0.826923076923077
55 58 2109 0.661128526645768
23 37 746 0.8766157461809635
23 28 539 0.8369565217391305
63 67 2736 0.6481876332622601
30 41 999 0.8121951219512195
19 35 610 0.9172932330827068
41 90 3162 0.8569105691056911
20 29 514 0.8862068965517241
23 41 838 0.8886532343584305
14 22 293 0.9512987012987012
42 69 2337 0.8064182194616978
20 34 614 0.9029411764705882
12 24 282 0.9791666666666666
11 18 195 0.9848484848484849
18 12 171 0.7916666666666666
66 88 4155 0.715392561983471
41 68 2260 0.8106169296987088
44 80 2890 0.8210227272727273
24 27 528 0.8148148148148148
61 77 3319 0.7066212476048541
52 93 3890 0.804383788254756
31 40 987 0.7959677419354839
34 46 1239 0.7921994884910485
32 38 940 0.7730263157894737
21 28 510 0.8673469387755102
22 37 723 0.8882063882063883
50 59 2089 0.708135593220339
38 52 1541 0.7798582995951417
56 78 3240 0.7417582417582417
94 100 5745 0.6111702127659574
93 100 5730 0.6161290322580645
27 32 693 0.8020833333333334
19 22 363 0.8684210526315789
12 9 102 0.9444444444444444
34 37 933 0.7416534181240063
54 66 2529 0.7095959595959597
51 77 3024 0.770053475935829
20 28 494 0.8821428571428571
22 22 393 0.8119834710743802
42 49 1497 0.7274052478134111
12 15 174 0.9666666666666667
25 33 689 0.8351515151515151
26 41 913 0.8564727954971857
10 11 109 0.990909090909091
16 30 452 0.9416666666666667
55 76 3099 0.7413875598086124
28 45 1070 0.8492063492063492
14 17 223 0.9369747899159664
12 11 126 0.9545454545454546
16 19 276 0.9078947368421053
24 28 552 0.8214285714285714
11 12 129 0.9772727272727272
33 37 921 0.7542997542997544
23 27 516 0.8309178743961353
8 9 72 1.0
27 32 693 0.8020833333333334
21 30 552 0.8761904761904762
26 42 939 0.8598901098901098
23 45 930 0.898550724637681
24 31 624 0.8387096774193549
20 32 574 0.896875
21 34 636 0.8907563025210083
16 11 148 0.8409090909090909
67 78 3515 0.672598545732874
68 87 4146 0.7008113590263692
15 16 219 0.9125
25 36 764 0.8488888888888888
17 20 304 0.8941176470588236
30 31 699 0.7516129032258064
21 23 405 0.8385093167701863
24 38 792 0.868421052631579
22 31 591 0.8665689149560117
19 30 515 0.9035087719298246
6 8 48 1.0
75 92 4689 0.6795652173913044
35 45 1224 0.777142857142857
42 48 1455 0.7217261904761906
24 25 480 0.8
35 46 1259 0.7819875776397515
52 57 2018 0.6808367071524966
45 50 1584 0.7040000000000001
53 64 2402 0.7081367924528302
35 46 1259 0.7819875776397515
15 16 219 0.9125
29 34 776 0.7870182555780932
40 44 1264 0.7181818181818183
44 53 1702 0.7298456260720412
37 43 1185 0.7448145820238843
34 39 1001 0.7549019607843137
32 36 876 0.7604166666666666
17 26 406 0.9185520361990951
13 12 146 0.9358974358974358
19 26 439 0.888663967611336
20 20 334 0.835
24 29 576 0.8275862068965517
66 72 3099 0.6521464646464646
30 39 939 0.8025641025641026
19 22 363 0.8684210526315789
28 23 454 0.7049689440993789
37 44 1222 0.7506142506142506
52 64 2382 0.7157451923076923
13 16 198 0.9519230769230769
28 34 762 0.8004201680672269
27 32 693 0.8020833333333334
13 13 159 0.9408284023668638
61 70 2892 0.6772833723653395
15 18 249 0.9222222222222223
26 33 705 0.8216783216783217
16 9 116 0.8055555555555556
31 35 832 0.7668202764976959
89 100 5660 0.6359550561797753
41 54 1686 0.7615176151761518
24 30 600 0.8333333333333334
41 49 1481 0.7371826779492285
47 67 2408 0.76468720228644
15 18 249 0.9222222222222223
32 37 908 0.7668918918918919
38 33 819 0.65311004784689
19 19 306 0.8476454293628809
34 33 797 0.7103386809269162
51 56 1953 0.6838235294117647
28 30 650 0.7738095238095238
16 17 244 0.8970588235294118
17 17 253 0.8754325259515571
22 29 547 0.8573667711598746
22 32 613 0.8707386363636364
34 48 1307 0.8008578431372548
58 79 3357 0.7326494980357923
