15 18 242 0.8962962962962963
4 6 24 1.0
41 30 675 0.5487804878048781
38 37 941 0.6692745376955903
29 27 552 0.7049808429118775
30 26 527 0.6756410256410257
26 24 453 0.7259615384615384
33 34 797 0.7103386809269162
27 24 458 0.70679012345679
24 18 296 0.6851851851851852
19 17 257 0.7956656346749227
38 33 789 0.6291866028708134
32 38 916 0.7532894736842105
10 14 137 0.9785714285714285
6 8 48 1.0
49 50 1589 0.6485714285714286
34 28 601 0.6313025210084033
50 46 1397 0.6073913043478261
28 36 798 0.7916666666666666
36 48 1322 0.7650462962962963
43 42 1176 0.6511627906976744
28 27 546 0.7222222222222222
48 44 1292 0.6117424242424243
13 10 115 0.8846153846153847
8 5 40 1.0
37 34 823 0.6542130365659777
48 52 1676 0.6714743589743589
21 23 392 0.8115942028985508
42 47 1379 0.698581560283688
18 21 323 0.8544973544973544
34 30 669 0.6558823529411765
19 15 219 0.768421052631579
38 35 865 0.650375939849624
39 36 908 0.6467236467236467
15 23 317 0.9188405797101449
4 7 28 1.0
74 82 3857 0.6356295319709954
35 31 707 0.6516129032258065
47 48 1476 0.6542553191489362
36 35 854 0.6777777777777777
51 52 1706 0.6432880844645551
32 25 500 0.625
36 33 782 0.6582491582491582
23 20 340 0.7391304347826086
13 8 89 0.8557692307692307
4 6 24 1.0
14 19 245 0.9210526315789473
32 41 1012 0.7713414634146342
41 43 1202 0.681792399319342
27 23 431 0.6940418679549115
27 33 701 0.7867564534231201
31 36 840 0.7526881720430108
43 48 1434 0.6947674418604651
40 43 1192 0.6930232558139535
60 50 1625 0.5416666666666666
27 29 593 0.7573435504469986
34 28 601 0.6313025210084033
16 19 268 0.881578947368421
19 21 333 0.8345864661654135
33 28 599 0.6482683982683983
30 34 767 0.7519607843137255
35 32 742 0.6625
13 16 193 0.9278846153846154
52 47 1454 0.5949263502454991
59 73 2981 0.6921290921755282
28 36 798 0.7916666666666666
40 41 1112 0.6780487804878049
58 57 2031 0.6143375680580762
42 58 1841 0.7557471264367817
53 61 2198 0.6798639034952056
38 38 979 0.6779778393351801
21 24 413 0.8194444444444445
40 49 1432 0.7306122448979592
41 49 1448 0.7207565953210553
55 60 2172 0.6581818181818182
27 22 404 0.6801346801346801
100 91 4823 0.5299999999999999
10 13 127 0.9769230769230769
23 26 478 0.7993311036789298
6 6 36 1.0
32 36 852 0.7395833333333334
20 17 262 0.7705882352941176
21 28 497 0.8452380952380952
20 29 502 0.8655172413793104
25 27 522 0.7733333333333333
17 12 159 0.7794117647058824
60 50 1625 0.5416666666666666
34 35 839 0.7050420168067226
21 29 518 0.8505747126436782
24 32 632 0.8229166666666666
29 28 581 0.7155172413793104
52 53 1766 0.6407837445573294
46 64 2203 0.7483016304347826
33 44 1127 0.7761707988980716
18 21 323 0.8544973544973544
50 55 1847 0.6716363636363636
24 27 512 0.7901234567901234
22 24 423 0.8011363636363636
28 30 630 0.75
43 52 1606 0.7182468694096601
15 16 212 0.8833333333333333
52 53 1766 0.6407837445573294
23 22 386 0.7628458498023716
33 39 962 0.7474747474747475
42 42 1169 0.6626984126984127
42 53 1631 0.7327044025157233
30 32 707 0.7364583333333333
32 30 660 0.6875
33 37 896 0.7338247338247339
34 39 975 0.7352941176470588
53 41 1148 0.5283018867924528
30 25 497 0.6626666666666666
56 51 1680 0.5882352941176471
6 4 24 1.0
95 100 5672 0.5970526315789474
33 30 665 0.6717171717171717
53 56 1933 0.6512803234501348
52 62 2234 0.6929280397022333
24 36 728 0.8425925925925926
76 89 4418 0.653163808397398
56 78 3192 0.7307692307692307
53 74 2887 0.7361040285568587
47 62 2134 0.7323266986959506
28 39 882 0.8076923076923077
22 23 401 0.7924901185770751
41 54 1653 0.7466124661246613
40 65 2072 0.7969230769230768
23 36 708 0.855072463768116
27 34 728 0.7930283224400871
11 11 115 0.9504132231404959
58 71 2843 0.6903836813987372
28 34 742 0.7794117647058824
19 25 409 0.8610526315789474
72 57 2052 0.5
35 43 1127 0.7488372093023257
48 59 2012 0.7104519774011299
30 44 1067 0.8083333333333335
77 60 2250 0.487012987012987
40 55 1672 0.7599999999999999
61 59 2168 0.6023895526535148
10 13 127 0.9769230769230769
28 40 910 0.8125
24 24 440 0.7638888888888888
26 31 635 0.7878411910669976
38 42 1131 0.7086466165413534
21 27 476 0.8395061728395062
20 22 362 0.8227272727272728
47 53 1711 0.6868727418707347
24 29 560 0.8045977011494252
45 48 1457 0.674537037037037
24 32 632 0.8229166666666666
26 32 661 0.7944711538461539
15 13 167 0.8564102564102564
18 21 323 0.8544973544973544
8 7 56 1.0
44 39 1050 0.6118881118881119
38 43 1169 0.715422276621787
34 42 1077 0.7542016806722689
36 34 818 0.6683006535947712
29 20 350 0.603448275862069
19 23 371 0.8489702517162472
17 13 176 0.7963800904977376
59 59 2155 0.619074978454467
39 40 1064 0.6820512820512821
27 34 728 0.7930283224400871
35 54 1512 0.8
43 51 1563 0.7127222982216143
14 9 105 0.8333333333333334
51 52 1706 0.6432880844645551
30 34 767 0.7519607843137255
16 19 268 0.881578947368421
98 95 5215 0.5601503759398496
54 64 2375 0.6872106481481481
37 31 712 0.6207497820401046
10 15 147 0.98
46 51 1605 0.6841432225063938
61 51 1683 0.5409836065573771
50 50 1597 0.6388
19 22 352 0.8421052631578948
45 52 1637 0.6995726495726496
27 29 593 0.7573435504469986
50 64 2297 0.7178125
43 37 961 0.6040226272784412
5 4 20 1.0
42 53 1631 0.7327044025157233
24 29 560 0.8045977011494252
16 23 332 0.9021739130434783
51 48 1502 0.6135620915032679
49 61 2128 0.711943793911007
16 13 172 0.8269230769230769
42 37 959 0.617117117117117
20 21 342 0.8142857142857144
42 48 1421 0.7048611111111112
42 40 1085 0.6458333333333333
100 69 2898 0.42
36 37 926 0.6951951951951951
32 30 660 0.6875
43 47 1391 0.6882731321128154
17 21 312 0.8739495798319327
40 37 952 0.6432432432432432
14 12 147 0.875
66 55 1925 0.5303030303030303
13 13 154 0.9112426035502958
13 12 141 0.9038461538461539
32 26 532 0.6394230769230769
29 40 929 0.8008620689655173
24 23 416 0.753623188405797
9 6 53 0.9814814814814815
17 16 227 0.8345588235294118
6 7 42 1.0
30 37 857 0.7720720720720721
21 24 413 0.8194444444444445
18 26 413 0.8824786324786325
27 34 728 0.7930283224400871
10 12 117 0.975
25 36 747 0.83
38 44 1207 0.72188995215311
30 36 827 0.7657407407407407
25 24 447 0.745
43 48 1434 0.6947674418604651
10 12 117 0.975
43 45 1305 0.6744186046511628
7 5 35 1.0
20 23 382 0.8304347826086957
48 48 1484 0.6440972222222222
32 28 596 0.6651785714285714
44 52 1622 0.708916083916084
22 22 379 0.7830578512396694
21 18 287 0.7592592592592592
19 22 352 0.8421052631578948
22 24 423 0.8011363636363636
25 31 622 0.8025806451612902
35 41 1057 0.7365853658536585
9 9 80 0.9876543209876544
16 16 220 0.859375
21 27 476 0.8395061728395062
19 19 295 0.8171745152354571
19 18 276 0.8070175438596492
44 48 1446 0.6846590909090909
40 42 1152 0.6857142857142857
17 21 312 0.8739495798319327
35 31 707 0.6516129032258065
27 37 809 0.8098098098098098
30 37 857 0.7720720720720721
18 22 341 0.861111111111111
8 6 48 1.0
48 43 1244 0.6027131782945737
32 32 724 0.70703125
79 65 2600 0.5063291139240506
64 67 2692 0.6277985074626866
9 12 107 0.9907407407407408
39 37 947 0.6562716562716563
46 48 1467 0.6644021739130435
42 43 1211 0.6705426356589147
55 62 2282 0.669208211143695
25 28 547 0.7814285714285714
103 94 5123 0.529126213592233
70 70 2947 0.6014285714285714
30 29 617 0.7091954022988506
5 4 20 1.0
50 51 1647 0.6458823529411765
3 3 9 1.0
15 14 182 0.8666666666666666
15 12 152 0.8444444444444444
48 44 1292 0.6117424242424243
11 13 137 0.9580419580419581
42 60 1925 0.763888888888889
18 20 305 0.8472222222222221
10 15 147 0.98
12 15 170 0.9444444444444444
46 69 2433 0.7665406427221172
22 23 401 0.7924901185770751
20 24 402 0.8375
13 23 284 0.9498327759197325
27 29 593 0.7573435504469986
16 24 348 0.90625
30 35 797 0.7590476190476191
20 28 482 0.8607142857142858
17 24 363 0.8897058823529411
25 25 472 0.7552
43 38 1004 0.6144430844553244
12 12 134 0.9305555555555555
42 55 1715 0.7424242424242424
66 59 2183 0.5606060606060607
18 19 287 0.8391812865497076
28 27 546 0.7222222222222222
14 18 231 0.9166666666666666
14 22 287 0.9318181818181818
19 19 295 0.8171745152354571
31 41 995 0.7828481510621557
43 36 918 0.5930232558139534
31 39 933 0.7717121588089331
15 16 212 0.8833333333333333
24 23 416 0.753623188405797
45 45 1322 0.6528395061728395
51 56 1910 0.6687675070028012
14 7 77 0.7857142857142857
64 64 2500 0.6103515625
45 63 2132 0.7520282186948853
22 31 577 0.8460410557184751
26 35 739 0.8120879120879121
35 43 1127 0.7488372093023257
31 26 530 0.6575682382133995
51 52 1706 0.6432880844645551
35 49 1337 0.7795918367346939
26 37 791 0.8222453222453222
39 37 947 0.6562716562716563
42 54 1673 0.7376543209876544
50 60 2097 0.699
13 21 258 0.945054945054945
7 9 63 1.0
34 37 907 0.7209856915739269
22 27 489 0.8232323232323232
30 35 797 0.7590476190476191
29 31 668 0.7430478309232481
21 25 434 0.8266666666666667
22 17 269 0.7192513368983957
9 14 125 0.9920634920634921
48 58 1964 0.7054597701149425
30 25 497 0.6626666666666666
42 45 1295 0.6851851851851851
16 20 284 0.8875
29 33 726 0.7586206896551725
18 23 359 0.8671497584541062
7 12 84 1.0
40 45 1272 0.7066666666666667
10 7 67 0.9571428571428572
73 72 3111 0.5918949771689497
73 77 3476 0.6183953033268101
53 42 1197 0.5377358490566038
63 64 2492 0.6180555555555556
44 43 1226 0.6479915433403806
32 32 724 0.70703125
15 19 257 0.9017543859649123
28 24 462 0.6875
8 8 64 1.0
39 44 1220 0.710955710955711
86 98 5347 0.6344328429046038
31 40 964 0.7774193548387097
101 97 5426 0.5538430131672961
39 46 1298 0.7235228539576366
106 98 5537 0.5330188679245284
57 67 2594 0.6792354019376801
25 32 647 0.80875
42 63 2051 0.7751322751322751
25 25 472 0.7552
19 21 333 0.8345864661654135
50 44 1297 0.5895454545454546
18 22 341 0.861111111111111
41 41 1120 0.6662700773349197
27 27 539 0.7393689986282579
36 45 1214 0.7493827160493827
16 22 316 0.8977272727272727
32 33 756 0.7159090909090909
34 39 975 0.7352941176470588
11 10 104 0.9454545454545455
30 40 947 0.7891666666666667
54 57 1997 0.6487979207277452
31 38 902 0.765704584040747
26 24 453 0.7259615384615384
14 19 245 0.9210526315789473
28 28 574 0.7321428571428571
26 34 713 0.8065610859728507
19 22 352 0.8421052631578948
31 30 654 0.7032258064516129
24 28 536 0.7976190476190476
12 6 62 0.8611111111111112
32 36 852 0.7395833333333334
43 46 1348 0.6814964610717896
30 32 707 0.7364583333333333
14 11 133 0.8636363636363636
16 16 220 0.859375
37 33 786 0.6437346437346437
9 8 71 0.9861111111111112
78 88 4379 0.6379662004662005
74 94 4745 0.6821449108683152
40 43 1192 0.6930232558139535
23 22 386 0.7628458498023716
19 21 333 0.8345864661654135
41 52 1571 0.7368667917448406
11 16 170 0.9659090909090909
57 55 1910 0.6092503987240829
14 17 217 0.9117647058823529
22 22 379 0.7830578512396694
55 78 3162 0.7370629370629371
96 95 5204 0.5706140350877194
63 75 3185 0.674074074074074
12 9 98 0.9074074074074073
48 52 1676 0.6714743589743589
24 28 536 0.7976190476190476
40 64 2032 0.79375
21 25 434 0.8266666666666667
13 13 154 0.9112426035502958
55 51 1677 0.597860962566845
77 94 4823 0.6663442940038684
24 26 488 0.782051282051282
35 46 1232 0.7652173913043478
77 82 3899 0.6175166297117516
31 38 902 0.765704584040747
37 38 971 0.6906116642958748
10 5 47 0.9400000000000001
54 59 2105 0.6607030759573133
27 29 593 0.7573435504469986
36 47 1286 0.760047281323877
33 42 1061 0.7655122655122655
24 21 368 0.7301587301587302
37 39 1008 0.6985446985446985
13 13 154 0.9112426035502958
41 42 1161 0.6742160278745645
43 48 1434 0.6947674418604651
11 10 104 0.9454545454545455
51 57 1961 0.674578603371173
36 34 818 0.6683006535947712
23 25 455 0.791304347826087
16 20 284 0.8875
32 29 628 0.6767241379310345
49 54 1785 0.6746031746031746
22 23 401 0.7924901185770751
38 42 1131 0.7086466165413534
33 33 764 0.7015610651974289
27 31 647 0.7729988052568697
43 40 1090 0.6337209302325582
36 56 1610 0.798611111111111
17 17 244 0.8442906574394464
45 38 1007 0.5888888888888889
59 78 3276 0.711864406779661
13 7 76 0.8351648351648351
10 11 107 0.9727272727272727
46 69 2433 0.7665406427221172
10 16 157 0.98125
31 28 592 0.6820276497695853
49 67 2422 0.7377398720682303
13 12 141 0.9038461538461539
9 9 80 0.9876543209876544
96 92 4916 0.5566123188405797
62 58 2111 0.5870411568409344
29 37 842 0.7847157502329917
57 76 3107 0.7172206832871653
28 26 518 0.7115384615384616
28 33 714 0.7727272727272727
31 37 871 0.7593722755013078
15 11 137 0.8303030303030302
62 64 2483 0.6257560483870968
51 57 1961 0.674578603371173
21 23 392 0.8115942028985508
13 11 128 0.8951048951048951
32 38 916 0.7532894736842105
33 32 731 0.6922348484848485
31 33 747 0.7302052785923754
18 24 377 0.8726851851851851
21 21 350 0.7936507936507937
19 31 523 0.8879456706281834
16 16 220 0.859375
27 23 431 0.6940418679549115
17 20 295 0.8676470588235293
54 61 2213 0.6718275652701882
25 24 447 0.745
14 14 175 0.8928571428571429
22 30 555 0.8409090909090909
84 88 4466 0.6041666666666666
44 48 1446 0.6846590909090909
61 61 2290 0.6154259607632356
13 18 219 0.9358974358974359
51 43 1247 0.5686274509803921
43 51 1563 0.7127222982216143
21 24 413 0.8194444444444445
27 32 674 0.7800925925925926
35 23 437 0.5428571428571428
77 85 4130 0.6310160427807486
54 52 1727 0.61502849002849
33 36 863 0.7264309764309764
17 23 346 0.8849104859335037
37 36 897 0.6734234234234234
6 8 48 1.0
62 67 2669 0.642513240250361
39 52 1532 0.7554240631163709
27 43 971 0.8363479758828596
48 43 1244 0.6027131782945737
15 24 332 0.9222222222222222
17 21 312 0.8739495798319327
64 89 4100 0.7198033707865169
61 77 3266 0.6953374494358101
65 85 3872 0.700814479638009
18 24 377 0.8726851851851851
31 38 902 0.765704584040747
42 50 1505 0.7166666666666667
30 44 1067 0.8083333333333335
26 37 791 0.8222453222453222
55 68 2612 0.6983957219251337
23 33 639 0.841897233201581
23 28 524 0.813664596273292
63 60 2240 0.5925925925925927
30 42 1007 0.7992063492063493
19 20 314 0.8263157894736842
41 70 2309 0.8045296167247388
20 29 502 0.8655172413793104
23 35 685 0.8509316770186336
14 19 245 0.9210526315789473
42 48 1421 0.7048611111111112
20 31 542 0.8741935483870968
12 21 242 0.9603174603174603
11 13 137 0.9580419580419581
18 14 197 0.7817460317460317
66 66 2645 0.607208448117539
41 44 1243 0.6890243902439024
44 49 1490 0.6910946196660483
24 23 416 0.753623188405797
61 68 2717 0.6550144648023144
52 71 2702 0.7318526543878656
31 38 902 0.765704584040747
34 43 1111 0.7599179206566348
32 29 628 0.6767241379310345
21 29 518 0.8505747126436782
22 16 247 0.7017045454545454
50 51 1647 0.6458823529411765
38 41 1093 0.7015404364569962
56 71 2800 0.704225352112676
94 82 3977 0.5159574468085106
93 95 5180 0.5863044708545557
27 28 566 0.7486772486772486
19 26 428 0.8663967611336033
12 10 110 0.9166666666666666
34 29 635 0.6440162271805273
54 59 2105 0.6607030759573133
51 56 1910 0.6687675070028012
20 16 242 0.75625
22 16 247 0.7017045454545454
42 47 1379 0.698581560283688
12 12 134 0.9305555555555555
25 31 622 0.8025806451612902
26 24 453 0.7259615384615384
10 9 87 0.9666666666666666
16 29 428 0.9224137931034483
55 64 2392 0.6795454545454546
28 42 966 0.8214285714285714
14 16 203 0.90625
12 11 122 0.9242424242424242
16 16 220 0.859375
24 21 368 0.7301587301587302
11 18 192 0.9696969696969696
33 32 731 0.6922348484848485
23 32 616 0.8369565217391305
8 9 72 1.0
27 37 809 0.8098098098098098
21 33 602 0.8686868686868687
26 35 739 0.8120879120879121
23 29 547 0.8200899550224888
24 33 656 0.8282828282828283
20 26 442 0.8500000000000001
21 30 539 0.8555555555555556
16 7 77 0.6875
67 68 2786 0.6115013169446883
68 75 3270 0.6411764705882352
15 17 227 0.8901960784313725
25 25 472 0.7552
17 21 312 0.8739495798319327
30 33 737 0.7444444444444445
21 18 287 0.7592592592592592
24 17 272 0.6666666666666667
22 23 401 0.7924901185770751
19 18 276 0.8070175438596492
6 9 54 1.0
75 74 3272 0.5895495495495495
35 31 707 0.6516129032258065
42 45 1295 0.6851851851851851
24 24 440 0.7638888888888888
35 39 987 0.7230769230769231
52 55 1870 0.6538461538461539
45 48 1457 0.674537037037037
53 61 2198 0.6798639034952056
35 29 637 0.6275862068965516
15 15 197 0.8755555555555555
29 25 494 0.6813793103448276
40 41 1112 0.6780487804878049
44 49 1490 0.6910946196660483
37 39 1008 0.6985446985446985
34 32 737 0.6773897058823529
32 37 884 0.7466216216216216
17 21 312 0.8739495798319327
13 14 167 0.9175824175824177
19 30 504 0.8842105263157894
20 22 362 0.8227272727272728
24 38 776 0.8508771929824562
66 76 3305 0.6588915470494419
30 34 767 0.7519607843137255
19 22 352 0.8421052631578948
28 26 518 0.7115384615384616
37 38 971 0.6906116642958748
52 52 1714 0.6338757396449703
13 17 206 0.9321266968325792
28 34 742 0.7794117647058824
27 30 620 0.7654320987654321
13 15 180 0.9230769230769231
61 58 2107 0.5955342001130582
15 17 227 0.8901960784313725
26 29 583 0.7732095490716181
16 10 124 0.775
31 38 902 0.765704584040747
89 93 4956 0.5987676694454512
41 38 997 0.6399229781771502
24 25 464 0.7733333333333333
41 51 1530 0.7317073170731708
47 65 2275 0.7446808510638299
15 22 302 0.9151515151515152
32 38 916 0.7532894736842105
38 20 350 0.46052631578947373
19 16 238 0.7828947368421053
34 30 669 0.6558823529411765
51 45 1349 0.5877995642701525
28 22 406 0.6590909090909091
16 16 220 0.859375
17 16 227 0.8345588235294118
22 12 162 0.6136363636363636
22 38 731 0.8744019138755981
34 38 941 0.728328173374613
58 80 3365 0.7252155172413792
