15 8 99 0.825
4 6 24 1.0
41 33 825 0.6097560975609756
38 24 492 0.5394736842105263
29 23 457 0.6851574212893553
30 25 519 0.6920000000000001
26 21 393 0.7197802197802198
33 32 756 0.7159090909090909
27 20 369 0.6833333333333333
24 17 288 0.7058823529411765
19 16 249 0.819078947368421
38 29 667 0.605263157894737
32 32 748 0.73046875
10 12 119 0.9916666666666667
6 7 42 1.0
49 58 2022 0.7114707952146375
34 19 342 0.5294117647058824
50 47 1489 0.6336170212765958
28 37 846 0.8166023166023166
36 46 1278 0.7717391304347826
43 40 1125 0.6540697674418604
28 28 594 0.7576530612244898
48 44 1332 0.6306818181818182
13 17 211 0.9547511312217194
8 8 64 1.0
37 36 926 0.6951951951951952
48 43 1284 0.622093023255814
21 22 384 0.8311688311688311
42 45 1329 0.7031746031746031
18 20 315 0.875
34 36 899 0.7344771241830066
19 19 306 0.8476454293628809
38 32 781 0.6422697368421053
39 32 783 0.6274038461538461
15 14 189 0.9
4 7 28 1.0
74 63 2520 0.5405405405405406
35 36 909 0.7214285714285714
47 52 1703 0.6968085106382979
36 38 990 0.7236842105263158
51 11 154 0.2745098039215686
32 26 556 0.6682692307692307
36 34 846 0.6911764705882353
23 27 516 0.8309178743961353
13 8 94 0.9038461538461539
4 7 28 1.0
14 17 223 0.9369747899159664
32 34 812 0.7463235294117647
41 28 630 0.548780487804878
27 25 504 0.7466666666666667
27 30 639 0.788888888888889
31 36 863 0.7732974910394266
43 48 1469 0.7117248062015503
40 39 1064 0.6820512820512821
60 51 1734 0.5666666666666667
27 27 558 0.7654320987654322
34 35 865 0.726890756302521
16 15 212 0.8833333333333333
19 22 363 0.8684210526315789
33 30 690 0.696969696969697
30 26 549 0.7038461538461539
35 29 664 0.6541871921182266
13 15 185 0.9487179487179487
52 50 1654 0.6361538461538462
59 77 3268 0.7193484481620075
28 37 846 0.8166023166023166
40 47 1384 0.7361702127659575
58 76 3183 0.7220961887477314
42 59 1917 0.7736077481840195
53 68 2614 0.7253052164261932
38 46 1313 0.7511441647597255
21 25 447 0.8514285714285714
40 52 1584 0.7615384615384616
41 47 1399 0.7259989621172808
55 57 2054 0.6551834130781499
27 30 639 0.788888888888889
100 91 4914 0.54
10 11 109 0.990909090909091
23 24 447 0.8097826086956522
6 7 42 1.0
32 34 812 0.7463235294117647
20 19 314 0.8263157894736842
21 27 489 0.8624338624338624
20 24 414 0.8624999999999999
25 31 639 0.824516129032258
17 8 100 0.7352941176470589
60 61 2334 0.6377049180327868
34 36 899 0.7344771241830066
21 27 489 0.8624338624338624
24 24 456 0.7916666666666666
29 28 602 0.7413793103448275
52 52 1758 0.6501479289940828
46 50 1597 0.6943478260869566
33 33 789 0.7245179063360881
18 16 243 0.84375
50 57 1989 0.6978947368421052
24 27 528 0.8148148148148148
22 32 613 0.8707386363636364
28 29 622 0.7660098522167488
43 48 1469 0.7117248062015503
15 20 279 0.93
52 57 2018 0.6808367071524966
23 26 493 0.8244147157190636
33 34 822 0.732620320855615
42 47 1413 0.7158054711246201
42 55 1749 0.7571428571428572
30 40 969 0.8074999999999999
32 37 908 0.7668918918918919
33 28 624 0.6753246753246753
34 44 1171 0.7827540106951871
53 47 1501 0.6025692492974709
30 30 669 0.7433333333333334
56 46 1449 0.5625
6 7 42 1.0
95 99 5664 0.6022328548644338
33 35 855 0.7402597402597403
53 68 2614 0.7253052164261932
52 63 2330 0.7112332112332113
24 38 792 0.868421052631579
76 98 5170 0.6941460794844253
56 72 2904 0.7202380952380952
53 74 2932 0.747577766445691
47 57 1938 0.7234042553191489
28 39 902 0.8260073260073261
22 26 481 0.8409090909090909
41 62 2014 0.7922895357985839
40 67 2184 0.8149253731343283
23 34 677 0.8657289002557544
27 33 720 0.8080808080808081
11 11 118 0.9752066115702479
58 61 2313 0.6537591859807801
28 34 762 0.8004201680672269
19 21 344 0.8621553884711779
72 49 1617 0.4583333333333333
35 34 839 0.7050420168067227
48 57 1956 0.7149122807017544
30 37 879 0.7918918918918919
77 61 2379 0.5064935064935064
40 46 1344 0.7304347826086957
61 56 2038 0.5966042154566745
10 13 129 0.9923076923076923
28 37 846 0.8166023166023166
24 27 528 0.8148148148148148
26 29 601 0.7970822281167109
38 47 1351 0.7564389697648377
21 33 615 0.8874458874458874
20 26 454 0.8730769230769231
47 41 1186 0.6154644525168655
24 26 504 0.8076923076923077
45 47 1449 0.6851063829787235
24 30 600 0.8333333333333334
26 27 549 0.782051282051282
15 13 174 0.8923076923076922
18 20 315 0.875
8 7 56 1.0
44 33 825 0.5681818181818182
38 44 1237 0.7398325358851675
34 45 1205 0.7875816993464052
36 34 846 0.6911764705882353
29 21 399 0.6551724137931034
19 21 344 0.8621553884711779
17 13 185 0.8371040723981901
59 52 1793 0.584419817470665
39 50 1485 0.7615384615384616
27 31 666 0.7956989247311829
35 50 1399 0.7994285714285714
43 52 1641 0.7338998211091234
14 13 167 0.9175824175824177
51 71 2718 0.7506213753106877
30 33 759 0.7666666666666667
16 20 292 0.9125
98 91 4913 0.5509082753980713
54 73 2907 0.7374429223744292
37 26 559 0.5810810810810811
10 17 169 0.9941176470588234
46 49 1551 0.6881100266193434
61 64 2526 0.6470286885245902
50 50 1639 0.6556000000000001
19 22 363 0.8684210526315789
45 53 1719 0.7207547169811321
27 27 558 0.7654320987654322
50 58 2039 0.7031034482758621
43 44 1297 0.6855179704016913
5 4 20 1.0
42 51 1581 0.7380952380952381
24 28 552 0.8214285714285714
16 17 244 0.8970588235294118
51 45 1392 0.6065359477124183
49 66 2414 0.7464440321583178
16 12 164 0.8541666666666666
42 44 1287 0.6964285714285714
20 27 474 0.8777777777777778
42 42 1203 0.6819727891156463
42 40 1119 0.6660714285714285
100 89 4717 0.53
36 28 630 0.625
32 31 716 0.7217741935483871
43 42 1211 0.6705426356589147
17 18 270 0.8823529411764706
40 39 1064 0.6820512820512821
14 13 167 0.9175824175824177
66 58 2175 0.5681818181818181
13 12 146 0.9358974358974358
13 12 146 0.9358974358974358
32 21 399 0.59375
29 42 1008 0.8275862068965518
24 23 432 0.782608695652174
9 7 63 1.0
17 16 236 0.8676470588235294
6 5 30 1.0
30 36 849 0.7861111111111111
21 26 468 0.8571428571428571
18 25 405 0.9
27 36 801 0.8240740740740741
10 9 89 0.9888888888888889
25 30 614 0.8186666666666667
38 34 857 0.663312693498452
30 34 789 0.7735294117647059
25 22 414 0.7527272727272727
43 52 1641 0.7338998211091234
10 13 129 0.9923076923076923
43 41 1168 0.6625070901871809
7 5 35 1.0
20 18 294 0.8166666666666667
48 51 1668 0.6813725490196079
32 30 684 0.7125
44 49 1526 0.7077922077922078
22 20 349 0.7931818181818182
21 16 258 0.7678571428571429
19 22 363 0.8684210526315789
22 28 525 0.8522727272727273
25 32 664 0.83
35 28 629 0.6418367346938776
9 6 54 1.0
16 16 228 0.890625
21 30 552 0.8761904761904762
19 18 287 0.8391812865497076
19 18 287 0.8391812865497076
44 51 1614 0.7192513368983957
40 37 984 0.664864864864865
17 20 304 0.8941176470588236
35 27 594 0.6285714285714286
27 35 774 0.8190476190476191
30 36 849 0.7861111111111111
18 20 315 0.875
8 6 48 1.0
48 52 1716 0.6875
32 40 1004 0.784375
79 72 3203 0.5631153305203938
64 65 2620 0.6298076923076923
9 12 108 1.0
39 39 1056 0.6942800788954635
46 53 1735 0.7116488925348646
42 49 1497 0.7274052478134111
55 76 3099 0.7413875598086124
25 27 539 0.7985185185185185
103 90 4815 0.5194174757281553
70 58 2175 0.5357142857142857
30 33 759 0.7666666666666667
5 4 20 1.0
50 49 1589 0.6485714285714286
3 3 9 1.0
15 14 189 0.9
15 9 114 0.8444444444444444
48 44 1332 0.6306818181818182
11 12 129 0.9772727272727272
42 60 1959 0.7773809523809524
18 17 261 0.8529411764705882
10 14 139 0.9928571428571429
12 15 174 0.9666666666666667
46 61 2103 0.7494654312188168
22 23 415 0.8201581027667985
20 24 414 0.8624999999999999
13 21 263 0.9633699633699633
27 27 558 0.7654320987654322
16 19 276 0.9078947368421053
30 35 819 0.78
20 30 534 0.89
17 27 423 0.9215686274509804
25 25 489 0.7824
43 31 744 0.5581395348837209
12 8 90 0.9375
42 53 1665 0.747978436657682
66 70 2967 0.6422077922077922
18 17 261 0.8529411764705882
28 41 958 0.8344947735191638
14 14 181 0.923469387755102
14 22 293 0.9512987012987012
19 19 306 0.8476454293628809
31 40 987 0.7959677419354839
43 49 1512 0.7176079734219268
31 27 584 0.6977299880525687
15 20 279 0.93
24 30 600 0.8333333333333334
45 48 1494 0.6916666666666668
51 57 2004 0.6893704850361198
14 11 139 0.9025974025974026
64 83 3772 0.7100903614457831
45 64 2214 0.76875
22 32 613 0.8707386363636364
26 36 783 0.8365384615384616
35 43 1154 0.7667774086378737
31 30 677 0.7279569892473119
51 46 1443 0.6150895140664961
35 50 1399 0.7994285714285714
26 36 783 0.8365384615384616
39 46 1329 0.7408026755852843
42 54 1707 0.7526455026455027
50 63 2289 0.7266666666666667
13 21 263 0.9633699633699633
7 8 56 1.0
34 37 933 0.7416534181240063
22 30 569 0.8621212121212121
30 37 879 0.7918918918918919
29 30 660 0.7586206896551724
21 32 594 0.8839285714285714
22 18 305 0.7702020202020202
9 13 117 1.0
48 59 2052 0.7245762711864406
30 33 759 0.7666666666666667
42 42 1203 0.6819727891156463
16 17 244 0.8970588235294118
29 31 689 0.7664071190211346
18 20 315 0.875
7 12 84 1.0
40 47 1384 0.7361702127659575
10 12 119 0.9916666666666667
73 73 3249 0.6096828673297053
73 64 2592 0.5547945205479452
53 46 1448 0.593929450369155
63 76 3303 0.6898496240601504
44 41 1174 0.6507760532150777
32 30 684 0.7125
15 17 234 0.9176470588235294
28 26 538 0.739010989010989
8 7 56 1.0
39 43 1212 0.7227191413237924
86 96 5253 0.6362645348837209
31 38 925 0.7852292020373515
101 92 5014 0.5396039603960396
39 53 1602 0.7750362844702468
106 96 5424 0.5330188679245284
57 67 2643 0.6920659858601729
25 25 489 0.7824
42 62 2043 0.7845622119815668
25 26 514 0.7907692307692307
19 25 420 0.8842105263157894
50 57 1989 0.6978947368421052
18 21 333 0.8809523809523809
41 43 1235 0.7005104934770278
27 27 558 0.7654320987654322
36 55 1602 0.8090909090909091
16 14 196 0.875
32 34 812 0.7463235294117647
34 41 1069 0.766857962697274
11 7 74 0.961038961038961
30 40 969 0.8074999999999999
54 53 1827 0.6383647798742139
31 33 770 0.7526881720430108
26 20 367 0.7057692307692307
14 20 265 0.9464285714285714
28 31 678 0.7811059907834101
26 37 809 0.840956340956341
19 24 401 0.8793859649122807
31 38 925 0.7852292020373515
24 40 840 0.875
12 8 90 0.9375
32 36 876 0.7604166666666666
43 46 1383 0.6991911021233569
30 28 609 0.725
14 20 265 0.9464285714285714
16 15 212 0.8833333333333333
37 30 704 0.6342342342342343
9 11 99 1.0
78 60 2310 0.4935897435897436
74 57 2109 0.5
40 63 2024 0.8031746031746032
23 30 585 0.8478260869565217
19 24 401 0.8793859649122807
41 62 2014 0.7922895357985839
11 17 184 0.9839572192513368
57 40 1140 0.5
14 20 265 0.9464285714285714
22 24 437 0.8276515151515151
55 88 3759 0.7766528925619834
96 88 4620 0.546875
63 36 954 0.42063492063492064
12 9 102 0.9444444444444444
48 57 1956 0.7149122807017544
24 28 552 0.8214285714285714
40 68 2224 0.8176470588235294
21 25 447 0.8514285714285714
13 9 107 0.9145299145299144
55 52 1779 0.622027972027972
77 92 4738 0.6688311688311689
24 24 456 0.7916666666666666
35 49 1364 0.7953352769679299
77 78 3660 0.6093906093906094
31 29 646 0.7185761957730812
37 42 1148 0.7387387387387387
10 11 109 0.990909090909091
54 68 2637 0.7181372549019608
27 29 612 0.7816091954022989
36 39 1026 0.7307692307692307
33 35 855 0.7402597402597403
24 20 360 0.75
37 35 889 0.6864864864864865
13 12 146 0.9358974358974358
41 44 1276 0.7073170731707317
43 48 1469 0.7117248062015503
11 9 96 0.9696969696969696
51 61 2208 0.7097396335583415
36 39 1026 0.7307692307692307
23 30 585 0.8478260869565217
16 21 308 0.9166666666666666
32 30 684 0.7125
49 43 1287 0.6108210726150926
22 26 481 0.8409090909090909
38 51 1503 0.7755417956656347
33 31 723 0.7067448680351907
27 34 747 0.8137254901960784
43 55 1770 0.748414376321353
36 50 1422 0.79
17 7 84 0.7058823529411765
45 74 2664 0.8
59 80 3445 0.7298728813559322
13 9 107 0.9145299145299144
10 11 109 0.990909090909091
46 65 2287 0.7648829431438128
10 15 149 0.9933333333333334
31 35 832 0.7668202764976959
49 73 2757 0.7707576181157394
13 10 120 0.923076923076923
9 9 81 1.0
96 78 3705 0.4947916666666667
62 54 1917 0.5725806451612903
29 36 834 0.7988505747126436
57 78 3270 0.7354925775978408
28 31 678 0.7811059907834101
28 31 678 0.7811059907834101
31 38 925 0.7852292020373515
15 11 144 0.8727272727272727
62 58 2165 0.6020578420467186
51 59 2106 0.6999002991026919
21 17 279 0.7815126050420168
13 12 146 0.9358974358974358
32 40 1004 0.784375
33 32 756 0.7159090909090909
31 35 832 0.7668202764976959
18 21 333 0.8809523809523809
21 16 258 0.7678571428571429
19 33 572 0.9122807017543859
16 16 228 0.890625
27 21 396 0.6984126984126984
17 21 321 0.8991596638655462
54 57 2043 0.6637426900584795
25 21 389 0.740952380952381
14 14 181 0.923469387755102
22 27 503 0.8468013468013468
84 87 4458 0.6100164203612479
44 48 1482 0.7017045454545454
61 58 2160 0.6105144149236857
13 14 172 0.945054945054945
51 41 1189 0.5686274509803921
43 51 1598 0.7286821705426356
21 23 405 0.8385093167701863
27 30 639 0.788888888888889
35 33 804 0.6961038961038961
77 82 3968 0.6284447260057017
54 68 2637 0.7181372549019608
33 38 954 0.7607655502392344
17 14 202 0.8487394957983193
37 41 1111 0.7323665128543178
6 8 48 1.0
62 63 2475 0.6336405529953918
39 62 1953 0.8076923076923077
27 45 1044 0.8592592592592592
48 50 1620 0.675
15 22 309 0.9363636363636364
17 23 355 0.907928388746803
64 83 3772 0.7100903614457831
61 93 4295 0.7570950114577825
65 89 4189 0.724114088159032
18 21 333 0.8809523809523809
31 41 1018 0.8009441384736428
42 59 1917 0.7736077481840195
30 44 1089 0.825
26 37 809 0.840956340956341
55 80 3319 0.7543181818181818
23 34 677 0.8657289002557544
23 28 539 0.8369565217391305
63 66 2673 0.6428571428571429
30 39 939 0.8025641025641026
19 24 401 0.8793859649122807
41 84 2916 0.8466898954703833
20 26 454 0.8730769230769231
23 41 838 0.8886532343584305
14 20 265 0.9464285714285714
42 54 1707 0.7526455026455027
20 36 654 0.9083333333333334
12 22 258 0.9772727272727273
11 18 195 0.9848484848484849
18 19 297 0.868421052631579
66 83 3825 0.6982475355969332
41 61 1973 0.7888844462215114
44 48 1482 0.7017045454545454
24 31 624 0.8387096774193549
61 59 2221 0.6171158655181995
52 82 3318 0.7781425891181989
31 37 894 0.7794245858761988
34 39 1001 0.7549019607843137
32 42 1068 0.7946428571428571
21 29 531 0.8719211822660098
22 14 217 0.7045454545454545
50 54 1839 0.6811111111111111
38 40 1085 0.7138157894736843
56 69 2736 0.7080745341614907
94 96 5369 0.5949689716312057
93 88 4614 0.563782991202346
27 25 504 0.7466666666666667
19 16 249 0.819078947368421
12 9 102 0.9444444444444444
34 33 797 0.7103386809269162
54 55 1935 0.6515151515151516
51 60 2157 0.7049019607843138
20 11 154 0.7000000000000001
22 20 349 0.7931818181818182
42 43 1245 0.6893687707641196
12 12 138 0.9583333333333334
25 24 464 0.7733333333333333
26 31 653 0.8101736972704715
10 10 99 0.99
16 21 308 0.9166666666666666
55 66 2549 0.7022038567493113
28 38 874 0.8214285714285715
14 22 293 0.9512987012987012
12 9 102 0.9444444444444444
16 18 260 0.9027777777777778
24 28 552 0.8214285714285714
11 14 151 0.9805194805194805
33 27 591 0.6632996632996634
23 27 516 0.8309178743961353
8 9 72 1.0
27 34 747 0.8137254901960784
21 30 552 0.8761904761904762
26 33 705 0.8216783216783217
23 30 585 0.8478260869565217
24 27 528 0.8148148148148148
20 29 514 0.8862068965517241
21 32 594 0.8839285714285714
16 12 164 0.8541666666666666
67 44 1342 0.45522388059701496
68 64 2582 0.5932904411764706
15 16 219 0.9125
25 26 514 0.7907692307692307
17 20 304 0.8941176470588236
30 34 789 0.7735294117647059
21 18 300 0.7936507936507937
24 17 288 0.7058823529411765
22 23 415 0.8201581027667985
19 34 591 0.9148606811145511
6 6 36 1.0
75 43 1290 0.39999999999999997
35 33 804 0.6961038961038961
42 37 993 0.6389961389961389
24 26 504 0.8076923076923077
35 42 1119 0.7612244897959184
52 52 1758 0.6501479289940828
45 51 1629 0.7098039215686275
53 62 2296 0.6987218502738892
35 29 664 0.6541871921182266
15 12 159 0.8833333333333333
29 25 515 0.7103448275862069
40 41 1144 0.6975609756097562
44 50 1570 0.7136363636363636
37 39 1037 0.7186417186417187
34 26 559 0.6323529411764706
32 35 844 0.7535714285714286
17 20 304 0.8941176470588236
13 21 263 0.9633699633699633
19 28 477 0.8966165413533834
20 20 334 0.835
24 37 768 0.8648648648648649
66 65 2637 0.6146853146853146
30 34 789 0.7735294117647059
19 20 325 0.8552631578947368
28 23 454 0.7049689440993789
37 36 926 0.6951951951951952
52 47 1498 0.6129296235679215
13 13 159 0.9408284023668638
28 29 622 0.7660098522167488
27 25 504 0.7466666666666667
13 12 146 0.9358974358974358
61 64 2526 0.6470286885245902
15 13 174 0.8923076923076922
26 34 731 0.826923076923077
16 10 132 0.825
31 36 863 0.7732974910394266
89 44 1342 0.34269662921348315
41 45 1317 0.7138211382113822
24 29 576 0.8275862068965517
41 46 1358 0.7200424178154826
47 64 2267 0.753656914893617
15 13 174 0.8923076923076922
32 32 748 0.73046875
38 34 857 0.663312693498452
19 16 249 0.819078947368421
34 32 763 0.7012867647058824
51 42 1239 0.5784313725490196
28 23 454 0.7049689440993789
16 14 196 0.875
17 14 202 0.8487394957983193
22 21 371 0.803030303030303
22 26 481 0.8409090909090909
34 42 1103 0.7724089635854341
58 74 3067 0.7145852749301025
